 Hurrell PC-Based North Atlantic Oscillation Index (Monthly)
1899  -0.06  -0.70  -1.06  -0.42  -0.60   0.15   0.21  -0.60   0.49   0.20   0.61  -1.09
1900   0.34  -2.55  -1.36   0.53   0.04  -0.25  -0.39  -0.20   0.72   0.17   0.11   0.77
1901   0.26  -2.07  -0.43   0.30  -0.49   0.41  -0.05   0.14  -0.08   0.35  -0.93  -0.42
1902   0.26  -2.38  -0.18  -0.83   0.07  -1.32  -0.59  -0.65  -0.55   0.22  -0.23   0.38
1903   0.23   2.23   2.22  -0.53   0.26  -1.31  -0.49  -0.08  -0.29  -0.56   0.64  -0.21
1904   0.88   0.10   0.10   1.64   0.50  -0.10  -0.21  -0.34  -0.07   0.44  -0.27  -0.17
1905   0.88   1.16   1.16  -0.88   0.63  -0.05   0.07  -0.13   0.10  -0.77  -0.00   0.91
1906   1.03   0.68   0.32   0.86  -0.95  -0.56   0.35  -0.62   0.02   0.56  -0.96   0.39
1907   0.63   1.08   1.74  -0.01  -1.07  -0.17  -1.12  -0.03   0.10  -0.22   0.50  -0.12
1908   0.75   0.75   0.78  -0.55   0.42   0.15  -0.21  -0.14   0.19  -0.15  -0.01   0.36
1909   0.59  -0.32  -2.33   0.21  -1.17  -0.48   0.59   0.48  -0.53  -0.02  -0.66  -1.66
1910   1.04   1.54   0.93  -0.45   0.10  -0.37  -0.45  -0.66  -0.06  -0.09  -2.41  -0.38
1911   0.83   0.92   0.38   0.17   0.90  -0.03  -0.31  -0.18   0.26  -0.26   0.44   0.45
1912  -0.82  -1.56   0.95   0.79   0.59  -0.31  -0.43  -0.58  -0.82   0.32   0.64   1.61
1913   0.54   0.76   2.87   0.83   0.19   0.71  -0.17   0.15  -0.45  -0.48   1.65   0.51
1914  -0.21   1.09   0.25   1.41   1.48   0.79  -0.34   0.06  -0.10   0.15   0.33   0.78
1915  -0.60  -0.32  -2.24   1.31  -0.86  -0.78  -0.35  -0.69  -1.06  -0.56  -1.85  -1.64
1916   1.78   1.05  -2.00  -0.21  -0.57  -0.54   0.28  -0.07  -0.33   1.01  -0.11  -2.25
1917  -1.48   0.03  -0.50  -1.10  -1.10   0.35  -0.36  -0.20   0.92   0.51   0.73  -0.69
1918  -2.19   2.06   0.52  -0.32   0.47   0.64  -0.99   0.10   0.25   0.36  -0.03   0.10
1919  -0.62  -2.15  -0.47   0.49  -0.18   1.10  -0.04   0.69   0.49  -0.75  -1.19   1.06
1920   1.29   1.21   2.54  -1.05   0.52  -0.06   0.97   0.14  -0.00  -0.66   1.08  -1.07
1921   0.90   0.38   2.36   0.13   0.68   0.22   0.02   0.21   0.09   0.24  -0.53   1.27
1922  -0.41   1.40   0.30  -0.44   0.69   1.11   0.34   0.19   0.05  -1.38  -0.07   0.89
1923   0.77  -0.07   0.13  -0.08  -0.12   0.51   0.54  -0.21   0.58   0.96  -0.16   0.44
1924   0.45  -0.73  -2.41  -1.04  -0.05  -0.21   0.38   0.25   0.43   0.05   0.29   1.55
1925   1.52   1.21  -0.37   0.75   0.08   0.37   0.04   0.18   0.25  -0.43  -0.90  -1.31
1926   0.09   0.02   0.38   0.37  -0.95  -0.59   0.17   0.00   0.13  -1.18   0.49  -0.32
1927   1.13   0.33   0.85   0.47  -0.42   0.03   0.01  -0.06  -0.59  -0.76   0.36  -2.07
1928   2.15   1.81  -0.67   0.15  -0.90  -0.64   0.61  -0.26  -0.01   0.50   0.47   0.45
1929  -2.25  -0.48   0.27  -0.74   0.43  -0.24   0.10   0.01   0.47   0.88   0.41   1.41
1930   1.20  -0.13  -0.42  -0.63   0.43   0.56  -0.30  -0.40  -1.30   0.09   0.89   0.38
1931  -0.41   0.26  -2.45   0.27  -0.34  -0.39   0.06  -0.39  -0.51  -0.01   0.82   0.46
1932   1.30  -1.24  -1.38  -0.17  -0.59  -0.47  -0.32   0.31   0.15   0.25   0.61   1.07
1933   0.81  -1.42  -0.33  -0.66  -0.31   0.05   0.41   0.67  -0.55  -0.62  -0.15  -0.18
1934   1.60   1.29   0.98  -0.68   1.12  -0.69  -0.24   0.21   0.07   0.34  -0.01  -0.92
1935  -0.04   1.75  -0.23  -1.17  -0.82   0.05   0.79   0.18  -0.36   1.32   0.41  -1.54
1936  -2.01  -2.25  -1.07  -0.10   0.04   0.25  -0.16   0.45  -0.48   1.03   0.97   1.67
1937   0.67  -0.51  -1.95  -0.05   0.54   0.53  -0.16   0.42   0.50  -0.06  -1.00  -1.23
1938   0.92   0.24   1.71   0.44   0.12   0.89   0.47   0.28   0.45   1.37   1.15  -0.37
1939  -1.35   1.58   0.13  -0.06   0.05  -0.14  -0.31   0.01  -1.10  -0.43   0.44  -1.15
1940  -3.06  -1.80  -1.65  -0.50  -0.37   0.24  -0.13   0.73   0.27  -0.60   0.69   0.27
1941  -2.36  -1.51  -1.17  -0.58   0.23   0.43   0.50  -0.20  -0.39  -0.18  -0.30   0.51
1942   0.13  -3.04  -1.66  -0.28   0.27  -0.36   0.34   0.38   0.77   0.22  -0.41   0.30
1943  -0.96   2.29   0.83   2.24   0.60   0.02   0.04  -1.17   0.16  -0.15   0.11   1.01
1944   1.48  -0.24  -0.47  -0.31   0.88  -0.13  -0.77   0.35   0.48   0.63  -0.90   0.25
1945  -2.72   1.08   0.72  -0.23  -0.05  -0.29  -0.22   0.26   0.10  -0.18  -1.29  -1.64
1946   0.94  -0.35  -0.05   1.09  -0.68   0.82   0.83   0.09   0.37  -0.63  -0.47   0.29
1947   0.07  -5.06  -1.90   2.41   0.07  -0.12   0.64   0.14   1.10   0.25  -2.00  -1.62
1948  -0.16   0.60   2.22   0.63  -0.20  -0.41  -0.33   0.01   0.16   1.03   0.15  -0.15
1949   1.24   2.49  -0.01   1.28  -0.28  -0.41  -0.20   0.12  -0.40   0.64  -0.25   0.55
1950  -0.06   0.88   0.59   0.52  -0.36   0.56  -0.62  -0.08   0.85   0.42  -0.67  -1.44
1951   0.26   0.18  -2.29  -0.57  -0.68  -0.88   0.46   0.10  -0.38   0.28  -0.19   1.95
1952   0.84  -1.31  -2.43   0.71  -1.20   0.15   0.48   0.02  -0.36  -0.30  -1.20  -1.32
1953  -0.01   0.19   0.62  -1.26  -0.38   0.11   0.51   0.34   0.27   0.85   1.69   1.13
1954  -0.14   0.48  -0.19   0.52  -1.26   0.29   0.27  -0.30   0.39   1.07   0.96   1.09
1955  -2.63  -1.98  -1.55  -0.20   0.09  -0.39   0.71   0.58   0.80  -0.57  -1.98  -0.80
1956  -1.51  -1.87   0.38  -1.00   2.17   0.34  -0.56  -0.41  -0.34   0.99   0.66   1.19
1957   2.03  -1.12  -1.85   0.34  -0.49  -0.63  -0.66   0.42  -0.67   1.87  -0.80   0.62
1958  -0.86  -1.94  -3.14   0.21   0.05  -0.97  -0.55  -0.97  -0.29   0.63   0.34  -1.03
1959  -2.23   2.50   1.16   0.07  -0.19   0.19   0.46  -0.37   0.07   0.47  -0.40   0.02
1960  -2.38  -2.82  -1.58   0.15  -0.42   0.10  -0.12  -0.84  -0.03  -1.76  -0.31   0.71
1961  -0.07   1.21   0.80  -1.07   0.23   1.48   0.05   0.84   0.74   0.36  -0.55  -2.47
1962   1.90   0.30  -3.86   0.69  -0.12   0.37  -1.08   0.42  -0.09   0.44  -0.54  -0.31
1963  -3.04  -1.69   0.30  -1.11   1.57  -0.53  -0.41  -0.12   0.76   1.18  -0.91  -1.39
1964   0.06  -0.72  -0.96   0.35   0.66   0.39   1.21  -1.06   0.00   0.52  -0.14   0.01
1965  -0.51  -2.00  -0.93   0.69  -0.56   0.46  -0.16   0.22  -0.14   0.22  -1.70  -0.20
1966  -3.74  -2.06  -0.22  -1.49   0.66   0.47   0.38  -0.94   0.11  -1.58   0.20  -0.03
1967  -1.44   1.56   2.29   0.60  -0.31   1.29   0.27   0.38   0.37   1.19   0.71  -0.93
1968  -0.31  -1.53   1.49  -0.29  -0.70   0.30  -0.64  -0.37  -1.20  -1.50  -1.57  -1.43
1969  -3.28  -2.80  -2.18   0.56  -0.40  -0.06   0.46  -0.72   0.54   0.80   0.29  -0.86
1970  -2.56   0.24  -1.19  -0.22   0.64   0.80   0.43  -0.25   0.19  -0.15  -0.29  -1.00
1971  -1.14   0.38  -1.09  -0.96   0.69  -0.90  -0.25   1.05  -0.06   0.51  -0.10   0.54
1972   0.29  -0.07   0.47   0.11   0.61   0.70  -0.13   0.40  -0.56   0.14   0.44   1.60
1973   0.84   1.34   0.88  -1.20  -0.05   0.62   0.22   0.29  -0.05  -0.43  -0.60   0.12
1974   1.76   0.02   0.14   0.18  -0.65  -0.26   0.56  -0.06   0.53  -0.28  -0.10   1.19
1975   1.36   0.36  -0.28  -0.22  -0.55  -0.26   0.76  -0.11   1.22  -0.37   0.38   0.87
1976   0.49   1.94   1.61   0.11   0.54   0.46  -0.27   0.63  -0.99  -0.45   0.36  -1.42
1977  -2.47  -1.23  -0.10   0.83  -0.20  -0.17  -0.17  -0.77   0.04   0.44   0.94  -0.67
1978   0.72  -3.51   1.45  -1.44   0.28   0.66  -0.51   0.01   0.12   0.88   2.42  -2.36
1979  -2.36  -1.30   0.81  -1.29  -0.01   0.78   0.37   0.11   0.46  -0.67   0.56   1.18
1980  -1.67   0.23  -0.70   0.33  -1.15   0.23  -0.59  -0.71   0.56  -0.67  -1.42   1.05
1981   0.53   0.89  -1.78  -0.07   0.16  -0.34   0.60   0.32  -0.91  -0.56   0.12  -2.17
1982  -1.41   1.15   1.87   0.91  -0.03  -1.16   0.43   0.55   0.58  -0.14   1.93   1.94
1983   2.53  -1.09   0.79  -1.01  -0.37   0.59   0.32   0.96  -0.34   1.40  -1.25   0.58
1984   2.06   0.75  -1.68  -0.35   0.44   0.22   0.14   0.65  -0.02   0.58  -0.39   1.28
1985  -2.68  -1.29  -0.05   0.17  -0.53  -0.48   0.14   0.14  -0.20   0.79  -1.24  -0.95
1986   0.99  -2.79   3.07  -0.62   0.61   0.56   0.13  -0.72  -0.49   2.20   1.60   1.33
1987  -1.53  -1.48  -0.96   0.92   0.31  -0.55  -0.08  -0.81  -0.08   0.10   0.17  -1.29
1988   0.50   0.21  -0.09  -1.41  -0.11   0.37  -0.02   0.42   0.21  -0.20  -0.27   1.28
1989   2.66   3.17   2.11  -0.29   0.91   0.02   0.68   0.70   0.83   0.73  -0.28  -0.85
1990   2.07   3.20   3.07   1.89  -0.18   0.31   0.00   0.45   0.11   0.13  -0.66   1.60
1991   1.37   0.50  -0.81   0.30   0.63  -0.13  -0.21   1.05   0.23  -0.53   0.74   1.50
1992   1.11   1.98   1.73   0.28   0.74  -0.30   0.06   0.66  -0.18  -0.95   1.77   1.21
1993   3.07   1.07   1.19   0.14  -1.52  -0.54  -0.54  -0.19  -0.52  -1.14   1.32   0.85
1994   0.54  -0.63   2.43   0.76  -0.21   1.58   0.56   0.33  -0.50  -0.77   0.44   1.34
1995   0.46   1.91   0.74  -1.06  -0.79  -0.06  -0.04   0.09  -0.21  -0.40  -1.25  -2.41
1996  -1.34  -0.02  -1.19  -0.94  -0.50   0.51   0.73   0.09  -0.90   0.11   0.37  -2.15
1997  -0.56   3.09   2.02  -0.33  -0.49  -1.03  -0.13   0.31   0.21  -1.22  -1.13  -0.51
1998  -1.01   0.55   0.56  -0.44   0.30  -0.93   0.03   0.63  -1.89   0.42  -0.50   1.48
1999   0.70   1.07  -0.89  -0.34   0.42   1.03   0.03  -0.42  -0.22  -0.07   0.96   1.01
2000   1.12   2.87   0.28  -0.62   0.80   0.26  -0.57   0.32   0.46   0.92  -1.08  -1.48
2001  -0.27  -0.31  -1.94   0.49   0.14  -0.30  -0.14   0.57  -0.84   0.60   1.21  -1.55
2002   1.23   1.45   0.78   0.51   0.37   0.61   0.46  -0.22  -0.84  -1.45  -0.58  -1.36
2003  -0.12   0.94   1.09  -0.54   0.77  -0.08  -0.19  -0.24   0.29  -0.58   0.27  -0.14
2004  -1.22  -0.45   0.86   0.41   0.29  -0.23   0.40  -0.47   0.69  -1.01  -0.09   1.93
2005   1.44  -0.70  -1.77  -0.13  -0.36  -0.19   0.08   0.39   0.15  -0.81   0.43  -0.66
2006   0.57  -1.14  -2.34   0.82  -0.43   0.92   0.35  -0.56  -0.33  -1.88   0.78   2.19
2007   1.55  -1.24   1.76   0.27   0.86  -0.91  -0.24  -0.09   0.05   0.36  -0.11   1.12
2008   0.82   1.50   0.49  -1.29  -1.31  -0.72  -0.44  -0.01   0.09   1.22   0.16   0.56
2009   0.57  -1.02   0.24   0.42   1.50  -1.25  -1.04  -0.04   0.99  -1.43   0.42  -3.01
2010  -2.11  -3.97  -0.77  -0.81  -0.73  -0.30   0.10  -0.67  -0.78  -0.59  -1.64  -3.62
2011  -1.37   1.17   0.99   2.31   0.15  -1.16  -0.43  -0.96   0.80   0.54   1.07   2.62
2012   0.79   1.01   1.30  -0.32  -0.35  -1.15  -0.11  -0.43   0.59  -1.64   0.06  -1.54
2013   0.03  -0.96  -4.13   0.24   0.47   0.59   0.11   0.79  -0.28  -0.51   1.10   1.86
2014  -0.09   1.08   1.36   0.26  -0.13  -0.58  -0.23  -0.52   0.18  -0.69  -0.28   1.43
2015   2.02   1.31   2.33   0.82   1.23   0.18  -1.23  -0.43  -0.51   0.01   1.57   1.73
2016  -0.37   1.35   0.98  -0.68   0.14  -0.24  -0.37   0.05   0.65  -1.04  -0.11   1.42
2017   0.17   0.48   1.02  -0.02  -1.07   0.24   0.60   0.18  -999.  -999.  -999.  -999.
