"V1"	"V2"	"V3"	"V4"
249189994	"BRENNA"	19501102	2.5
249189994	"BRENNA"	19501103	3.2
249189994	"BRENNA"	19501105	4.1
249189994	"BRENNA"	19501107	4.6
249189994	"BRENNA"	19501109	2.6
249189994	"BRENNA"	19501110	3.1
249189994	"BRENNA"	19501114	16.2
249189994	"BRENNA"	19501115	28.5
249189994	"BRENNA"	19501117	12
249189994	"BRENNA"	19501124	5
249189994	"BRENNA"	19501126	16.2
249189994	"BRENNA"	19501128	3.8
249189994	"BRENNA"	19501129	4.2
249189994	"BRENNA"	19501203	4
249189994	"BRENNA"	19501207	2
249189994	"BRENNA"	19501208	2.1
249189994	"BRENNA"	19501211	2.3
249189994	"BRENNA"	19501213	1.4
249189994	"BRENNA"	19501214	4.5
249189994	"BRENNA"	19501216	8.2
249189994	"BRENNA"	19501218	16.3
249189994	"BRENNA"	19501223	2.1
249189994	"BRENNA"	19501225	2
249189994	"BRENNA"	19501228	4.2
249189994	"BRENNA"	19510116	20
249189994	"BRENNA"	19510118	8
249189994	"BRENNA"	19510121	22
249189994	"BRENNA"	19510212	0.5
249189994	"BRENNA"	19510217	0.3
249189994	"BRENNA"	19510219	1.2
249189994	"BRENNA"	19510221	2.3
249189994	"BRENNA"	19510223	1.5
249189994	"BRENNA"	19510224	4.3
249189994	"BRENNA"	19510225	2.7
249189994	"BRENNA"	19510226	23.6
249189994	"BRENNA"	19510227	6.2
249189994	"BRENNA"	19510303	6.4
249189994	"BRENNA"	19510308	2.3
249189994	"BRENNA"	19510311	7.1
249189994	"BRENNA"	19510313	8.4
249189994	"BRENNA"	19510321	4
249189994	"BRENNA"	19510324	12.7
249189994	"BRENNA"	19510326	9.5
249189994	"BRENNA"	19510328	4.2
249189994	"BRENNA"	19510330	2.4
249189994	"BRENNA"	19510401	29.3
249189994	"BRENNA"	19510402	19.3
249189994	"BRENNA"	19510408	15.7
249189994	"BRENNA"	19510414	4
249189994	"BRENNA"	19510421	11
249189994	"BRENNA"	19510422	16
249189994	"BRENNA"	19510429	3.2
249189994	"BRENNA"	19510502	2.5
249189994	"BRENNA"	19510503	5.8
249189994	"BRENNA"	19510504	12.5
249189994	"BRENNA"	19510505	29.6
249189994	"BRENNA"	19510506	2.3
249189994	"BRENNA"	19510509	3.4
249189994	"BRENNA"	19510510	77.3
249189994	"BRENNA"	19510511	63
249189994	"BRENNA"	19510514	12.2
249189994	"BRENNA"	19510515	4
249189994	"BRENNA"	19510517	18.4
249189994	"BRENNA"	19510520	2.4
249189994	"BRENNA"	19510521	4.3
249189994	"BRENNA"	19510522	4.6
249189994	"BRENNA"	19510523	3.7
249189994	"BRENNA"	19510528	10.5
249189994	"BRENNA"	19510602	0.2
249189994	"BRENNA"	19510603	4
249189994	"BRENNA"	19510605	2.5
249189994	"BRENNA"	19510606	2.6
249189994	"BRENNA"	19510607	38
249189994	"BRENNA"	19510608	2.5
249189994	"BRENNA"	19510609	2.2
249189994	"BRENNA"	19510611	0.5
249189994	"BRENNA"	19510613	7.4
249189994	"BRENNA"	19510616	6.5
249189994	"BRENNA"	19510622	8.9
249189994	"BRENNA"	19510624	21.5
249189994	"BRENNA"	19510625	9.6
249189994	"BRENNA"	19510628	4
249189994	"BRENNA"	19510703	20
249189994	"BRENNA"	19510709	33
249189994	"BRENNA"	19510712	12.7
249189994	"BRENNA"	19510713	17
249189994	"BRENNA"	19510715	1.7
249189994	"BRENNA"	19510716	6.3
249189994	"BRENNA"	19510717	1.7
249189994	"BRENNA"	19510718	0.6
249189994	"BRENNA"	19510723	2.8
249189994	"BRENNA"	19510724	8.4
249189994	"BRENNA"	19510725	6.3
249189994	"BRENNA"	19510726	26.5
249189994	"BRENNA"	19510727	21.1
249189994	"BRENNA"	19510805	5.5
249189994	"BRENNA"	19510810	1.1
249189994	"BRENNA"	19510811	3
249189994	"BRENNA"	19510814	38.3
249189994	"BRENNA"	19510816	3.4
249189994	"BRENNA"	19510822	0.8
249189994	"BRENNA"	19510823	11.2
249189994	"BRENNA"	19510826	4.5
249189994	"BRENNA"	19510829	5.8
249189994	"BRENNA"	19510904	2.8
249189994	"BRENNA"	19510907	11.2
249189994	"BRENNA"	19510908	0.3
249189994	"BRENNA"	19510917	3.4
249189994	"BRENNA"	19510919	8.5
249189994	"BRENNA"	19510920	6
249189994	"BRENNA"	19510921	10.7
249189994	"BRENNA"	19510927	12.2
249189994	"BRENNA"	19510929	3.2
249189994	"BRENNA"	19511009	0.7
249189994	"BRENNA"	19511102	8.9
249189994	"BRENNA"	19511103	11.5
249189994	"BRENNA"	19511114	6.1
249189994	"BRENNA"	19511115	3.8
249189994	"BRENNA"	19511121	5.8
249189994	"BRENNA"	19511122	8.7
249189994	"BRENNA"	19511123	17.6
249189994	"BRENNA"	19511127	18.3
249189994	"BRENNA"	19511204	12.7
249189994	"BRENNA"	19511209	3.9
249189994	"BRENNA"	19511211	4.5
249189994	"BRENNA"	19511213	12
249189994	"BRENNA"	19511214	3
249189994	"BRENNA"	19511215	5
249189994	"BRENNA"	19511216	8
249189994	"BRENNA"	19511221	2.5
249189994	"BRENNA"	19511226	14.6
249189994	"BRENNA"	19511231	1.2
249189994	"BRENNA"	19520105	3.5
249189994	"BRENNA"	19520107	2.1
249189994	"BRENNA"	19520110	1.5
249189994	"BRENNA"	19520114	4.5
249189994	"BRENNA"	19520116	3.4
249189994	"BRENNA"	19520117	7.6
249189994	"BRENNA"	19520118	3.9
249189994	"BRENNA"	19520119	16.6
249189994	"BRENNA"	19520124	2.5
249189994	"BRENNA"	19520127	3.5
249189994	"BRENNA"	19520129	4.5
249189994	"BRENNA"	19520201	8.4
249189994	"BRENNA"	19520202	16.5
249189994	"BRENNA"	19520204	2.3
249189994	"BRENNA"	19520205	5.4
249189994	"BRENNA"	19520206	8.2
249189994	"BRENNA"	19520207	1.2
249189994	"BRENNA"	19520208	3.4
249189994	"BRENNA"	19520210	5.7
249189994	"BRENNA"	19520211	1.2
249189994	"BRENNA"	19520212	2.4
249189994	"BRENNA"	19520214	1.3
249189994	"BRENNA"	19520215	5.7
249189994	"BRENNA"	19520216	4.2
249189994	"BRENNA"	19520217	12.7
249189994	"BRENNA"	19520218	15.4
249189994	"BRENNA"	19520219	2.7
249189994	"BRENNA"	19520221	4.5
249189994	"BRENNA"	19520222	8.9
249189994	"BRENNA"	19520223	12.7
249189994	"BRENNA"	19520224	2.5
249189994	"BRENNA"	19520225	19.7
249189994	"BRENNA"	19520226	8.6
249189994	"BRENNA"	19520227	3.2
249189994	"BRENNA"	19520228	2.4
249189994	"BRENNA"	19520303	7.8
249189994	"BRENNA"	19520305	6.3
249189994	"BRENNA"	19520308	28
249189994	"BRENNA"	19520315	15.3
249189994	"BRENNA"	19520326	18
249189994	"BRENNA"	19520402	12.3
249189994	"BRENNA"	19520404	6.2
249189994	"BRENNA"	19520415	4.2
249189994	"BRENNA"	19520421	3.2
249189994	"BRENNA"	19520424	5.7
249189994	"BRENNA"	19520430	5.9
249189994	"BRENNA"	19520504	12.7
249189994	"BRENNA"	19520507	8.4
249189994	"BRENNA"	19520509	0.7
249189994	"BRENNA"	19520511	2.6
249189994	"BRENNA"	19520512	17.4
249189994	"BRENNA"	19520515	9
249189994	"BRENNA"	19520516	6
249189994	"BRENNA"	19520517	1
249189994	"BRENNA"	19520519	5.4
249189994	"BRENNA"	19520520	4.5
249189994	"BRENNA"	19520521	10.1
249189994	"BRENNA"	19520523	2.4
249189994	"BRENNA"	19520524	28.5
249189994	"BRENNA"	19520525	3.9
249189994	"BRENNA"	19520526	13.5
249189994	"BRENNA"	19520528	0.3
249189994	"BRENNA"	19520529	2.5
249189994	"BRENNA"	19520602	7.8
249189994	"BRENNA"	19520603	13.2
249189994	"BRENNA"	19520606	6.2
249189994	"BRENNA"	19520607	4.7
249189994	"BRENNA"	19520608	5.3
249189994	"BRENNA"	19520609	8
249189994	"BRENNA"	19520610	2.6
249189994	"BRENNA"	19520611	12.6
249189994	"BRENNA"	19520614	1.6
249189994	"BRENNA"	19520616	21.5
249189994	"BRENNA"	19520618	2.8
249189994	"BRENNA"	19520619	5.8
249189994	"BRENNA"	19520620	14.3
249189994	"BRENNA"	19520623	25.8
249189994	"BRENNA"	19520624	9.8
249189994	"BRENNA"	19520625	19.7
249189994	"BRENNA"	19520626	8.5
249189994	"BRENNA"	19520627	6.2
249189994	"BRENNA"	19520704	0.6
249189994	"BRENNA"	19520711	0.6
249189994	"BRENNA"	19520718	16.9
249189994	"BRENNA"	19520719	0.2
249189994	"BRENNA"	19520725	8.1
249189994	"BRENNA"	19520729	4
249189994	"BRENNA"	19520816	15.1
249189994	"BRENNA"	19520817	4.3
249189994	"BRENNA"	19520818	2.9
249189994	"BRENNA"	19520819	33.5
249189994	"BRENNA"	19520820	4.9
249189994	"BRENNA"	19520821	5
249189994	"BRENNA"	19520822	4
249189994	"BRENNA"	19520823	2.5
249189994	"BRENNA"	19520825	2.4
249189994	"BRENNA"	19520831	23.3
249189994	"BRENNA"	19520901	15
249189994	"BRENNA"	19520902	7.6
249189994	"BRENNA"	19520903	1
249189994	"BRENNA"	19520904	8.4
249189994	"BRENNA"	19520906	17.9
249189994	"BRENNA"	19520907	17.6
249189994	"BRENNA"	19520908	8.6
249189994	"BRENNA"	19520909	30.1
249189994	"BRENNA"	19520910	2.5
249189994	"BRENNA"	19520912	2.3
249189994	"BRENNA"	19520913	8.1
249189994	"BRENNA"	19520918	2.9
249189994	"BRENNA"	19520919	25
249189994	"BRENNA"	19520920	7.1
249189994	"BRENNA"	19520923	16.3
249189994	"BRENNA"	19520924	3.2
249189994	"BRENNA"	19520928	6.3
249189994	"BRENNA"	19520929	6
249189994	"BRENNA"	19521003	12
249189994	"BRENNA"	19521004	8.2
249189994	"BRENNA"	19521005	26.2
249189994	"BRENNA"	19521006	4.2
249189994	"BRENNA"	19521007	12.1
249189994	"BRENNA"	19521009	1.4
249189994	"BRENNA"	19521011	4.1
249189994	"BRENNA"	19521012	12.8
249189994	"BRENNA"	19521015	1.2
249189994	"BRENNA"	19521016	3.9
249189994	"BRENNA"	19521017	1.1
249189994	"BRENNA"	19521020	6.8
249189994	"BRENNA"	19521023	20
249189994	"BRENNA"	19521026	13.3
249189994	"BRENNA"	19521031	53.1
249189994	"BRENNA"	19521101	30.3
249189994	"BRENNA"	19521103	11
249189994	"BRENNA"	19521109	5.8
249189994	"BRENNA"	19521110	28.6
249189994	"BRENNA"	19521112	0.5
249189994	"BRENNA"	19521117	6.8
249189994	"BRENNA"	19521119	5.8
249189994	"BRENNA"	19521124	2.6
249189994	"BRENNA"	19521203	2
249189994	"BRENNA"	19521208	3.2
249189994	"BRENNA"	19521217	3.2
249189994	"BRENNA"	19521223	2.3
249189994	"BRENNA"	19521225	3.1
249189994	"BRENNA"	19521228	1.5
249189994	"BRENNA"	19530108	8.7
249189994	"BRENNA"	19530110	10.6
249189994	"BRENNA"	19530112	2.5
249189994	"BRENNA"	19530115	15.6
249189994	"BRENNA"	19530117	4.3
249189994	"BRENNA"	19530120	2.3
249189994	"BRENNA"	19530121	1.2
249189994	"BRENNA"	19530126	1.3
249189994	"BRENNA"	19530203	7.6
249189994	"BRENNA"	19530207	9.6
249189994	"BRENNA"	19530208	4.3
249189994	"BRENNA"	19530214	5.7
249189994	"BRENNA"	19530221	0.3
249189994	"BRENNA"	19530228	27
249189994	"BRENNA"	19530302	17.7
249189994	"BRENNA"	19530309	17.7
249189994	"BRENNA"	19530312	18.2
249189994	"BRENNA"	19530406	6.4
249189994	"BRENNA"	19530407	2.3
249189994	"BRENNA"	19530417	5.3
249189994	"BRENNA"	19530429	7.6
249189994	"BRENNA"	19530430	72.5
249189994	"BRENNA"	19530501	19.7
249189994	"BRENNA"	19530502	2.5
249189994	"BRENNA"	19530504	1.2
249189994	"BRENNA"	19530505	1.9
249189994	"BRENNA"	19530506	4.2
249189994	"BRENNA"	19530511	64.5
249189994	"BRENNA"	19530512	8.7
249189994	"BRENNA"	19530513	2.3
249189994	"BRENNA"	19530521	5.2
249189994	"BRENNA"	19530526	5.3
249189994	"BRENNA"	19530527	2.8
249189994	"BRENNA"	19530603	2.3
249189994	"BRENNA"	19530609	3.5
249189994	"BRENNA"	19530610	9.3
249189994	"BRENNA"	19530611	18.3
249189994	"BRENNA"	19530612	31.1
249189994	"BRENNA"	19530616	1.5
249189994	"BRENNA"	19530618	0.5
249189994	"BRENNA"	19530624	5.3
249189994	"BRENNA"	19530625	8.2
249189994	"BRENNA"	19530626	8.6
249189994	"BRENNA"	19530627	16.4
249189994	"BRENNA"	19530629	2.4
249189994	"BRENNA"	19530703	12.3
249189994	"BRENNA"	19530708	6.1
249189994	"BRENNA"	19530710	14.6
249189994	"BRENNA"	19530711	1.6
249189994	"BRENNA"	19530713	5.4
249189994	"BRENNA"	19530714	6.2
249189994	"BRENNA"	19530715	3.4
249189994	"BRENNA"	19530718	5.5
249189994	"BRENNA"	19530719	40.9
249189994	"BRENNA"	19530720	0.3
249189994	"BRENNA"	19530723	1.6
249189994	"BRENNA"	19530725	0
249189994	"BRENNA"	19530726	0
249189994	"BRENNA"	19530727	42.3
249189994	"BRENNA"	19530728	3.3
249189994	"BRENNA"	19530730	11.2
249189994	"BRENNA"	19530801	7.5
249189994	"BRENNA"	19530803	11.6
249189994	"BRENNA"	19530805	17.4
249189994	"BRENNA"	19530806	9.9
249189994	"BRENNA"	19530807	42.6
249189994	"BRENNA"	19530821	4.4
249189994	"BRENNA"	19530822	20.3
249189994	"BRENNA"	19530823	4
249189994	"BRENNA"	19530826	2
249189994	"BRENNA"	19530903	1.8
249189994	"BRENNA"	19530909	5.9
249189994	"BRENNA"	19530912	7.5
249189994	"BRENNA"	19530913	24.8
249189994	"BRENNA"	19530914	5.9
249189994	"BRENNA"	19530920	3.3
249189994	"BRENNA"	19530928	9
249189994	"BRENNA"	19531004	16.1
249189994	"BRENNA"	19531005	1.4
249189994	"BRENNA"	19531006	7.9
249189994	"BRENNA"	19531007	3.4
249189994	"BRENNA"	19531008	2.7
249189994	"BRENNA"	19531023	0.3
249189994	"BRENNA"	19531031	16.5
249189994	"BRENNA"	19531114	6.4
249189994	"BRENNA"	19531120	16.2
249189994	"BRENNA"	19531122	9.8
249189994	"BRENNA"	19531129	4.9
249189994	"BRENNA"	19531218	0.2
249189994	"BRENNA"	19531222	2.3
249189994	"BRENNA"	19531224	8.7
249189994	"BRENNA"	19531229	13.5
249189994	"BRENNA"	19531231	5.7
249189994	"BRENNA"	19540107	0.8
249189994	"BRENNA"	19540109	5.8
249189994	"BRENNA"	19540110	12.2
249189994	"BRENNA"	19540114	3.1
249189994	"BRENNA"	19540115	3
249189994	"BRENNA"	19540116	2.4
249189994	"BRENNA"	19540118	7.8
249189994	"BRENNA"	19540120	2.3
249189994	"BRENNA"	19540122	1.2
249189994	"BRENNA"	19540123	6.5
249189994	"BRENNA"	19540216	2.3
249189994	"BRENNA"	19540226	1.1
249189994	"BRENNA"	19540227	1.2
249189994	"BRENNA"	19540301	1.1
249189994	"BRENNA"	19540305	1.2
249189994	"BRENNA"	19540324	2.9
249189994	"BRENNA"	19540325	7.1
249189994	"BRENNA"	19540326	7.4
249189994	"BRENNA"	19540327	9
249189994	"BRENNA"	19540328	5.9
249189994	"BRENNA"	19540401	3.9
249189994	"BRENNA"	19540402	2.5
249189994	"BRENNA"	19540403	4.1
249189994	"BRENNA"	19540404	2.2
249189994	"BRENNA"	19540405	0.1
249189994	"BRENNA"	19540406	0.1
249189994	"BRENNA"	19540407	0.4
249189994	"BRENNA"	19540411	1.3
249189994	"BRENNA"	19540412	1.6
249189994	"BRENNA"	19540413	4.1
249189994	"BRENNA"	19540414	18.4
249189994	"BRENNA"	19540415	20.1
249189994	"BRENNA"	19540416	3.1
249189994	"BRENNA"	19540417	1.6
249189994	"BRENNA"	19540418	38.3
249189994	"BRENNA"	19540419	21.3
249189994	"BRENNA"	19540420	1
249189994	"BRENNA"	19540421	0.7
249189994	"BRENNA"	19540422	0.4
249189994	"BRENNA"	19540504	6.5
249189994	"BRENNA"	19540505	2.2
249189994	"BRENNA"	19540507	7.8
249189994	"BRENNA"	19540508	0.3
249189994	"BRENNA"	19540510	2.7
249189994	"BRENNA"	19540511	2.4
249189994	"BRENNA"	19540517	8.4
249189994	"BRENNA"	19540518	27.6
249189994	"BRENNA"	19540519	15.4
249189994	"BRENNA"	19540524	7.5
249189994	"BRENNA"	19540531	3
249189994	"BRENNA"	19540601	7
249189994	"BRENNA"	19540602	2.1
249189994	"BRENNA"	19540603	4.2
249189994	"BRENNA"	19540607	24.4
249189994	"BRENNA"	19540609	5.2
249189994	"BRENNA"	19540610	12.3
249189994	"BRENNA"	19540611	3.5
249189994	"BRENNA"	19540614	5.5
249189994	"BRENNA"	19540615	2.7
249189994	"BRENNA"	19540617	19.1
249189994	"BRENNA"	19540619	4.5
249189994	"BRENNA"	19540620	5.6
249189994	"BRENNA"	19540622	3.4
249189994	"BRENNA"	19540627	23.3
249189994	"BRENNA"	19540629	14.7
249189994	"BRENNA"	19540701	14.9
249189994	"BRENNA"	19540702	42.7
249189994	"BRENNA"	19540703	6.1
249189994	"BRENNA"	19540705	3.3
249189994	"BRENNA"	19540706	5.1
249189994	"BRENNA"	19540707	6.9
249189994	"BRENNA"	19540709	2.2
249189994	"BRENNA"	19540713	15
249189994	"BRENNA"	19540714	4.3
249189994	"BRENNA"	19540715	0.3
249189994	"BRENNA"	19540716	0.2
249189994	"BRENNA"	19540718	6.6
249189994	"BRENNA"	19540719	7.6
249189994	"BRENNA"	19540720	6.8
249189994	"BRENNA"	19540722	2.7
249189994	"BRENNA"	19540728	7.8
249189994	"BRENNA"	19540729	0.1
249189994	"BRENNA"	19540807	6.1
249189994	"BRENNA"	19540810	15
249189994	"BRENNA"	19540812	2.5
249189994	"BRENNA"	19540815	6.4
249189994	"BRENNA"	19540816	7
249189994	"BRENNA"	19540817	0.2
249189994	"BRENNA"	19540822	4.3
249189994	"BRENNA"	19540905	4.8
249189994	"BRENNA"	19540912	4.3
249189994	"BRENNA"	19540915	1
249189994	"BRENNA"	19540916	1.1
249189994	"BRENNA"	19540917	0.9
249189994	"BRENNA"	19540918	1.2
249189994	"BRENNA"	19540919	1.5
249189994	"BRENNA"	19540921	1.7
249189994	"BRENNA"	19540926	0.4
249189994	"BRENNA"	19540927	15.5
249189994	"BRENNA"	19540928	0.6
249189994	"BRENNA"	19540929	11.5
249189994	"BRENNA"	19540930	13
249189994	"BRENNA"	19541001	5.2
249189994	"BRENNA"	19541002	1.1
249189994	"BRENNA"	19541004	1.1
249189994	"BRENNA"	19541005	14
249189994	"BRENNA"	19541006	2.1
249189994	"BRENNA"	19541007	1.2
249189994	"BRENNA"	19541019	4.8
249189994	"BRENNA"	19541022	2
249189994	"BRENNA"	19541025	20.8
249189994	"BRENNA"	19541028	1.4
249189994	"BRENNA"	19541101	0.4
249189994	"BRENNA"	19541103	6.4
249189994	"BRENNA"	19541104	3.3
249189994	"BRENNA"	19541109	1.5
249189994	"BRENNA"	19541110	11.1
249189994	"BRENNA"	19541111	2.8
249189994	"BRENNA"	19541113	1.7
249189994	"BRENNA"	19541115	3.1
249189994	"BRENNA"	19541116	16.1
249189994	"BRENNA"	19541117	2.4
249189994	"BRENNA"	19541118	1.8
249189994	"BRENNA"	19541119	1.9
249189994	"BRENNA"	19541120	0.3
249189994	"BRENNA"	19541121	1.1
249189994	"BRENNA"	19541130	0.2
249189994	"BRENNA"	19541203	3.1
249189994	"BRENNA"	19541205	1.8
249189994	"BRENNA"	19541206	11.6
249189994	"BRENNA"	19541207	0.4
249189994	"BRENNA"	19541212	0.5
249189994	"BRENNA"	19541213	12.8
249189994	"BRENNA"	19541214	3.6
249189994	"BRENNA"	19541215	11.1
249189994	"BRENNA"	19541216	0.4
249189994	"BRENNA"	19541218	0.7
249189994	"BRENNA"	19541220	0.1
249189994	"BRENNA"	19541221	1.1
249189994	"BRENNA"	19541222	2.3
249189994	"BRENNA"	19541223	4.8
249189994	"BRENNA"	19541224	7.3
249189994	"BRENNA"	19541225	3.1
249189994	"BRENNA"	19541226	8.3
249189994	"BRENNA"	19541227	33.4
249189994	"BRENNA"	19541228	31.4
249189994	"BRENNA"	19541229	10.9
249189994	"BRENNA"	19541230	5.5
249189994	"BRENNA"	19541231	3.6
249189994	"BRENNA"	19550101	1.7
249189994	"BRENNA"	19550102	1.1
249189994	"BRENNA"	19550108	0.6
249189994	"BRENNA"	19550109	10.7
249189994	"BRENNA"	19550111	10.7
249189994	"BRENNA"	19550112	5.1
249189994	"BRENNA"	19550113	0.1
249189994	"BRENNA"	19550114	13.7
249189994	"BRENNA"	19550115	0.5
249189994	"BRENNA"	19550116	3.6
249189994	"BRENNA"	19550117	0.6
249189994	"BRENNA"	19550118	0.2
249189994	"BRENNA"	19550203	1.1
249189994	"BRENNA"	19550206	0.5
249189994	"BRENNA"	19550207	2.3
249189994	"BRENNA"	19550208	6
249189994	"BRENNA"	19550209	10.4
249189994	"BRENNA"	19550210	6.2
249189994	"BRENNA"	19550211	3
249189994	"BRENNA"	19550213	2.7
249189994	"BRENNA"	19550214	1.7
249189994	"BRENNA"	19550215	4.8
249189994	"BRENNA"	19550217	2.7
249189994	"BRENNA"	19550218	8.9
249189994	"BRENNA"	19550219	0.8
249189994	"BRENNA"	19550221	0.8
249189994	"BRENNA"	19550222	0.2
249189994	"BRENNA"	19550224	7.6
249189994	"BRENNA"	19550307	8.9
249189994	"BRENNA"	19550308	7.4
249189994	"BRENNA"	19550309	2
249189994	"BRENNA"	19550310	2.4
249189994	"BRENNA"	19550314	2.3
249189994	"BRENNA"	19550316	14.3
249189994	"BRENNA"	19550317	6.5
249189994	"BRENNA"	19550318	5.7
249189994	"BRENNA"	19550319	2.1
249189994	"BRENNA"	19550324	4.2
249189994	"BRENNA"	19550330	0.5
249189994	"BRENNA"	19550401	1.2
249189994	"BRENNA"	19550407	8.4
249189994	"BRENNA"	19550408	10.7
249189994	"BRENNA"	19550409	1.3
249189994	"BRENNA"	19550410	1.9
249189994	"BRENNA"	19550411	14.7
249189994	"BRENNA"	19550412	16.1
249189994	"BRENNA"	19550413	11.3
249189994	"BRENNA"	19550414	8.9
249189994	"BRENNA"	19550415	1.6
249189994	"BRENNA"	19550416	79.9
249189994	"BRENNA"	19550417	2.3
249189994	"BRENNA"	19550418	14.6
249189994	"BRENNA"	19550419	3.8
249189994	"BRENNA"	19550420	7.9
249189994	"BRENNA"	19550423	1.2
249189994	"BRENNA"	19550424	10.2
249189994	"BRENNA"	19550425	2.4
249189994	"BRENNA"	19550426	1.3
249189994	"BRENNA"	19550501	0.4
249189994	"BRENNA"	19550502	5.4
249189994	"BRENNA"	19550503	0.4
249189994	"BRENNA"	19550505	3.3
249189994	"BRENNA"	19550507	0.4
249189994	"BRENNA"	19550510	16.9
249189994	"BRENNA"	19550511	7.4
249189994	"BRENNA"	19550515	32.9
249189994	"BRENNA"	19550516	0.6
249189994	"BRENNA"	19550518	18
249189994	"BRENNA"	19550519	9.8
249189994	"BRENNA"	19550520	0.9
249189994	"BRENNA"	19550521	0.3
249189994	"BRENNA"	19550522	1.9
249189994	"BRENNA"	19550524	1.9
249189994	"BRENNA"	19550525	1.1
249189994	"BRENNA"	19550527	14.3
249189994	"BRENNA"	19550530	0.5
249189994	"BRENNA"	19550601	21.2
249189994	"BRENNA"	19550602	25.2
249189994	"BRENNA"	19550603	24.8
249189994	"BRENNA"	19550610	13.3
249189994	"BRENNA"	19550611	3.5
249189994	"BRENNA"	19550613	4.7
249189994	"BRENNA"	19550614	5.2
249189994	"BRENNA"	19550620	39.4
249189994	"BRENNA"	19550621	52.3
249189994	"BRENNA"	19550622	0.4
249189994	"BRENNA"	19550623	1.9
249189994	"BRENNA"	19550626	1.9
249189994	"BRENNA"	19550627	5.3
249189994	"BRENNA"	19550628	1.9
249189994	"BRENNA"	19550630	0.5
249189994	"BRENNA"	19550703	5.4
249189994	"BRENNA"	19550704	0.1
249189994	"BRENNA"	19550706	5.4
249189994	"BRENNA"	19550707	60.7
249189994	"BRENNA"	19550708	3.6
249189994	"BRENNA"	19550709	19.3
249189994	"BRENNA"	19550710	8.1
249189994	"BRENNA"	19550719	29.1
249189994	"BRENNA"	19550720	1.1
249189994	"BRENNA"	19550724	9.1
249189994	"BRENNA"	19550725	5.2
249189994	"BRENNA"	19550727	1.7
249189994	"BRENNA"	19550728	7.6
249189994	"BRENNA"	19550729	3.1
249189994	"BRENNA"	19550730	10.1
249189994	"BRENNA"	19550731	10.6
249189994	"BRENNA"	19550801	12.6
249189994	"BRENNA"	19550802	31.4
249189994	"BRENNA"	19550803	2.5
249189994	"BRENNA"	19550805	28.3
249189994	"BRENNA"	19550806	3.2
249189994	"BRENNA"	19550808	5.4
249189994	"BRENNA"	19550809	4.3
249189994	"BRENNA"	19550810	1.6
249189994	"BRENNA"	19550811	15.6
249189994	"BRENNA"	19550812	3.8
249189994	"BRENNA"	19550814	18.4
249189994	"BRENNA"	19550815	9.2
249189994	"BRENNA"	19550816	27.7
249189994	"BRENNA"	19550823	6.8
249189994	"BRENNA"	19550824	5.8
249189994	"BRENNA"	19550827	1.5
249189994	"BRENNA"	19550829	5.7
249189994	"BRENNA"	19550901	5.7
249189994	"BRENNA"	19550907	2.4
249189994	"BRENNA"	19550913	17.2
249189994	"BRENNA"	19550914	15.6
249189994	"BRENNA"	19550915	1.1
249189994	"BRENNA"	19550923	0.1
249189994	"BRENNA"	19550927	2.8
249189994	"BRENNA"	19550928	17.6
249189994	"BRENNA"	19550929	2.6
249189994	"BRENNA"	19551001	1.3
249189994	"BRENNA"	19551006	4.1
249189994	"BRENNA"	19551007	7.9
249189994	"BRENNA"	19551009	3.2
249189994	"BRENNA"	19551013	1.3
249189994	"BRENNA"	19551015	3.2
249189994	"BRENNA"	19551018	7.5
249189994	"BRENNA"	19551019	4.8
249189994	"BRENNA"	19551024	28.8
249189994	"BRENNA"	19551025	9.1
249189994	"BRENNA"	19551028	9.3
249189994	"BRENNA"	19551102	0.3
249189994	"BRENNA"	19551113	2.6
249189994	"BRENNA"	19551114	0.3
249189994	"BRENNA"	19551115	2.2
249189994	"BRENNA"	19551116	3.8
249189994	"BRENNA"	19551120	3.8
249189994	"BRENNA"	19551121	2.6
249189994	"BRENNA"	19551122	4.3
249189994	"BRENNA"	19551123	8
249189994	"BRENNA"	19551124	5.7
249189994	"BRENNA"	19551125	6.6
249189994	"BRENNA"	19551126	1.5
249189994	"BRENNA"	19551127	4.8
249189994	"BRENNA"	19551128	4.6
249189994	"BRENNA"	19551203	3.1
249189994	"BRENNA"	19551204	2
249189994	"BRENNA"	19551205	4.5
249189994	"BRENNA"	19551206	3.7
249189994	"BRENNA"	19551207	0.1
249189994	"BRENNA"	19551208	5.9
249189994	"BRENNA"	19551209	1.6
249189994	"BRENNA"	19551210	6.9
249189994	"BRENNA"	19551211	2
249189994	"BRENNA"	19551212	3.5
249189994	"BRENNA"	19551215	1.1
249189994	"BRENNA"	19551216	17.6
249189994	"BRENNA"	19551218	6.4
249189994	"BRENNA"	19551219	0.3
249189994	"BRENNA"	19551221	0.5
249189994	"BRENNA"	19551222	4.4
249189994	"BRENNA"	19551223	0.5
249189994	"BRENNA"	19551226	0.5
249189994	"BRENNA"	19551227	6.1
249189994	"BRENNA"	19551228	2.6
249189994	"BRENNA"	19551229	1.9
249189994	"BRENNA"	19551230	1
249189994	"BRENNA"	19551231	3.2
249189994	"BRENNA"	19560101	2.7
249189994	"BRENNA"	19560102	7.3
249189994	"BRENNA"	19560104	2.9
249189994	"BRENNA"	19560105	3.9
249189994	"BRENNA"	19560110	0.6
249189994	"BRENNA"	19560115	1.5
249189994	"BRENNA"	19560118	0.3
249189994	"BRENNA"	19560124	1.4
249189994	"BRENNA"	19560125	5.4
249189994	"BRENNA"	19560126	0.1
249189994	"BRENNA"	19560127	0.6
249189994	"BRENNA"	19560128	4.6
249189994	"BRENNA"	19560129	4.2
249189994	"BRENNA"	19560130	1.4
249189994	"BRENNA"	19560202	0.3
249189994	"BRENNA"	19560203	0.4
249189994	"BRENNA"	19560204	0.1
249189994	"BRENNA"	19560205	3.5
249189994	"BRENNA"	19560206	2.6
249189994	"BRENNA"	19560207	4.4
249189994	"BRENNA"	19560208	4.6
249189994	"BRENNA"	19560209	0.9
249189994	"BRENNA"	19560211	4.2
249189994	"BRENNA"	19560212	0.3
249189994	"BRENNA"	19560213	0.7
249189994	"BRENNA"	19560214	4.6
249189994	"BRENNA"	19560215	1.8
249189994	"BRENNA"	19560218	0.7
249189994	"BRENNA"	19560220	5.9
249189994	"BRENNA"	19560221	6.9
249189994	"BRENNA"	19560222	2.2
249189994	"BRENNA"	19560223	1.3
249189994	"BRENNA"	19560224	0.2
249189994	"BRENNA"	19560227	0.9
249189994	"BRENNA"	19560228	7.6
249189994	"BRENNA"	19560229	5.8
249189994	"BRENNA"	19560301	6.1
249189994	"BRENNA"	19560302	11.4
249189994	"BRENNA"	19560303	0.9
249189994	"BRENNA"	19560304	3.6
249189994	"BRENNA"	19560305	1.8
249189994	"BRENNA"	19560306	5.8
249189994	"BRENNA"	19560307	14.9
249189994	"BRENNA"	19560308	2.1
249189994	"BRENNA"	19560309	9.8
249189994	"BRENNA"	19560310	3.7
249189994	"BRENNA"	19560311	1.6
249189994	"BRENNA"	19560312	0.8
249189994	"BRENNA"	19560325	6.8
249189994	"BRENNA"	19560404	8.5
249189994	"BRENNA"	19560405	0.5
249189994	"BRENNA"	19560406	1.1
249189994	"BRENNA"	19560407	0.5
249189994	"BRENNA"	19560408	11
249189994	"BRENNA"	19560409	0.8
249189994	"BRENNA"	19560410	10.6
249189994	"BRENNA"	19560413	5.7
249189994	"BRENNA"	19560415	3.5
249189994	"BRENNA"	19560417	5.4
249189994	"BRENNA"	19560418	9.3
249189994	"BRENNA"	19560420	6.4
249189994	"BRENNA"	19560421	5.3
249189994	"BRENNA"	19560422	1.6
249189994	"BRENNA"	19560423	0.9
249189994	"BRENNA"	19560426	8.6
249189994	"BRENNA"	19560427	2.6
249189994	"BRENNA"	19560428	0.8
249189994	"BRENNA"	19560430	18.1
249189994	"BRENNA"	19560501	2.8
249189994	"BRENNA"	19560502	0.6
249189994	"BRENNA"	19560503	0.3
249189994	"BRENNA"	19560508	1.7
249189994	"BRENNA"	19560510	2.2
249189994	"BRENNA"	19560511	18.9
249189994	"BRENNA"	19560512	9.6
249189994	"BRENNA"	19560513	13.7
249189994	"BRENNA"	19560517	3.1
249189994	"BRENNA"	19560518	9.7
249189994	"BRENNA"	19560519	21.6
249189994	"BRENNA"	19560520	0.1
249189994	"BRENNA"	19560526	9.8
249189994	"BRENNA"	19560601	0.8
249189994	"BRENNA"	19560602	0.6
249189994	"BRENNA"	19560605	1.5
249189994	"BRENNA"	19560609	29.3
249189994	"BRENNA"	19560610	0.9
249189994	"BRENNA"	19560612	3.8
249189994	"BRENNA"	19560614	1.2
249189994	"BRENNA"	19560615	5.2
249189994	"BRENNA"	19560616	0.1
249189994	"BRENNA"	19560618	15.2
249189994	"BRENNA"	19560619	8.7
249189994	"BRENNA"	19560620	17.4
249189994	"BRENNA"	19560621	6.8
249189994	"BRENNA"	19560622	26.8
249189994	"BRENNA"	19560623	31.2
249189994	"BRENNA"	19560624	26.3
249189994	"BRENNA"	19560625	0.3
249189994	"BRENNA"	19560626	1.4
249189994	"BRENNA"	19560627	0.3
249189994	"BRENNA"	19560629	16.3
249189994	"BRENNA"	19560630	0.9
249189994	"BRENNA"	19560702	0.1
249189994	"BRENNA"	19560703	26.3
249189994	"BRENNA"	19560704	3.5
249189994	"BRENNA"	19560706	1.3
249189994	"BRENNA"	19560708	3.3
249189994	"BRENNA"	19560715	2.8
249189994	"BRENNA"	19560716	2.9
249189994	"BRENNA"	19560717	1.9
249189994	"BRENNA"	19560719	3.1
249189994	"BRENNA"	19560720	16.8
249189994	"BRENNA"	19560721	9.3
249189994	"BRENNA"	19560722	0.8
249189994	"BRENNA"	19560723	1.6
249189994	"BRENNA"	19560724	21.9
249189994	"BRENNA"	19560725	0.8
249189994	"BRENNA"	19560726	0.2
249189994	"BRENNA"	19560728	0.3
249189994	"BRENNA"	19560730	15.4
249189994	"BRENNA"	19560802	3.4
249189994	"BRENNA"	19560803	3.7
249189994	"BRENNA"	19560804	4.8
249189994	"BRENNA"	19560805	5.7
249189994	"BRENNA"	19560807	11.2
249189994	"BRENNA"	19560811	32.6
249189994	"BRENNA"	19560812	7.4
249189994	"BRENNA"	19560814	3.8
249189994	"BRENNA"	19560816	0.1
249189994	"BRENNA"	19560817	0.2
249189994	"BRENNA"	19560819	5.2
249189994	"BRENNA"	19560820	0.4
249189994	"BRENNA"	19560821	39.7
249189994	"BRENNA"	19560822	1.1
249189994	"BRENNA"	19560823	21.2
249189994	"BRENNA"	19560825	0.7
249189994	"BRENNA"	19560827	0.9
249189994	"BRENNA"	19560829	16.5
249189994	"BRENNA"	19560830	1.1
249189994	"BRENNA"	19560903	0.5
249189994	"BRENNA"	19560904	16.9
249189994	"BRENNA"	19560910	0.3
249189994	"BRENNA"	19560911	8.1
249189994	"BRENNA"	19560912	13.8
249189994	"BRENNA"	19560913	12.9
249189994	"BRENNA"	19560917	9.2
249189994	"BRENNA"	19560927	6.4
249189994	"BRENNA"	19561003	6.4
249189994	"BRENNA"	19561004	14.3
249189994	"BRENNA"	19561005	10.6
249189994	"BRENNA"	19561006	45.5
249189994	"BRENNA"	19561007	0.8
249189994	"BRENNA"	19561009	3.8
249189994	"BRENNA"	19561014	5.8
249189994	"BRENNA"	19561018	1.4
249189994	"BRENNA"	19561019	6.9
249189994	"BRENNA"	19561020	0.4
249189994	"BRENNA"	19561026	1
249189994	"BRENNA"	19561027	0.1
249189994	"BRENNA"	19561028	3.1
249189994	"BRENNA"	19561029	8.1
249189994	"BRENNA"	19561030	0.2
249189994	"BRENNA"	19561103	0.7
249189994	"BRENNA"	19561105	4.2
249189994	"BRENNA"	19561106	8.2
249189994	"BRENNA"	19561107	7.9
249189994	"BRENNA"	19561110	1.1
249189994	"BRENNA"	19561112	4.7
249189994	"BRENNA"	19561113	5.8
249189994	"BRENNA"	19561114	0.9
249189994	"BRENNA"	19561115	4.5
249189994	"BRENNA"	19561125	14.9
249189994	"BRENNA"	19561126	16.9
249189994	"BRENNA"	19561127	11.7
249189994	"BRENNA"	19561128	0.8
249189994	"BRENNA"	19561130	1.7
249189994	"BRENNA"	19561204	14.1
249189994	"BRENNA"	19561205	20.3
249189994	"BRENNA"	19561209	0.1
249189994	"BRENNA"	19561210	0.9
249189994	"BRENNA"	19561213	8.6
249189994	"BRENNA"	19561215	0.6
249189994	"BRENNA"	19561225	3.9
249189994	"BRENNA"	19561226	3.3
249189994	"BRENNA"	19570105	8.6
249189994	"BRENNA"	19570106	1.7
249189994	"BRENNA"	19570107	0.6
249189994	"BRENNA"	19570110	4.7
249189994	"BRENNA"	19570112	2.2
249189994	"BRENNA"	19570113	4.8
249189994	"BRENNA"	19570116	0.4
249189994	"BRENNA"	19570127	3.7
249189994	"BRENNA"	19570128	7.6
249189994	"BRENNA"	19570130	2.1
249189994	"BRENNA"	19570131	0.4
249189994	"BRENNA"	19570201	5.4
249189994	"BRENNA"	19570202	0.5
249189994	"BRENNA"	19570206	2.8
249189994	"BRENNA"	19570207	6.8
249189994	"BRENNA"	19570208	2.6
249189994	"BRENNA"	19570209	3.2
249189994	"BRENNA"	19570210	0.4
249189994	"BRENNA"	19570211	5.8
249189994	"BRENNA"	19570212	0.2
249189994	"BRENNA"	19570215	0.2
249189994	"BRENNA"	19570218	8.8
249189994	"BRENNA"	19570219	3.5
249189994	"BRENNA"	19570221	19.3
249189994	"BRENNA"	19570222	1.8
249189994	"BRENNA"	19570223	0.3
249189994	"BRENNA"	19570224	2.5
249189994	"BRENNA"	19570225	25.8
249189994	"BRENNA"	19570226	1.5
249189994	"BRENNA"	19570228	1.6
249189994	"BRENNA"	19570301	2.5
249189994	"BRENNA"	19570302	0.1
249189994	"BRENNA"	19570303	0.1
249189994	"BRENNA"	19570304	0.1
249189994	"BRENNA"	19570305	0.2
249189994	"BRENNA"	19570314	1.7
249189994	"BRENNA"	19570315	1.3
249189994	"BRENNA"	19570316	15.8
249189994	"BRENNA"	19570317	12.2
249189994	"BRENNA"	19570318	6.4
249189994	"BRENNA"	19570319	9.1
249189994	"BRENNA"	19570324	1.6
249189994	"BRENNA"	19570325	2.3
249189994	"BRENNA"	19570328	2.6
249189994	"BRENNA"	19570329	11.6
249189994	"BRENNA"	19570407	15.3
249189994	"BRENNA"	19570408	2.8
249189994	"BRENNA"	19570410	5.8
249189994	"BRENNA"	19570411	10.6
249189994	"BRENNA"	19570413	0.8
249189994	"BRENNA"	19570414	0.6
249189994	"BRENNA"	19570415	0.1
249189994	"BRENNA"	19570417	4.3
249189994	"BRENNA"	19570419	2.8
249189994	"BRENNA"	19570420	1.6
249189994	"BRENNA"	19570421	6.3
249189994	"BRENNA"	19570422	3.8
249189994	"BRENNA"	19570423	7.5
249189994	"BRENNA"	19570424	2.8
249189994	"BRENNA"	19570425	1.8
249189994	"BRENNA"	19570430	3.8
249189994	"BRENNA"	19570504	0.3
249189994	"BRENNA"	19570505	0.8
249189994	"BRENNA"	19570506	0.5
249189994	"BRENNA"	19570507	4.9
249189994	"BRENNA"	19570508	11.6
249189994	"BRENNA"	19570509	4.8
249189994	"BRENNA"	19570510	8.6
249189994	"BRENNA"	19570517	1.8
249189994	"BRENNA"	19570520	39.3
249189994	"BRENNA"	19570522	2.2
249189994	"BRENNA"	19570523	1.8
249189994	"BRENNA"	19570524	1.6
249189994	"BRENNA"	19570604	1.8
249189994	"BRENNA"	19570605	9.6
249189994	"BRENNA"	19570607	17.9
249189994	"BRENNA"	19570608	6.7
249189994	"BRENNA"	19570609	2.1
249189994	"BRENNA"	19570618	6.4
249189994	"BRENNA"	19570619	3.9
249189994	"BRENNA"	19570621	0.1
249189994	"BRENNA"	19570622	2.1
249189994	"BRENNA"	19570625	0.6
249189994	"BRENNA"	19570627	1.7
249189994	"BRENNA"	19570706	5.8
249189994	"BRENNA"	19570707	7.9
249189994	"BRENNA"	19570708	3.7
249189994	"BRENNA"	19570710	11.3
249189994	"BRENNA"	19570711	2.8
249189994	"BRENNA"	19570712	10.5
249189994	"BRENNA"	19570714	4.7
249189994	"BRENNA"	19570715	29.6
249189994	"BRENNA"	19570716	59.4
249189994	"BRENNA"	19570717	6.5
249189994	"BRENNA"	19570720	34.1
249189994	"BRENNA"	19570721	4.3
249189994	"BRENNA"	19570722	2.8
249189994	"BRENNA"	19570723	12.2
249189994	"BRENNA"	19570724	21.1
249189994	"BRENNA"	19570725	5.2
249189994	"BRENNA"	19570726	19.7
249189994	"BRENNA"	19570727	6.8
249189994	"BRENNA"	19570730	3.2
249189994	"BRENNA"	19570810	2.6
249189994	"BRENNA"	19570813	2.2
249189994	"BRENNA"	19570814	13.6
249189994	"BRENNA"	19570816	6.5
249189994	"BRENNA"	19570817	3.2
249189994	"BRENNA"	19570818	3.5
249189994	"BRENNA"	19570819	2.6
249189994	"BRENNA"	19570821	4.8
249189994	"BRENNA"	19570822	12.8
249189994	"BRENNA"	19570824	12.2
249189994	"BRENNA"	19570828	38.7
249189994	"BRENNA"	19570829	2.6
249189994	"BRENNA"	19570831	4.9
249189994	"BRENNA"	19570901	1.2
249189994	"BRENNA"	19570902	11.3
249189994	"BRENNA"	19570903	1.6
249189994	"BRENNA"	19570904	10.9
249189994	"BRENNA"	19570909	2.7
249189994	"BRENNA"	19570910	3.7
249189994	"BRENNA"	19570911	1.3
249189994	"BRENNA"	19570912	4.8
249189994	"BRENNA"	19570914	8.7
249189994	"BRENNA"	19570916	1.1
249189994	"BRENNA"	19570917	2.7
249189994	"BRENNA"	19570918	7.9
249189994	"BRENNA"	19570919	1.8
249189994	"BRENNA"	19570920	1.3
249189994	"BRENNA"	19570922	1.1
249189994	"BRENNA"	19570923	1.9
249189994	"BRENNA"	19570924	17.3
249189994	"BRENNA"	19570926	1.2
249189994	"BRENNA"	19570927	1.6
249189994	"BRENNA"	19570928	11.9
249189994	"BRENNA"	19570929	28.3
249189994	"BRENNA"	19571004	2.2
249189994	"BRENNA"	19571005	0.2
249189994	"BRENNA"	19571020	7.9
249189994	"BRENNA"	19571021	0.7
249189994	"BRENNA"	19571022	6.9
249189994	"BRENNA"	19571023	0.5
249189994	"BRENNA"	19571024	0.9
249189994	"BRENNA"	19571110	1.1
249189994	"BRENNA"	19571111	0.2
249189994	"BRENNA"	19571112	0.1
249189994	"BRENNA"	19571125	5.7
249189994	"BRENNA"	19571126	0.7
249189994	"BRENNA"	19571127	1.9
249189994	"BRENNA"	19571128	17.8
249189994	"BRENNA"	19571129	5.8
249189994	"BRENNA"	19571130	1.1
249189994	"BRENNA"	19571201	1.4
249189994	"BRENNA"	19571202	0.3
249189994	"BRENNA"	19571203	3.8
249189994	"BRENNA"	19571204	8.8
249189994	"BRENNA"	19571205	4.5
249189994	"BRENNA"	19571206	1.1
249189994	"BRENNA"	19571207	1.1
249189994	"BRENNA"	19571208	8.3
249189994	"BRENNA"	19571209	2.8
249189994	"BRENNA"	19571210	4.8
249189994	"BRENNA"	19571213	4.6
249189994	"BRENNA"	19571214	6.8
249189994	"BRENNA"	19571219	0.9
249189994	"BRENNA"	19571228	1.7
249189994	"BRENNA"	19571230	0.6
249189994	"BRENNA"	19571231	0.5
249189994	"BRENNA"	19580103	4.7
249189994	"BRENNA"	19580104	2.8
249189994	"BRENNA"	19580108	1.4
249189994	"BRENNA"	19580109	0.7
249189994	"BRENNA"	19580112	1.4
249189994	"BRENNA"	19580114	1.7
249189994	"BRENNA"	19580115	3.3
249189994	"BRENNA"	19580116	1.3
249189994	"BRENNA"	19580117	3.7
249189994	"BRENNA"	19580118	0.2
249189994	"BRENNA"	19580119	4.4
249189994	"BRENNA"	19580120	9.7
249189994	"BRENNA"	19580121	4.4
249189994	"BRENNA"	19580130	2.7
249189994	"BRENNA"	19580205	6
249189994	"BRENNA"	19580206	2.2
249189994	"BRENNA"	19580207	4.4
249189994	"BRENNA"	19580208	1.1
249189994	"BRENNA"	19580211	0
249189994	"BRENNA"	19580214	0.5
249189994	"BRENNA"	19580215	1.3
249189994	"BRENNA"	19580216	3.9
249189994	"BRENNA"	19580217	2.1
249189994	"BRENNA"	19580218	0.4
249189994	"BRENNA"	19580219	1.4
249189994	"BRENNA"	19580220	6.9
249189994	"BRENNA"	19580221	2.8
249189994	"BRENNA"	19580222	8.8
249189994	"BRENNA"	19580223	1.9
249189994	"BRENNA"	19580224	2.6
249189994	"BRENNA"	19580226	1.6
249189994	"BRENNA"	19580227	11.3
249189994	"BRENNA"	19580228	0.8
249189994	"BRENNA"	19580301	0.3
249189994	"BRENNA"	19580302	16.9
249189994	"BRENNA"	19580303	18.9
249189994	"BRENNA"	19580304	0.9
249189994	"BRENNA"	19580306	11.3
249189994	"BRENNA"	19580308	7.9
249189994	"BRENNA"	19580311	13.7
249189994	"BRENNA"	19580312	17.2
249189994	"BRENNA"	19580313	1.9
249189994	"BRENNA"	19580314	2.7
249189994	"BRENNA"	19580315	2.4
249189994	"BRENNA"	19580316	4.6
249189994	"BRENNA"	19580317	5.4
249189994	"BRENNA"	19580318	0.2
249189994	"BRENNA"	19580319	0.2
249189994	"BRENNA"	19580320	2.7
249189994	"BRENNA"	19580321	8.4
249189994	"BRENNA"	19580322	2.5
249189994	"BRENNA"	19580323	3.5
249189994	"BRENNA"	19580327	1.2
249189994	"BRENNA"	19580328	1.6
249189994	"BRENNA"	19580329	0.4
249189994	"BRENNA"	19580330	1.4
249189994	"BRENNA"	19580331	2.4
249189994	"BRENNA"	19580401	0.5
249189994	"BRENNA"	19580405	0.2
249189994	"BRENNA"	19580406	0.5
249189994	"BRENNA"	19580407	1.8
249189994	"BRENNA"	19580408	0.8
249189994	"BRENNA"	19580409	7.4
249189994	"BRENNA"	19580410	0.2
249189994	"BRENNA"	19580411	5.8
249189994	"BRENNA"	19580416	3.8
249189994	"BRENNA"	19580417	16.5
249189994	"BRENNA"	19580418	5.8
249189994	"BRENNA"	19580419	10.2
249189994	"BRENNA"	19580420	1.3
249189994	"BRENNA"	19580421	12.8
249189994	"BRENNA"	19580422	10.4
249189994	"BRENNA"	19580423	3.2
249189994	"BRENNA"	19580427	2.5
249189994	"BRENNA"	19580503	1.1
249189994	"BRENNA"	19580504	1.4
249189994	"BRENNA"	19580506	5.1
249189994	"BRENNA"	19580507	5.2
249189994	"BRENNA"	19580508	8.5
249189994	"BRENNA"	19580509	0.5
249189994	"BRENNA"	19580510	2.6
249189994	"BRENNA"	19580512	0.5
249189994	"BRENNA"	19580513	0.3
249189994	"BRENNA"	19580517	2.7
249189994	"BRENNA"	19580519	1.8
249189994	"BRENNA"	19580521	0.2
249189994	"BRENNA"	19580522	0.4
249189994	"BRENNA"	19580523	12.5
249189994	"BRENNA"	19580528	23.4
249189994	"BRENNA"	19580529	0.3
249189994	"BRENNA"	19580531	15.7
249189994	"BRENNA"	19580603	0.3
249189994	"BRENNA"	19580604	8.9
249189994	"BRENNA"	19580605	7.4
249189994	"BRENNA"	19580606	0.3
249189994	"BRENNA"	19580609	2.5
249189994	"BRENNA"	19580611	2.9
249189994	"BRENNA"	19580612	1.6
249189994	"BRENNA"	19580618	5.5
249189994	"BRENNA"	19580619	2.1
249189994	"BRENNA"	19580620	1.3
249189994	"BRENNA"	19580621	4.1
249189994	"BRENNA"	19580622	5.8
249189994	"BRENNA"	19580623	5.9
249189994	"BRENNA"	19580624	5.4
249189994	"BRENNA"	19580625	1.3
249189994	"BRENNA"	19580627	14.1
249189994	"BRENNA"	19580628	51.9
249189994	"BRENNA"	19580629	77.4
249189994	"BRENNA"	19580630	23.3
249189994	"BRENNA"	19580702	2.4
249189994	"BRENNA"	19580703	10.2
249189994	"BRENNA"	19580704	25.1
249189994	"BRENNA"	19580705	10.6
249189994	"BRENNA"	19580706	7.9
249189994	"BRENNA"	19580707	1.4
249189994	"BRENNA"	19580708	16.7
249189994	"BRENNA"	19580714	2.7
249189994	"BRENNA"	19580717	21.1
249189994	"BRENNA"	19580722	4.5
249189994	"BRENNA"	19580723	24.2
249189994	"BRENNA"	19580724	1.7
249189994	"BRENNA"	19580725	0.4
249189994	"BRENNA"	19580729	2.2
249189994	"BRENNA"	19580802	11.8
249189994	"BRENNA"	19580803	7.3
249189994	"BRENNA"	19580804	0.6
249189994	"BRENNA"	19580807	17.6
249189994	"BRENNA"	19580808	36.8
249189994	"BRENNA"	19580812	6.6
249189994	"BRENNA"	19580813	16.9
249189994	"BRENNA"	19580814	0.9
249189994	"BRENNA"	19580816	0.6
249189994	"BRENNA"	19580818	26.2
249189994	"BRENNA"	19580820	13.7
249189994	"BRENNA"	19580821	3.6
249189994	"BRENNA"	19580822	12.7
249189994	"BRENNA"	19580823	1.8
249189994	"BRENNA"	19580824	2.5
249189994	"BRENNA"	19580826	6.8
249189994	"BRENNA"	19580830	3.8
249189994	"BRENNA"	19580909	0.3
249189994	"BRENNA"	19580910	1.2
249189994	"BRENNA"	19580911	22.2
249189994	"BRENNA"	19580912	1.7
249189994	"BRENNA"	19580916	1.7
249189994	"BRENNA"	19580917	0.6
249189994	"BRENNA"	19580918	6.8
249189994	"BRENNA"	19580921	12.4
249189994	"BRENNA"	19580922	12.2
249189994	"BRENNA"	19580923	2.8
249189994	"BRENNA"	19580924	2.8
249189994	"BRENNA"	19580925	2.9
249189994	"BRENNA"	19580926	6.9
249189994	"BRENNA"	19580927	2.9
249189994	"BRENNA"	19581001	0.6
249189994	"BRENNA"	19581002	8.4
249189994	"BRENNA"	19581003	6.8
249189994	"BRENNA"	19581006	2.8
249189994	"BRENNA"	19581007	4.9
249189994	"BRENNA"	19581008	11.3
249189994	"BRENNA"	19581012	5.9
249189994	"BRENNA"	19581013	31.1
249189994	"BRENNA"	19581014	16.6
249189994	"BRENNA"	19581015	6.4
249189994	"BRENNA"	19581016	17.8
249189994	"BRENNA"	19581017	9.9
249189994	"BRENNA"	19581018	14.8
249189994	"BRENNA"	19581019	1.1
249189994	"BRENNA"	19581021	1.1
249189994	"BRENNA"	19581022	0.8
249189994	"BRENNA"	19581023	0.6
249189994	"BRENNA"	19581024	0.6
249189994	"BRENNA"	19581025	0.7
249189994	"BRENNA"	19581101	10.4
249189994	"BRENNA"	19581102	0.6
249189994	"BRENNA"	19581104	5.9
249189994	"BRENNA"	19581107	0.7
249189994	"BRENNA"	19581108	0.6
249189994	"BRENNA"	19581109	4.7
249189994	"BRENNA"	19581110	11.2
249189994	"BRENNA"	19581111	0.4
249189994	"BRENNA"	19581113	0.4
249189994	"BRENNA"	19581114	0.3
249189994	"BRENNA"	19581115	8.5
249189994	"BRENNA"	19581116	1.1
249189994	"BRENNA"	19581117	0.1
249189994	"BRENNA"	19581126	2.4
249189994	"BRENNA"	19581130	4.3
249189994	"BRENNA"	19581201	5.2
249189994	"BRENNA"	19581202	2.4
249189994	"BRENNA"	19581203	2.2
249189994	"BRENNA"	19581204	1.2
249189994	"BRENNA"	19581205	1.4
249189994	"BRENNA"	19581206	8.4
249189994	"BRENNA"	19581213	9.8
249189994	"BRENNA"	19581223	3.6
249189994	"BRENNA"	19581224	1.3
249189994	"BRENNA"	19581225	10.8
249189994	"BRENNA"	19581226	3.5
249189994	"BRENNA"	19581227	4.3
249189994	"BRENNA"	19581228	8.3
249189994	"BRENNA"	19581229	5.3
249189994	"BRENNA"	19581230	3.2
249189994	"BRENNA"	19590105	1.8
249189994	"BRENNA"	19590107	1.3
249189994	"BRENNA"	19590109	29.6
249189994	"BRENNA"	19590110	0.6
249189994	"BRENNA"	19590111	0.3
249189994	"BRENNA"	19590113	0.6
249189994	"BRENNA"	19590115	0.3
249189994	"BRENNA"	19590116	0.2
249189994	"BRENNA"	19590117	1.3
249189994	"BRENNA"	19590121	0.2
249189994	"BRENNA"	19590123	3.1
249189994	"BRENNA"	19590124	18.9
249189994	"BRENNA"	19590125	5.3
249189994	"BRENNA"	19590126	3.2
249189994	"BRENNA"	19590127	13.2
249189994	"BRENNA"	19590128	2.1
249189994	"BRENNA"	19590129	0.7
249189994	"BRENNA"	19590130	0.1
249189994	"BRENNA"	19590131	1.7
249189994	"BRENNA"	19590201	9
249189994	"BRENNA"	19590202	1.9
249189994	"BRENNA"	19590215	4.4
249189994	"BRENNA"	19590216	0.1
249189994	"BRENNA"	19590217	2.8
249189994	"BRENNA"	19590218	3
249189994	"BRENNA"	19590219	0.1
249189994	"BRENNA"	19590220	2.4
249189994	"BRENNA"	19590221	3.1
249189994	"BRENNA"	19590222	2.1
249189994	"BRENNA"	19590223	0.4
249189994	"BRENNA"	19590224	1.5
249189994	"BRENNA"	19590226	0.1
249189994	"BRENNA"	19590304	0.3
249189994	"BRENNA"	19590307	3.1
249189994	"BRENNA"	19590308	56.3
249189994	"BRENNA"	19590324	1.8
249189994	"BRENNA"	19590328	3.3
249189994	"BRENNA"	19590329	0.6
249189994	"BRENNA"	19590330	0.2
249189994	"BRENNA"	19590402	0.2
249189994	"BRENNA"	19590405	5.6
249189994	"BRENNA"	19590406	2.8
249189994	"BRENNA"	19590407	2.1
249189994	"BRENNA"	19590410	1.4
249189994	"BRENNA"	19590411	22.3
249189994	"BRENNA"	19590412	0.9
249189994	"BRENNA"	19590413	2.4
249189994	"BRENNA"	19590417	1.8
249189994	"BRENNA"	19590418	21.4
249189994	"BRENNA"	19590419	23.8
249189994	"BRENNA"	19590420	2.4
249189994	"BRENNA"	19590423	3
249189994	"BRENNA"	19590424	0.5
249189994	"BRENNA"	19590501	9.8
249189994	"BRENNA"	19590502	3.2
249189994	"BRENNA"	19590503	0.2
249189994	"BRENNA"	19590505	0.1
249189994	"BRENNA"	19590506	3.5
249189994	"BRENNA"	19590507	6.2
249189994	"BRENNA"	19590510	0.3
249189994	"BRENNA"	19590512	3.1
249189994	"BRENNA"	19590515	2.1
249189994	"BRENNA"	19590516	0.5
249189994	"BRENNA"	19590517	6.5
249189994	"BRENNA"	19590518	2.3
249189994	"BRENNA"	19590519	0.8
249189994	"BRENNA"	19590520	2.5
249189994	"BRENNA"	19590530	0.6
249189994	"BRENNA"	19590531	66.1
249189994	"BRENNA"	19590601	9.3
249189994	"BRENNA"	19590602	3.2
249189994	"BRENNA"	19590603	20.3
249189994	"BRENNA"	19590604	5.1
249189994	"BRENNA"	19590606	0.1
249189994	"BRENNA"	19590607	1.6
249189994	"BRENNA"	19590608	0.4
249189994	"BRENNA"	19590609	2.4
249189994	"BRENNA"	19590610	29.3
249189994	"BRENNA"	19590611	42
249189994	"BRENNA"	19590612	6.3
249189994	"BRENNA"	19590613	3.4
249189994	"BRENNA"	19590614	11.5
249189994	"BRENNA"	19590615	1.1
249189994	"BRENNA"	19590616	0.7
249189994	"BRENNA"	19590619	2.6
249189994	"BRENNA"	19590625	14.2
249189994	"BRENNA"	19590628	0.2
249189994	"BRENNA"	19590629	30.1
249189994	"BRENNA"	19590630	89.5
249189994	"BRENNA"	19590701	25.4
249189994	"BRENNA"	19590703	14.6
249189994	"BRENNA"	19590704	1.8
249189994	"BRENNA"	19590707	1.6
249189994	"BRENNA"	19590713	0.1
249189994	"BRENNA"	19590715	0.4
249189994	"BRENNA"	19590716	1.7
249189994	"BRENNA"	19590717	12.4
249189994	"BRENNA"	19590718	11.9
249189994	"BRENNA"	19590719	1.6
249189994	"BRENNA"	19590720	2.5
249189994	"BRENNA"	19590721	1.6
249189994	"BRENNA"	19590722	14.1
249189994	"BRENNA"	19590724	5.5
249189994	"BRENNA"	19590728	1.6
249189994	"BRENNA"	19590729	37.2
249189994	"BRENNA"	19590730	15.9
249189994	"BRENNA"	19590731	21.3
249189994	"BRENNA"	19590801	4.8
249189994	"BRENNA"	19590802	0.2
249189994	"BRENNA"	19590805	2.8
249189994	"BRENNA"	19590806	0.2
249189994	"BRENNA"	19590811	17
249189994	"BRENNA"	19590812	0.8
249189994	"BRENNA"	19590813	0.6
249189994	"BRENNA"	19590814	1.6
249189994	"BRENNA"	19590816	27.2
249189994	"BRENNA"	19590817	3.7
249189994	"BRENNA"	19590818	1.4
249189994	"BRENNA"	19590819	0.2
249189994	"BRENNA"	19590828	1.8
249189994	"BRENNA"	19590829	0.6
249189994	"BRENNA"	19590830	0.3
249189994	"BRENNA"	19590831	0.8
249189994	"BRENNA"	19590901	0.5
249189994	"BRENNA"	19590909	0.5
249189994	"BRENNA"	19590913	1.1
249189994	"BRENNA"	19590922	2.1
249189994	"BRENNA"	19590924	0.5
249189994	"BRENNA"	19590928	1.9
249189994	"BRENNA"	19590929	0.8
249189994	"BRENNA"	19591022	4.5
249189994	"BRENNA"	19591023	6.9
249189994	"BRENNA"	19591024	0.7
249189994	"BRENNA"	19591029	0.4
249189994	"BRENNA"	19591104	0.2
249189994	"BRENNA"	19591106	2.8
249189994	"BRENNA"	19591107	4.2
249189994	"BRENNA"	19591108	11.1
249189994	"BRENNA"	19591109	1.7
249189994	"BRENNA"	19591115	2.1
249189994	"BRENNA"	19591116	4.5
249189994	"BRENNA"	19591117	2.6
249189994	"BRENNA"	19591118	0.4
249189994	"BRENNA"	19591204	4.7
249189994	"BRENNA"	19591205	7.2
249189994	"BRENNA"	19591206	0.7
249189994	"BRENNA"	19591213	14.2
249189994	"BRENNA"	19591214	2.5
249189994	"BRENNA"	19591218	7.8
249189994	"BRENNA"	19591219	1.6
249189994	"BRENNA"	19591221	1.7
249189994	"BRENNA"	19591224	6.3
249189994	"BRENNA"	19591225	7.9
249189994	"BRENNA"	19591226	1.5
249189994	"BRENNA"	19591228	19.1
249189994	"BRENNA"	19591229	6.8
249189994	"BRENNA"	19591230	7.2
249189994	"BRENNA"	19591231	0.3
249189994	"BRENNA"	19600101	0.5
249189994	"BRENNA"	19600103	0.4
249189994	"BRENNA"	19600104	1.1
249189994	"BRENNA"	19600105	5.3
249189994	"BRENNA"	19600106	6.3
249189994	"BRENNA"	19600107	6.8
249189994	"BRENNA"	19600108	3.9
249189994	"BRENNA"	19600109	2.7
249189994	"BRENNA"	19600112	11.8
249189994	"BRENNA"	19600113	1.2
249189994	"BRENNA"	19600114	0.2
249189994	"BRENNA"	19600120	3
249189994	"BRENNA"	19600121	5.9
249189994	"BRENNA"	19600128	5.7
249189994	"BRENNA"	19600130	15
249189994	"BRENNA"	19600131	0.9
249189994	"BRENNA"	19600213	23.6
249189994	"BRENNA"	19600217	1.5
249189994	"BRENNA"	19600218	1.8
249189994	"BRENNA"	19600219	0.2
249189994	"BRENNA"	19600223	0.5
249189994	"BRENNA"	19600224	7.4
249189994	"BRENNA"	19600225	0.9
249189994	"BRENNA"	19600227	1.6
249189994	"BRENNA"	19600229	0.5
249189994	"BRENNA"	19600301	2.1
249189994	"BRENNA"	19600302	0.6
249189994	"BRENNA"	19600303	1.2
249189994	"BRENNA"	19600307	0.3
249189994	"BRENNA"	19600312	0.2
249189994	"BRENNA"	19600316	3
249189994	"BRENNA"	19600317	4.9
249189994	"BRENNA"	19600318	14.1
249189994	"BRENNA"	19600319	4.2
249189994	"BRENNA"	19600404	2.2
249189994	"BRENNA"	19600406	1.3
249189994	"BRENNA"	19600407	2.4
249189994	"BRENNA"	19600408	18
249189994	"BRENNA"	19600412	0.6
249189994	"BRENNA"	19600414	14
249189994	"BRENNA"	19600415	0.3
249189994	"BRENNA"	19600416	0.2
249189994	"BRENNA"	19600417	0.7
249189994	"BRENNA"	19600421	0.3
249189994	"BRENNA"	19600422	5
249189994	"BRENNA"	19600423	3.7
249189994	"BRENNA"	19600424	11.8
249189994	"BRENNA"	19600425	5.9
249189994	"BRENNA"	19600426	0.8
249189994	"BRENNA"	19600428	12
249189994	"BRENNA"	19600429	3.3
249189994	"BRENNA"	19600430	0.6
249189994	"BRENNA"	19600501	0.6
249189994	"BRENNA"	19600508	2.1
249189994	"BRENNA"	19600509	3.4
249189994	"BRENNA"	19600513	0.1
249189994	"BRENNA"	19600517	13.5
249189994	"BRENNA"	19600519	9.5
249189994	"BRENNA"	19600520	42.4
249189994	"BRENNA"	19600521	1.9
249189994	"BRENNA"	19600522	17.1
249189994	"BRENNA"	19600523	20.1
249189994	"BRENNA"	19600524	8.2
249189994	"BRENNA"	19600525	7
249189994	"BRENNA"	19600526	12.3
249189994	"BRENNA"	19600529	4.2
249189994	"BRENNA"	19600530	1
249189994	"BRENNA"	19600531	2.1
249189994	"BRENNA"	19600601	0.1
249189994	"BRENNA"	19600602	7.2
249189994	"BRENNA"	19600603	7.2
249189994	"BRENNA"	19600604	12.7
249189994	"BRENNA"	19600608	1
249189994	"BRENNA"	19600610	29.1
249189994	"BRENNA"	19600611	18.4
249189994	"BRENNA"	19600614	11.3
249189994	"BRENNA"	19600615	8.1
249189994	"BRENNA"	19600617	4
249189994	"BRENNA"	19600618	1.7
249189994	"BRENNA"	19600619	40.4
249189994	"BRENNA"	19600620	18.9
249189994	"BRENNA"	19600621	2.4
249189994	"BRENNA"	19600622	3.2
249189994	"BRENNA"	19600625	3.5
249189994	"BRENNA"	19600626	9.5
249189994	"BRENNA"	19600627	9.1
249189994	"BRENNA"	19600628	5.1
249189994	"BRENNA"	19600629	5.8
249189994	"BRENNA"	19600630	0.2
249189994	"BRENNA"	19600701	4.2
249189994	"BRENNA"	19600703	3.3
249189994	"BRENNA"	19600704	4.8
249189994	"BRENNA"	19600705	1.5
249189994	"BRENNA"	19600706	27.1
249189994	"BRENNA"	19600707	11.5
249189994	"BRENNA"	19600708	18.5
249189994	"BRENNA"	19600709	37.7
249189994	"BRENNA"	19600712	41.6
249189994	"BRENNA"	19600713	40.6
249189994	"BRENNA"	19600716	7.9
249189994	"BRENNA"	19600717	0.2
249189994	"BRENNA"	19600720	16.5
249189994	"BRENNA"	19600721	9.8
249189994	"BRENNA"	19600722	0.6
249189994	"BRENNA"	19600723	35
249189994	"BRENNA"	19600724	49.5
249189994	"BRENNA"	19600725	154.1
249189994	"BRENNA"	19600726	41
249189994	"BRENNA"	19600727	11.9
249189994	"BRENNA"	19600728	0.3
249189994	"BRENNA"	19600729	0.2
249189994	"BRENNA"	19600802	13.3
249189994	"BRENNA"	19600805	7.2
249189994	"BRENNA"	19600806	12.4
249189994	"BRENNA"	19600807	0.3
249189994	"BRENNA"	19600808	13.8
249189994	"BRENNA"	19600809	4.2
249189994	"BRENNA"	19600812	1.3
249189994	"BRENNA"	19600813	32.5
249189994	"BRENNA"	19600815	5.5
249189994	"BRENNA"	19600816	0.2
249189994	"BRENNA"	19600817	0.3
249189994	"BRENNA"	19600819	16.4
249189994	"BRENNA"	19600820	0.5
249189994	"BRENNA"	19600821	1.2
249189994	"BRENNA"	19600822	0.1
249189994	"BRENNA"	19600823	0.4
249189994	"BRENNA"	19600828	7.6
249189994	"BRENNA"	19600829	21.8
249189994	"BRENNA"	19600830	1.3
249189994	"BRENNA"	19600831	0.2
249189994	"BRENNA"	19600901	2.3
249189994	"BRENNA"	19600902	12.7
249189994	"BRENNA"	19600904	3.3
249189994	"BRENNA"	19600905	21.3
249189994	"BRENNA"	19600906	9.8
249189994	"BRENNA"	19600907	2.9
249189994	"BRENNA"	19600908	10
249189994	"BRENNA"	19600909	0.6
249189994	"BRENNA"	19600921	0.2
249189994	"BRENNA"	19600922	0.2
249189994	"BRENNA"	19600926	5.1
249189994	"BRENNA"	19600927	1.7
249189994	"BRENNA"	19600928	3.4
249189994	"BRENNA"	19601001	15.1
249189994	"BRENNA"	19601002	0.7
249189994	"BRENNA"	19601007	3.9
249189994	"BRENNA"	19601008	5.1
249189994	"BRENNA"	19601010	0.5
249189994	"BRENNA"	19601011	0.3
249189994	"BRENNA"	19601015	2.5
249189994	"BRENNA"	19601016	1.6
249189994	"BRENNA"	19601017	9.6
249189994	"BRENNA"	19601018	8.9
249189994	"BRENNA"	19601021	12.5
249189994	"BRENNA"	19601022	2.6
249189994	"BRENNA"	19601031	1.3
249189994	"BRENNA"	19601101	1.8
249189994	"BRENNA"	19601102	3.5
249189994	"BRENNA"	19601105	2.9
249189994	"BRENNA"	19601107	0.3
249189994	"BRENNA"	19601108	0.1
249189994	"BRENNA"	19601113	3.2
249189994	"BRENNA"	19601114	2.2
249189994	"BRENNA"	19601115	0.3
249189994	"BRENNA"	19601116	14.2
249189994	"BRENNA"	19601117	0.2
249189994	"BRENNA"	19601118	4.2
249189994	"BRENNA"	19601119	14.2
249189994	"BRENNA"	19601120	0.5
249189994	"BRENNA"	19601125	1.1
249189994	"BRENNA"	19601127	0.3
249189994	"BRENNA"	19601128	4.9
249189994	"BRENNA"	19601129	0.3
249189994	"BRENNA"	19601130	1
249189994	"BRENNA"	19601204	0.7
249189994	"BRENNA"	19601207	0.9
249189994	"BRENNA"	19601208	3.5
249189994	"BRENNA"	19601209	2.1
249189994	"BRENNA"	19601211	8.3
249189994	"BRENNA"	19601212	7.8
249189994	"BRENNA"	19601213	1.4
249189994	"BRENNA"	19601214	2.1
249189994	"BRENNA"	19601215	0.2
249189994	"BRENNA"	19601217	0.1
249189994	"BRENNA"	19601219	10.5
249189994	"BRENNA"	19601229	1.2
249189994	"BRENNA"	19601230	0.3
