"V1"	"V2"	"V3"	"V4"
249180280	"ISTEBNA-STECÓWKA"	19501101	0.9
249180280	"ISTEBNA-STECÓWKA"	19501102	0.3
249180280	"ISTEBNA-STECÓWKA"	19501104	2.6
249180280	"ISTEBNA-STECÓWKA"	19501105	1
249180280	"ISTEBNA-STECÓWKA"	19501106	0.6
249180280	"ISTEBNA-STECÓWKA"	19501107	2.5
249180280	"ISTEBNA-STECÓWKA"	19501108	1.8
249180280	"ISTEBNA-STECÓWKA"	19501113	1.6
249180280	"ISTEBNA-STECÓWKA"	19501114	11.2
249180280	"ISTEBNA-STECÓWKA"	19501115	26.2
249180280	"ISTEBNA-STECÓWKA"	19501116	0.8
249180280	"ISTEBNA-STECÓWKA"	19501117	13.8
249180280	"ISTEBNA-STECÓWKA"	19501123	10
249180280	"ISTEBNA-STECÓWKA"	19501125	6.5
249180280	"ISTEBNA-STECÓWKA"	19501128	15.2
249180280	"ISTEBNA-STECÓWKA"	19501129	0.9
249180280	"ISTEBNA-STECÓWKA"	19501130	1.5
249180280	"ISTEBNA-STECÓWKA"	19501203	5.3
249180280	"ISTEBNA-STECÓWKA"	19501204	1.7
249180280	"ISTEBNA-STECÓWKA"	19501205	1.2
249180280	"ISTEBNA-STECÓWKA"	19501210	10.7
249180280	"ISTEBNA-STECÓWKA"	19501212	3.2
249180280	"ISTEBNA-STECÓWKA"	19501213	1.4
249180280	"ISTEBNA-STECÓWKA"	19501216	7.5
249180280	"ISTEBNA-STECÓWKA"	19501217	3.6
249180280	"ISTEBNA-STECÓWKA"	19501218	4.2
249180280	"ISTEBNA-STECÓWKA"	19501219	10
249180280	"ISTEBNA-STECÓWKA"	19501225	3.6
249180280	"ISTEBNA-STECÓWKA"	19501226	3.8
249180280	"ISTEBNA-STECÓWKA"	19501230	0.6
249180280	"ISTEBNA-STECÓWKA"	19510103	1.5
249180280	"ISTEBNA-STECÓWKA"	19510113	10.5
249180280	"ISTEBNA-STECÓWKA"	19510114	4.2
249180280	"ISTEBNA-STECÓWKA"	19510115	8.3
249180280	"ISTEBNA-STECÓWKA"	19510116	7.6
249180280	"ISTEBNA-STECÓWKA"	19510117	2.8
249180280	"ISTEBNA-STECÓWKA"	19510118	12.5
249180280	"ISTEBNA-STECÓWKA"	19510119	22.4
249180280	"ISTEBNA-STECÓWKA"	19510120	33.5
249180280	"ISTEBNA-STECÓWKA"	19510121	48.5
249180280	"ISTEBNA-STECÓWKA"	19510122	4.3
249180280	"ISTEBNA-STECÓWKA"	19510214	2.6
249180280	"ISTEBNA-STECÓWKA"	19510218	2.7
249180280	"ISTEBNA-STECÓWKA"	19510220	4
249180280	"ISTEBNA-STECÓWKA"	19510223	6.3
249180280	"ISTEBNA-STECÓWKA"	19510225	8.9
249180280	"ISTEBNA-STECÓWKA"	19510226	15.8
249180280	"ISTEBNA-STECÓWKA"	19510227	5
249180280	"ISTEBNA-STECÓWKA"	19510228	6.1
249180280	"ISTEBNA-STECÓWKA"	19510303	1.8
249180280	"ISTEBNA-STECÓWKA"	19510305	5.1
249180280	"ISTEBNA-STECÓWKA"	19510306	5.4
249180280	"ISTEBNA-STECÓWKA"	19510307	1.6
249180280	"ISTEBNA-STECÓWKA"	19510308	1.2
249180280	"ISTEBNA-STECÓWKA"	19510309	10
249180280	"ISTEBNA-STECÓWKA"	19510312	0.9
249180280	"ISTEBNA-STECÓWKA"	19510314	3.5
249180280	"ISTEBNA-STECÓWKA"	19510317	9
249180280	"ISTEBNA-STECÓWKA"	19510318	6.7
249180280	"ISTEBNA-STECÓWKA"	19510319	10.4
249180280	"ISTEBNA-STECÓWKA"	19510320	4.9
249180280	"ISTEBNA-STECÓWKA"	19510321	4.8
249180280	"ISTEBNA-STECÓWKA"	19510323	2.2
249180280	"ISTEBNA-STECÓWKA"	19510324	11.8
249180280	"ISTEBNA-STECÓWKA"	19510325	3.2
249180280	"ISTEBNA-STECÓWKA"	19510327	2.8
249180280	"ISTEBNA-STECÓWKA"	19510328	2.4
249180280	"ISTEBNA-STECÓWKA"	19510329	2.5
249180280	"ISTEBNA-STECÓWKA"	19510330	5.3
249180280	"ISTEBNA-STECÓWKA"	19510401	34.5
249180280	"ISTEBNA-STECÓWKA"	19510408	8.5
249180280	"ISTEBNA-STECÓWKA"	19510409	8.7
249180280	"ISTEBNA-STECÓWKA"	19510414	2.8
249180280	"ISTEBNA-STECÓWKA"	19510415	0.8
249180280	"ISTEBNA-STECÓWKA"	19510419	4.6
249180280	"ISTEBNA-STECÓWKA"	19510420	1.4
249180280	"ISTEBNA-STECÓWKA"	19510421	13.4
249180280	"ISTEBNA-STECÓWKA"	19510422	8.2
249180280	"ISTEBNA-STECÓWKA"	19510430	1.7
249180280	"ISTEBNA-STECÓWKA"	19510503	32.8
249180280	"ISTEBNA-STECÓWKA"	19510504	5.4
249180280	"ISTEBNA-STECÓWKA"	19510505	5.2
249180280	"ISTEBNA-STECÓWKA"	19510506	23.8
249180280	"ISTEBNA-STECÓWKA"	19510509	2.3
249180280	"ISTEBNA-STECÓWKA"	19510510	32.5
249180280	"ISTEBNA-STECÓWKA"	19510511	29.2
249180280	"ISTEBNA-STECÓWKA"	19510514	7.7
249180280	"ISTEBNA-STECÓWKA"	19510515	1.1
249180280	"ISTEBNA-STECÓWKA"	19510516	13
249180280	"ISTEBNA-STECÓWKA"	19510518	7
249180280	"ISTEBNA-STECÓWKA"	19510520	1
249180280	"ISTEBNA-STECÓWKA"	19510521	7.8
249180280	"ISTEBNA-STECÓWKA"	19510522	2
249180280	"ISTEBNA-STECÓWKA"	19510523	5
249180280	"ISTEBNA-STECÓWKA"	19510528	6.2
249180280	"ISTEBNA-STECÓWKA"	19510603	2.4
249180280	"ISTEBNA-STECÓWKA"	19510604	3.2
249180280	"ISTEBNA-STECÓWKA"	19510605	17.2
249180280	"ISTEBNA-STECÓWKA"	19510606	2.5
249180280	"ISTEBNA-STECÓWKA"	19510607	13
249180280	"ISTEBNA-STECÓWKA"	19510609	11.7
249180280	"ISTEBNA-STECÓWKA"	19510611	2
249180280	"ISTEBNA-STECÓWKA"	19510613	6.7
249180280	"ISTEBNA-STECÓWKA"	19510618	0.2
249180280	"ISTEBNA-STECÓWKA"	19510619	5
249180280	"ISTEBNA-STECÓWKA"	19510624	26.2
249180280	"ISTEBNA-STECÓWKA"	19510625	9.6
249180280	"ISTEBNA-STECÓWKA"	19510628	3.9
249180280	"ISTEBNA-STECÓWKA"	19510630	1
249180280	"ISTEBNA-STECÓWKA"	19510703	0.8
249180280	"ISTEBNA-STECÓWKA"	19510704	0.3
249180280	"ISTEBNA-STECÓWKA"	19510712	0.9
249180280	"ISTEBNA-STECÓWKA"	19510713	15
249180280	"ISTEBNA-STECÓWKA"	19510715	14.6
249180280	"ISTEBNA-STECÓWKA"	19510716	10.5
249180280	"ISTEBNA-STECÓWKA"	19510718	0.8
249180280	"ISTEBNA-STECÓWKA"	19510723	2.7
249180280	"ISTEBNA-STECÓWKA"	19510724	12.2
249180280	"ISTEBNA-STECÓWKA"	19510725	13.8
249180280	"ISTEBNA-STECÓWKA"	19510726	8.8
249180280	"ISTEBNA-STECÓWKA"	19510727	4.3
249180280	"ISTEBNA-STECÓWKA"	19510805	5.5
249180280	"ISTEBNA-STECÓWKA"	19510809	3.8
249180280	"ISTEBNA-STECÓWKA"	19510810	0.8
249180280	"ISTEBNA-STECÓWKA"	19510811	4.5
249180280	"ISTEBNA-STECÓWKA"	19510814	28
249180280	"ISTEBNA-STECÓWKA"	19510816	6.5
249180280	"ISTEBNA-STECÓWKA"	19510817	2.6
249180280	"ISTEBNA-STECÓWKA"	19510822	20.8
249180280	"ISTEBNA-STECÓWKA"	19510823	4.6
249180280	"ISTEBNA-STECÓWKA"	19510824	0.7
249180280	"ISTEBNA-STECÓWKA"	19510826	6.5
249180280	"ISTEBNA-STECÓWKA"	19510827	3.3
249180280	"ISTEBNA-STECÓWKA"	19510903	0.9
249180280	"ISTEBNA-STECÓWKA"	19510917	3.4
249180280	"ISTEBNA-STECÓWKA"	19510919	5.7
249180280	"ISTEBNA-STECÓWKA"	19510920	14
249180280	"ISTEBNA-STECÓWKA"	19510921	2
249180280	"ISTEBNA-STECÓWKA"	19510924	2.4
249180280	"ISTEBNA-STECÓWKA"	19510927	8.9
249180280	"ISTEBNA-STECÓWKA"	19511023	2.4
249180280	"ISTEBNA-STECÓWKA"	19511102	4.5
249180280	"ISTEBNA-STECÓWKA"	19511103	2.4
249180280	"ISTEBNA-STECÓWKA"	19511104	0.4
249180280	"ISTEBNA-STECÓWKA"	19511114	2.8
249180280	"ISTEBNA-STECÓWKA"	19511115	3.6
249180280	"ISTEBNA-STECÓWKA"	19511121	10
249180280	"ISTEBNA-STECÓWKA"	19511122	25.8
249180280	"ISTEBNA-STECÓWKA"	19511123	12.6
249180280	"ISTEBNA-STECÓWKA"	19511124	5
249180280	"ISTEBNA-STECÓWKA"	19511126	5.7
249180280	"ISTEBNA-STECÓWKA"	19511127	4.2
249180280	"ISTEBNA-STECÓWKA"	19511128	10.7
249180280	"ISTEBNA-STECÓWKA"	19511130	20.6
249180280	"ISTEBNA-STECÓWKA"	19511203	2.2
249180280	"ISTEBNA-STECÓWKA"	19511204	27.1
249180280	"ISTEBNA-STECÓWKA"	19511209	2
249180280	"ISTEBNA-STECÓWKA"	19511210	10.8
249180280	"ISTEBNA-STECÓWKA"	19511211	3.2
249180280	"ISTEBNA-STECÓWKA"	19511212	4.5
249180280	"ISTEBNA-STECÓWKA"	19511213	26
249180280	"ISTEBNA-STECÓWKA"	19511214	6.7
249180280	"ISTEBNA-STECÓWKA"	19511215	2.6
249180280	"ISTEBNA-STECÓWKA"	19511226	1.1
249180280	"ISTEBNA-STECÓWKA"	19511227	2
249180280	"ISTEBNA-STECÓWKA"	19511228	7.2
249180280	"ISTEBNA-STECÓWKA"	19511229	3.2
249180280	"ISTEBNA-STECÓWKA"	19511230	9.5
249180280	"ISTEBNA-STECÓWKA"	19511231	1.2
249180280	"ISTEBNA-STECÓWKA"	19520101	5.2
249180280	"ISTEBNA-STECÓWKA"	19520104	3
249180280	"ISTEBNA-STECÓWKA"	19520105	7.7
249180280	"ISTEBNA-STECÓWKA"	19520106	7.5
249180280	"ISTEBNA-STECÓWKA"	19520107	5.5
249180280	"ISTEBNA-STECÓWKA"	19520111	4.9
249180280	"ISTEBNA-STECÓWKA"	19520112	1.2
249180280	"ISTEBNA-STECÓWKA"	19520113	6.5
249180280	"ISTEBNA-STECÓWKA"	19520114	2.8
249180280	"ISTEBNA-STECÓWKA"	19520115	1.7
249180280	"ISTEBNA-STECÓWKA"	19520118	15.7
249180280	"ISTEBNA-STECÓWKA"	19520119	14
249180280	"ISTEBNA-STECÓWKA"	19520120	12.8
249180280	"ISTEBNA-STECÓWKA"	19520121	5
249180280	"ISTEBNA-STECÓWKA"	19520127	16
249180280	"ISTEBNA-STECÓWKA"	19520128	3.4
249180280	"ISTEBNA-STECÓWKA"	19520201	14.5
249180280	"ISTEBNA-STECÓWKA"	19520202	5
249180280	"ISTEBNA-STECÓWKA"	19520203	2
249180280	"ISTEBNA-STECÓWKA"	19520204	20.3
249180280	"ISTEBNA-STECÓWKA"	19520205	31.2
249180280	"ISTEBNA-STECÓWKA"	19520206	5
249180280	"ISTEBNA-STECÓWKA"	19520208	5.2
249180280	"ISTEBNA-STECÓWKA"	19520209	4.5
249180280	"ISTEBNA-STECÓWKA"	19520210	7.8
249180280	"ISTEBNA-STECÓWKA"	19520211	21
249180280	"ISTEBNA-STECÓWKA"	19520214	26.4
249180280	"ISTEBNA-STECÓWKA"	19520215	36.5
249180280	"ISTEBNA-STECÓWKA"	19520216	2.5
249180280	"ISTEBNA-STECÓWKA"	19520217	7
249180280	"ISTEBNA-STECÓWKA"	19520218	6.8
249180280	"ISTEBNA-STECÓWKA"	19520219	2.3
249180280	"ISTEBNA-STECÓWKA"	19520220	10
249180280	"ISTEBNA-STECÓWKA"	19520221	10
249180280	"ISTEBNA-STECÓWKA"	19520222	16.5
249180280	"ISTEBNA-STECÓWKA"	19520223	6.8
249180280	"ISTEBNA-STECÓWKA"	19520224	6.8
249180280	"ISTEBNA-STECÓWKA"	19520226	13.5
249180280	"ISTEBNA-STECÓWKA"	19520227	4.8
249180280	"ISTEBNA-STECÓWKA"	19520228	10.5
249180280	"ISTEBNA-STECÓWKA"	19520302	4.6
249180280	"ISTEBNA-STECÓWKA"	19520304	3.5
249180280	"ISTEBNA-STECÓWKA"	19520305	5.9
249180280	"ISTEBNA-STECÓWKA"	19520306	16.1
249180280	"ISTEBNA-STECÓWKA"	19520313	24.3
249180280	"ISTEBNA-STECÓWKA"	19520314	5.2
249180280	"ISTEBNA-STECÓWKA"	19520322	6.8
249180280	"ISTEBNA-STECÓWKA"	19520323	7.4
249180280	"ISTEBNA-STECÓWKA"	19520324	10.7
249180280	"ISTEBNA-STECÓWKA"	19520326	15
249180280	"ISTEBNA-STECÓWKA"	19520330	1.6
249180280	"ISTEBNA-STECÓWKA"	19520401	16.7
249180280	"ISTEBNA-STECÓWKA"	19520406	5.8
249180280	"ISTEBNA-STECÓWKA"	19520425	0.5
249180280	"ISTEBNA-STECÓWKA"	19520426	0.4
249180280	"ISTEBNA-STECÓWKA"	19520428	0.2
249180280	"ISTEBNA-STECÓWKA"	19520429	2.9
249180280	"ISTEBNA-STECÓWKA"	19520505	1.6
249180280	"ISTEBNA-STECÓWKA"	19520506	2.8
249180280	"ISTEBNA-STECÓWKA"	19520507	13.2
249180280	"ISTEBNA-STECÓWKA"	19520509	0.6
249180280	"ISTEBNA-STECÓWKA"	19520510	0.3
249180280	"ISTEBNA-STECÓWKA"	19520511	0.3
249180280	"ISTEBNA-STECÓWKA"	19520512	13.9
249180280	"ISTEBNA-STECÓWKA"	19520513	2.2
249180280	"ISTEBNA-STECÓWKA"	19520515	10.2
249180280	"ISTEBNA-STECÓWKA"	19520516	4.5
249180280	"ISTEBNA-STECÓWKA"	19520517	0.2
249180280	"ISTEBNA-STECÓWKA"	19520519	9.1
249180280	"ISTEBNA-STECÓWKA"	19520520	11.5
249180280	"ISTEBNA-STECÓWKA"	19520521	7.8
249180280	"ISTEBNA-STECÓWKA"	19520523	2.3
249180280	"ISTEBNA-STECÓWKA"	19520524	14.8
249180280	"ISTEBNA-STECÓWKA"	19520525	11
249180280	"ISTEBNA-STECÓWKA"	19520526	10
249180280	"ISTEBNA-STECÓWKA"	19520527	2.8
249180280	"ISTEBNA-STECÓWKA"	19520528	3.3
249180280	"ISTEBNA-STECÓWKA"	19520602	3.4
249180280	"ISTEBNA-STECÓWKA"	19520603	14.2
249180280	"ISTEBNA-STECÓWKA"	19520604	2.5
249180280	"ISTEBNA-STECÓWKA"	19520607	13.5
249180280	"ISTEBNA-STECÓWKA"	19520608	2
249180280	"ISTEBNA-STECÓWKA"	19520609	10.5
249180280	"ISTEBNA-STECÓWKA"	19520610	4.7
249180280	"ISTEBNA-STECÓWKA"	19520611	15.8
249180280	"ISTEBNA-STECÓWKA"	19520612	0.5
249180280	"ISTEBNA-STECÓWKA"	19520614	1.5
249180280	"ISTEBNA-STECÓWKA"	19520616	15
249180280	"ISTEBNA-STECÓWKA"	19520618	0.7
249180280	"ISTEBNA-STECÓWKA"	19520619	6
249180280	"ISTEBNA-STECÓWKA"	19520620	5
249180280	"ISTEBNA-STECÓWKA"	19520623	11.2
249180280	"ISTEBNA-STECÓWKA"	19520624	8.2
249180280	"ISTEBNA-STECÓWKA"	19520625	11.5
249180280	"ISTEBNA-STECÓWKA"	19520626	11.2
249180280	"ISTEBNA-STECÓWKA"	19520627	2.7
249180280	"ISTEBNA-STECÓWKA"	19520712	0.2
249180280	"ISTEBNA-STECÓWKA"	19520714	11.3
249180280	"ISTEBNA-STECÓWKA"	19520716	1.2
249180280	"ISTEBNA-STECÓWKA"	19520718	13.8
249180280	"ISTEBNA-STECÓWKA"	19520719	0.4
249180280	"ISTEBNA-STECÓWKA"	19520723	20.6
249180280	"ISTEBNA-STECÓWKA"	19520725	5
249180280	"ISTEBNA-STECÓWKA"	19520729	2.2
249180280	"ISTEBNA-STECÓWKA"	19520803	2.1
249180280	"ISTEBNA-STECÓWKA"	19520807	2.2
249180280	"ISTEBNA-STECÓWKA"	19520808	1.8
249180280	"ISTEBNA-STECÓWKA"	19520816	37.5
249180280	"ISTEBNA-STECÓWKA"	19520817	3.7
249180280	"ISTEBNA-STECÓWKA"	19520818	5.7
249180280	"ISTEBNA-STECÓWKA"	19520820	9.2
249180280	"ISTEBNA-STECÓWKA"	19520821	1.4
249180280	"ISTEBNA-STECÓWKA"	19520822	12
249180280	"ISTEBNA-STECÓWKA"	19520824	2
249180280	"ISTEBNA-STECÓWKA"	19520831	19.8
249180280	"ISTEBNA-STECÓWKA"	19520901	4.8
249180280	"ISTEBNA-STECÓWKA"	19520902	5
249180280	"ISTEBNA-STECÓWKA"	19520903	0.7
249180280	"ISTEBNA-STECÓWKA"	19520904	6.7
249180280	"ISTEBNA-STECÓWKA"	19520906	4.8
249180280	"ISTEBNA-STECÓWKA"	19520907	13.1
249180280	"ISTEBNA-STECÓWKA"	19520908	4.5
249180280	"ISTEBNA-STECÓWKA"	19520909	31
249180280	"ISTEBNA-STECÓWKA"	19520910	4.4
249180280	"ISTEBNA-STECÓWKA"	19520911	4.6
249180280	"ISTEBNA-STECÓWKA"	19520912	5.4
249180280	"ISTEBNA-STECÓWKA"	19520913	15.3
249180280	"ISTEBNA-STECÓWKA"	19520918	6.1
249180280	"ISTEBNA-STECÓWKA"	19520919	13.8
249180280	"ISTEBNA-STECÓWKA"	19520920	3.1
249180280	"ISTEBNA-STECÓWKA"	19520922	5.8
249180280	"ISTEBNA-STECÓWKA"	19520923	26.7
249180280	"ISTEBNA-STECÓWKA"	19520924	11
249180280	"ISTEBNA-STECÓWKA"	19520926	2.8
249180280	"ISTEBNA-STECÓWKA"	19520927	5.7
249180280	"ISTEBNA-STECÓWKA"	19520928	5.5
249180280	"ISTEBNA-STECÓWKA"	19520929	8.8
249180280	"ISTEBNA-STECÓWKA"	19521001	0.4
249180280	"ISTEBNA-STECÓWKA"	19521002	11.6
249180280	"ISTEBNA-STECÓWKA"	19521004	3.5
249180280	"ISTEBNA-STECÓWKA"	19521005	28
249180280	"ISTEBNA-STECÓWKA"	19521006	0.5
249180280	"ISTEBNA-STECÓWKA"	19521007	3.6
249180280	"ISTEBNA-STECÓWKA"	19521008	6.2
249180280	"ISTEBNA-STECÓWKA"	19521010	0.7
249180280	"ISTEBNA-STECÓWKA"	19521011	1.8
249180280	"ISTEBNA-STECÓWKA"	19521012	16
249180280	"ISTEBNA-STECÓWKA"	19521014	3
249180280	"ISTEBNA-STECÓWKA"	19521016	2.5
249180280	"ISTEBNA-STECÓWKA"	19521017	2.2
249180280	"ISTEBNA-STECÓWKA"	19521018	2.5
249180280	"ISTEBNA-STECÓWKA"	19521019	0.4
249180280	"ISTEBNA-STECÓWKA"	19521020	4.1
249180280	"ISTEBNA-STECÓWKA"	19521021	6.2
249180280	"ISTEBNA-STECÓWKA"	19521023	12.9
249180280	"ISTEBNA-STECÓWKA"	19521024	0.5
249180280	"ISTEBNA-STECÓWKA"	19521025	0.4
249180280	"ISTEBNA-STECÓWKA"	19521026	11.6
249180280	"ISTEBNA-STECÓWKA"	19521027	6.3
249180280	"ISTEBNA-STECÓWKA"	19521030	1.5
249180280	"ISTEBNA-STECÓWKA"	19521031	15.5
249180280	"ISTEBNA-STECÓWKA"	19521101	24.2
249180280	"ISTEBNA-STECÓWKA"	19521102	1.5
249180280	"ISTEBNA-STECÓWKA"	19521103	11.3
249180280	"ISTEBNA-STECÓWKA"	19521106	3.9
249180280	"ISTEBNA-STECÓWKA"	19521107	17.5
249180280	"ISTEBNA-STECÓWKA"	19521108	30.3
249180280	"ISTEBNA-STECÓWKA"	19521109	20.8
249180280	"ISTEBNA-STECÓWKA"	19521110	12.5
249180280	"ISTEBNA-STECÓWKA"	19521111	3.3
249180280	"ISTEBNA-STECÓWKA"	19521112	2.3
249180280	"ISTEBNA-STECÓWKA"	19521113	10.2
249180280	"ISTEBNA-STECÓWKA"	19521114	12.4
249180280	"ISTEBNA-STECÓWKA"	19521115	4.1
249180280	"ISTEBNA-STECÓWKA"	19521121	5.5
249180280	"ISTEBNA-STECÓWKA"	19521123	3.3
249180280	"ISTEBNA-STECÓWKA"	19521127	2.7
249180280	"ISTEBNA-STECÓWKA"	19521128	7.1
249180280	"ISTEBNA-STECÓWKA"	19521130	3.5
249180280	"ISTEBNA-STECÓWKA"	19521213	2
249180280	"ISTEBNA-STECÓWKA"	19521215	11.4
249180280	"ISTEBNA-STECÓWKA"	19521221	2.2
249180280	"ISTEBNA-STECÓWKA"	19521222	2.6
249180280	"ISTEBNA-STECÓWKA"	19521225	4.8
249180280	"ISTEBNA-STECÓWKA"	19521227	2.2
249180280	"ISTEBNA-STECÓWKA"	19521228	1.2
249180280	"ISTEBNA-STECÓWKA"	19521229	1.4
249180280	"ISTEBNA-STECÓWKA"	19521230	2.8
249180280	"ISTEBNA-STECÓWKA"	19521231	3.4
249180280	"ISTEBNA-STECÓWKA"	19530102	10.5
249180280	"ISTEBNA-STECÓWKA"	19530104	4.3
249180280	"ISTEBNA-STECÓWKA"	19530107	3.6
249180280	"ISTEBNA-STECÓWKA"	19530108	5
249180280	"ISTEBNA-STECÓWKA"	19530109	2.3
249180280	"ISTEBNA-STECÓWKA"	19530110	2.8
249180280	"ISTEBNA-STECÓWKA"	19530111	11.2
249180280	"ISTEBNA-STECÓWKA"	19530119	4.6
249180280	"ISTEBNA-STECÓWKA"	19530120	9.8
249180280	"ISTEBNA-STECÓWKA"	19530121	5.1
249180280	"ISTEBNA-STECÓWKA"	19530122	17.8
249180280	"ISTEBNA-STECÓWKA"	19530123	2.3
249180280	"ISTEBNA-STECÓWKA"	19530127	26
249180280	"ISTEBNA-STECÓWKA"	19530128	7.6
249180280	"ISTEBNA-STECÓWKA"	19530129	11.5
249180280	"ISTEBNA-STECÓWKA"	19530131	1.4
249180280	"ISTEBNA-STECÓWKA"	19530202	12.7
249180280	"ISTEBNA-STECÓWKA"	19530204	1.6
249180280	"ISTEBNA-STECÓWKA"	19530205	1.7
249180280	"ISTEBNA-STECÓWKA"	19530206	2.5
249180280	"ISTEBNA-STECÓWKA"	19530207	1.8
249180280	"ISTEBNA-STECÓWKA"	19530208	3.4
249180280	"ISTEBNA-STECÓWKA"	19530216	2.6
249180280	"ISTEBNA-STECÓWKA"	19530217	1.9
249180280	"ISTEBNA-STECÓWKA"	19530218	3.6
249180280	"ISTEBNA-STECÓWKA"	19530219	1.6
249180280	"ISTEBNA-STECÓWKA"	19530221	1
249180280	"ISTEBNA-STECÓWKA"	19530223	1.2
249180280	"ISTEBNA-STECÓWKA"	19530228	21.5
249180280	"ISTEBNA-STECÓWKA"	19530301	2.3
249180280	"ISTEBNA-STECÓWKA"	19530304	23.9
249180280	"ISTEBNA-STECÓWKA"	19530307	17.2
249180280	"ISTEBNA-STECÓWKA"	19530308	9.7
249180280	"ISTEBNA-STECÓWKA"	19530309	6.4
249180280	"ISTEBNA-STECÓWKA"	19530310	10.2
249180280	"ISTEBNA-STECÓWKA"	19530311	12.5
249180280	"ISTEBNA-STECÓWKA"	19530312	31.5
249180280	"ISTEBNA-STECÓWKA"	19530313	1
249180280	"ISTEBNA-STECÓWKA"	19530327	2.1
249180280	"ISTEBNA-STECÓWKA"	19530405	3.4
249180280	"ISTEBNA-STECÓWKA"	19530416	0.3
249180280	"ISTEBNA-STECÓWKA"	19530428	9.1
249180280	"ISTEBNA-STECÓWKA"	19530429	29.6
249180280	"ISTEBNA-STECÓWKA"	19530430	31
249180280	"ISTEBNA-STECÓWKA"	19530504	8.7
249180280	"ISTEBNA-STECÓWKA"	19530505	7.8
249180280	"ISTEBNA-STECÓWKA"	19530506	17
249180280	"ISTEBNA-STECÓWKA"	19530507	6
249180280	"ISTEBNA-STECÓWKA"	19530509	3.8
249180280	"ISTEBNA-STECÓWKA"	19530510	26
249180280	"ISTEBNA-STECÓWKA"	19530511	6.8
249180280	"ISTEBNA-STECÓWKA"	19530512	2
249180280	"ISTEBNA-STECÓWKA"	19530513	4.2
249180280	"ISTEBNA-STECÓWKA"	19530520	3.5
249180280	"ISTEBNA-STECÓWKA"	19530522	6.8
249180280	"ISTEBNA-STECÓWKA"	19530525	1.9
249180280	"ISTEBNA-STECÓWKA"	19530526	0.2
249180280	"ISTEBNA-STECÓWKA"	19530527	3.7
249180280	"ISTEBNA-STECÓWKA"	19530528	2.3
249180280	"ISTEBNA-STECÓWKA"	19530529	0.2
249180280	"ISTEBNA-STECÓWKA"	19530530	1
249180280	"ISTEBNA-STECÓWKA"	19530531	6.8
249180280	"ISTEBNA-STECÓWKA"	19530601	4
249180280	"ISTEBNA-STECÓWKA"	19530603	3.4
249180280	"ISTEBNA-STECÓWKA"	19530608	36.8
249180280	"ISTEBNA-STECÓWKA"	19530609	5.8
249180280	"ISTEBNA-STECÓWKA"	19530610	3
249180280	"ISTEBNA-STECÓWKA"	19530611	4.3
249180280	"ISTEBNA-STECÓWKA"	19530612	9.2
249180280	"ISTEBNA-STECÓWKA"	19530615	0.5
249180280	"ISTEBNA-STECÓWKA"	19530616	11.2
249180280	"ISTEBNA-STECÓWKA"	19530617	4.7
249180280	"ISTEBNA-STECÓWKA"	19530618	3.1
249180280	"ISTEBNA-STECÓWKA"	19530621	3.3
249180280	"ISTEBNA-STECÓWKA"	19530624	9
249180280	"ISTEBNA-STECÓWKA"	19530625	2.8
249180280	"ISTEBNA-STECÓWKA"	19530626	6.7
249180280	"ISTEBNA-STECÓWKA"	19530627	2.9
249180280	"ISTEBNA-STECÓWKA"	19530628	6.1
249180280	"ISTEBNA-STECÓWKA"	19530702	6.3
249180280	"ISTEBNA-STECÓWKA"	19530703	15.6
249180280	"ISTEBNA-STECÓWKA"	19530704	17.7
249180280	"ISTEBNA-STECÓWKA"	19530709	6
249180280	"ISTEBNA-STECÓWKA"	19530710	8.7
249180280	"ISTEBNA-STECÓWKA"	19530711	1.8
249180280	"ISTEBNA-STECÓWKA"	19530713	16.2
249180280	"ISTEBNA-STECÓWKA"	19530715	15.9
249180280	"ISTEBNA-STECÓWKA"	19530718	1.1
249180280	"ISTEBNA-STECÓWKA"	19530719	31.1
249180280	"ISTEBNA-STECÓWKA"	19530720	0.2
249180280	"ISTEBNA-STECÓWKA"	19530727	27
249180280	"ISTEBNA-STECÓWKA"	19530728	5.1
249180280	"ISTEBNA-STECÓWKA"	19530729	1.1
249180280	"ISTEBNA-STECÓWKA"	19530730	9.5
249180280	"ISTEBNA-STECÓWKA"	19530731	5.8
249180280	"ISTEBNA-STECÓWKA"	19530801	13.5
249180280	"ISTEBNA-STECÓWKA"	19530802	0
249180280	"ISTEBNA-STECÓWKA"	19530803	10.8
249180280	"ISTEBNA-STECÓWKA"	19530805	20.2
249180280	"ISTEBNA-STECÓWKA"	19530806	9.5
249180280	"ISTEBNA-STECÓWKA"	19530807	16.6
249180280	"ISTEBNA-STECÓWKA"	19530808	3.8
249180280	"ISTEBNA-STECÓWKA"	19530821	1.3
249180280	"ISTEBNA-STECÓWKA"	19530822	17
249180280	"ISTEBNA-STECÓWKA"	19530823	6.5
249180280	"ISTEBNA-STECÓWKA"	19530825	0.7
249180280	"ISTEBNA-STECÓWKA"	19530827	1.6
249180280	"ISTEBNA-STECÓWKA"	19530903	0.1
249180280	"ISTEBNA-STECÓWKA"	19530910	1.3
249180280	"ISTEBNA-STECÓWKA"	19530912	3.8
249180280	"ISTEBNA-STECÓWKA"	19530913	30.8
249180280	"ISTEBNA-STECÓWKA"	19530914	11.3
249180280	"ISTEBNA-STECÓWKA"	19530920	7.2
249180280	"ISTEBNA-STECÓWKA"	19530922	1.8
249180280	"ISTEBNA-STECÓWKA"	19530925	1.2
249180280	"ISTEBNA-STECÓWKA"	19530929	1.2
249180280	"ISTEBNA-STECÓWKA"	19530930	13.1
249180280	"ISTEBNA-STECÓWKA"	19531004	12.2
249180280	"ISTEBNA-STECÓWKA"	19531005	6
249180280	"ISTEBNA-STECÓWKA"	19531006	11
249180280	"ISTEBNA-STECÓWKA"	19531007	7.6
249180280	"ISTEBNA-STECÓWKA"	19531008	6.7
249180280	"ISTEBNA-STECÓWKA"	19531020	2.3
249180280	"ISTEBNA-STECÓWKA"	19531030	2.3
249180280	"ISTEBNA-STECÓWKA"	19531105	0.9
249180280	"ISTEBNA-STECÓWKA"	19531106	12.7
249180280	"ISTEBNA-STECÓWKA"	19531107	1.2
249180280	"ISTEBNA-STECÓWKA"	19531113	0.4
249180280	"ISTEBNA-STECÓWKA"	19531114	3.5
249180280	"ISTEBNA-STECÓWKA"	19531120	20
249180280	"ISTEBNA-STECÓWKA"	19531121	12
249180280	"ISTEBNA-STECÓWKA"	19531122	23.7
249180280	"ISTEBNA-STECÓWKA"	19531129	8.4
249180280	"ISTEBNA-STECÓWKA"	19531222	3.2
249180280	"ISTEBNA-STECÓWKA"	19531223	1.4
249180280	"ISTEBNA-STECÓWKA"	19531227	17
249180280	"ISTEBNA-STECÓWKA"	19531228	8.4
249180280	"ISTEBNA-STECÓWKA"	19531230	3.3
249180280	"ISTEBNA-STECÓWKA"	19540103	1.3
249180280	"ISTEBNA-STECÓWKA"	19540107	3.2
249180280	"ISTEBNA-STECÓWKA"	19540108	3.4
249180280	"ISTEBNA-STECÓWKA"	19540109	6.6
249180280	"ISTEBNA-STECÓWKA"	19540110	8.8
249180280	"ISTEBNA-STECÓWKA"	19540111	9
249180280	"ISTEBNA-STECÓWKA"	19540112	3
249180280	"ISTEBNA-STECÓWKA"	19540114	2.5
249180280	"ISTEBNA-STECÓWKA"	19540115	2.8
249180280	"ISTEBNA-STECÓWKA"	19540117	2.5
249180280	"ISTEBNA-STECÓWKA"	19540118	2.3
249180280	"ISTEBNA-STECÓWKA"	19540119	4.3
249180280	"ISTEBNA-STECÓWKA"	19540120	22.8
249180280	"ISTEBNA-STECÓWKA"	19540121	5.5
249180280	"ISTEBNA-STECÓWKA"	19540123	7.1
249180280	"ISTEBNA-STECÓWKA"	19540202	2.1
249180280	"ISTEBNA-STECÓWKA"	19540210	0.7
249180280	"ISTEBNA-STECÓWKA"	19540211	0.6
249180280	"ISTEBNA-STECÓWKA"	19540216	5.5
249180280	"ISTEBNA-STECÓWKA"	19540217	2.5
249180280	"ISTEBNA-STECÓWKA"	19540303	1.4
249180280	"ISTEBNA-STECÓWKA"	19540305	3.1
249180280	"ISTEBNA-STECÓWKA"	19540306	3.9
249180280	"ISTEBNA-STECÓWKA"	19540324	1.7
249180280	"ISTEBNA-STECÓWKA"	19540325	6.2
249180280	"ISTEBNA-STECÓWKA"	19540326	4.6
249180280	"ISTEBNA-STECÓWKA"	19540327	2.5
249180280	"ISTEBNA-STECÓWKA"	19540328	8.7
249180280	"ISTEBNA-STECÓWKA"	19540401	3.8
249180280	"ISTEBNA-STECÓWKA"	19540402	4
249180280	"ISTEBNA-STECÓWKA"	19540403	7.3
249180280	"ISTEBNA-STECÓWKA"	19540404	3.4
249180280	"ISTEBNA-STECÓWKA"	19540406	0.8
249180280	"ISTEBNA-STECÓWKA"	19540407	0.3
249180280	"ISTEBNA-STECÓWKA"	19540411	2.8
249180280	"ISTEBNA-STECÓWKA"	19540412	1.7
249180280	"ISTEBNA-STECÓWKA"	19540413	6.5
249180280	"ISTEBNA-STECÓWKA"	19540414	19.4
249180280	"ISTEBNA-STECÓWKA"	19540415	28.6
249180280	"ISTEBNA-STECÓWKA"	19540416	8.8
249180280	"ISTEBNA-STECÓWKA"	19540417	1.5
249180280	"ISTEBNA-STECÓWKA"	19540418	20.4
249180280	"ISTEBNA-STECÓWKA"	19540419	11.8
249180280	"ISTEBNA-STECÓWKA"	19540420	2.2
249180280	"ISTEBNA-STECÓWKA"	19540421	4.1
249180280	"ISTEBNA-STECÓWKA"	19540422	2.1
249180280	"ISTEBNA-STECÓWKA"	19540504	8.1
249180280	"ISTEBNA-STECÓWKA"	19540505	2.2
249180280	"ISTEBNA-STECÓWKA"	19540506	0.8
249180280	"ISTEBNA-STECÓWKA"	19540507	16.8
249180280	"ISTEBNA-STECÓWKA"	19540508	0.4
249180280	"ISTEBNA-STECÓWKA"	19540510	0.8
249180280	"ISTEBNA-STECÓWKA"	19540511	0.3
249180280	"ISTEBNA-STECÓWKA"	19540513	1
249180280	"ISTEBNA-STECÓWKA"	19540517	3.3
249180280	"ISTEBNA-STECÓWKA"	19540518	12
249180280	"ISTEBNA-STECÓWKA"	19540519	2.9
249180280	"ISTEBNA-STECÓWKA"	19540520	0.3
249180280	"ISTEBNA-STECÓWKA"	19540524	4
249180280	"ISTEBNA-STECÓWKA"	19540530	5.2
249180280	"ISTEBNA-STECÓWKA"	19540531	9.5
249180280	"ISTEBNA-STECÓWKA"	19540601	15.5
249180280	"ISTEBNA-STECÓWKA"	19540603	2.2
249180280	"ISTEBNA-STECÓWKA"	19540604	5.7
249180280	"ISTEBNA-STECÓWKA"	19540606	3.4
249180280	"ISTEBNA-STECÓWKA"	19540607	8.9
249180280	"ISTEBNA-STECÓWKA"	19540608	4.4
249180280	"ISTEBNA-STECÓWKA"	19540610	9.3
249180280	"ISTEBNA-STECÓWKA"	19540611	3.2
249180280	"ISTEBNA-STECÓWKA"	19540614	6.8
249180280	"ISTEBNA-STECÓWKA"	19540615	0.4
249180280	"ISTEBNA-STECÓWKA"	19540617	17.5
249180280	"ISTEBNA-STECÓWKA"	19540619	4.2
249180280	"ISTEBNA-STECÓWKA"	19540621	6.1
249180280	"ISTEBNA-STECÓWKA"	19540622	0.5
249180280	"ISTEBNA-STECÓWKA"	19540627	15.4
249180280	"ISTEBNA-STECÓWKA"	19540628	7.9
249180280	"ISTEBNA-STECÓWKA"	19540629	0.3
249180280	"ISTEBNA-STECÓWKA"	19540701	16.8
249180280	"ISTEBNA-STECÓWKA"	19540702	31.7
249180280	"ISTEBNA-STECÓWKA"	19540703	9
249180280	"ISTEBNA-STECÓWKA"	19540705	3.8
249180280	"ISTEBNA-STECÓWKA"	19540708	13.5
249180280	"ISTEBNA-STECÓWKA"	19540709	3.4
249180280	"ISTEBNA-STECÓWKA"	19540712	0
249180280	"ISTEBNA-STECÓWKA"	19540713	14.6
249180280	"ISTEBNA-STECÓWKA"	19540714	3.8
249180280	"ISTEBNA-STECÓWKA"	19540715	4.7
249180280	"ISTEBNA-STECÓWKA"	19540718	11.6
249180280	"ISTEBNA-STECÓWKA"	19540719	3.5
249180280	"ISTEBNA-STECÓWKA"	19540720	13.6
249180280	"ISTEBNA-STECÓWKA"	19540722	1.5
249180280	"ISTEBNA-STECÓWKA"	19540723	0.2
249180280	"ISTEBNA-STECÓWKA"	19540724	0.3
249180280	"ISTEBNA-STECÓWKA"	19540725	0.2
249180280	"ISTEBNA-STECÓWKA"	19540726	0.9
249180280	"ISTEBNA-STECÓWKA"	19540727	2.4
249180280	"ISTEBNA-STECÓWKA"	19540728	21.4
249180280	"ISTEBNA-STECÓWKA"	19540729	2.8
249180280	"ISTEBNA-STECÓWKA"	19540807	4.5
249180280	"ISTEBNA-STECÓWKA"	19540810	17.4
249180280	"ISTEBNA-STECÓWKA"	19540811	2.2
249180280	"ISTEBNA-STECÓWKA"	19540815	7.2
249180280	"ISTEBNA-STECÓWKA"	19540816	8.9
249180280	"ISTEBNA-STECÓWKA"	19540817	0.5
249180280	"ISTEBNA-STECÓWKA"	19540822	4.5
249180280	"ISTEBNA-STECÓWKA"	19540825	0.2
249180280	"ISTEBNA-STECÓWKA"	19540828	2.9
249180280	"ISTEBNA-STECÓWKA"	19540906	0.5
249180280	"ISTEBNA-STECÓWKA"	19540912	4.1
249180280	"ISTEBNA-STECÓWKA"	19540913	0.1
249180280	"ISTEBNA-STECÓWKA"	19540915	0
249180280	"ISTEBNA-STECÓWKA"	19540917	1.8
249180280	"ISTEBNA-STECÓWKA"	19540918	1.7
249180280	"ISTEBNA-STECÓWKA"	19540919	3.2
249180280	"ISTEBNA-STECÓWKA"	19540920	0.5
249180280	"ISTEBNA-STECÓWKA"	19540921	7.2
249180280	"ISTEBNA-STECÓWKA"	19540923	1.2
249180280	"ISTEBNA-STECÓWKA"	19540926	0.2
249180280	"ISTEBNA-STECÓWKA"	19540927	24
249180280	"ISTEBNA-STECÓWKA"	19540928	0.7
249180280	"ISTEBNA-STECÓWKA"	19540929	3.8
249180280	"ISTEBNA-STECÓWKA"	19540930	3.6
249180280	"ISTEBNA-STECÓWKA"	19541001	14.2
249180280	"ISTEBNA-STECÓWKA"	19541002	1.5
249180280	"ISTEBNA-STECÓWKA"	19541004	2
249180280	"ISTEBNA-STECÓWKA"	19541005	16.6
249180280	"ISTEBNA-STECÓWKA"	19541006	3.7
249180280	"ISTEBNA-STECÓWKA"	19541007	1.6
249180280	"ISTEBNA-STECÓWKA"	19541011	0.6
249180280	"ISTEBNA-STECÓWKA"	19541017	0.7
249180280	"ISTEBNA-STECÓWKA"	19541018	0.3
249180280	"ISTEBNA-STECÓWKA"	19541019	3.1
249180280	"ISTEBNA-STECÓWKA"	19541022	1.5
249180280	"ISTEBNA-STECÓWKA"	19541025	17.6
249180280	"ISTEBNA-STECÓWKA"	19541026	0.4
249180280	"ISTEBNA-STECÓWKA"	19541028	4
249180280	"ISTEBNA-STECÓWKA"	19541103	5.4
249180280	"ISTEBNA-STECÓWKA"	19541104	4.5
249180280	"ISTEBNA-STECÓWKA"	19541109	0.3
249180280	"ISTEBNA-STECÓWKA"	19541110	14.2
249180280	"ISTEBNA-STECÓWKA"	19541111	5.5
249180280	"ISTEBNA-STECÓWKA"	19541113	0.7
249180280	"ISTEBNA-STECÓWKA"	19541115	4.9
249180280	"ISTEBNA-STECÓWKA"	19541116	22.2
249180280	"ISTEBNA-STECÓWKA"	19541117	1.3
249180280	"ISTEBNA-STECÓWKA"	19541118	3
249180280	"ISTEBNA-STECÓWKA"	19541119	1.7
249180280	"ISTEBNA-STECÓWKA"	19541203	4.7
249180280	"ISTEBNA-STECÓWKA"	19541204	2.1
249180280	"ISTEBNA-STECÓWKA"	19541205	12.3
249180280	"ISTEBNA-STECÓWKA"	19541206	0.6
249180280	"ISTEBNA-STECÓWKA"	19541207	2.5
249180280	"ISTEBNA-STECÓWKA"	19541208	3.5
249180280	"ISTEBNA-STECÓWKA"	19541211	0.8
249180280	"ISTEBNA-STECÓWKA"	19541212	1.7
249180280	"ISTEBNA-STECÓWKA"	19541213	11
249180280	"ISTEBNA-STECÓWKA"	19541214	3.7
249180280	"ISTEBNA-STECÓWKA"	19541215	5.4
249180280	"ISTEBNA-STECÓWKA"	19541218	2.5
249180280	"ISTEBNA-STECÓWKA"	19541220	1.5
249180280	"ISTEBNA-STECÓWKA"	19541221	3
249180280	"ISTEBNA-STECÓWKA"	19541222	6.8
249180280	"ISTEBNA-STECÓWKA"	19541223	11.7
249180280	"ISTEBNA-STECÓWKA"	19541224	11.2
249180280	"ISTEBNA-STECÓWKA"	19541225	3
249180280	"ISTEBNA-STECÓWKA"	19541226	21.7
249180280	"ISTEBNA-STECÓWKA"	19541227	48
249180280	"ISTEBNA-STECÓWKA"	19541228	37.7
249180280	"ISTEBNA-STECÓWKA"	19541229	12.9
249180280	"ISTEBNA-STECÓWKA"	19541230	15.3
249180280	"ISTEBNA-STECÓWKA"	19541231	3.3
249180280	"ISTEBNA-STECÓWKA"	19550101	1.1
249180280	"ISTEBNA-STECÓWKA"	19550102	0.9
249180280	"ISTEBNA-STECÓWKA"	19550103	0.1
249180280	"ISTEBNA-STECÓWKA"	19550107	0
249180280	"ISTEBNA-STECÓWKA"	19550108	0.6
249180280	"ISTEBNA-STECÓWKA"	19550109	1.3
249180280	"ISTEBNA-STECÓWKA"	19550110	0.3
249180280	"ISTEBNA-STECÓWKA"	19550111	5.4
249180280	"ISTEBNA-STECÓWKA"	19550112	5.8
249180280	"ISTEBNA-STECÓWKA"	19550113	1.2
249180280	"ISTEBNA-STECÓWKA"	19550114	14.4
249180280	"ISTEBNA-STECÓWKA"	19550115	3.2
249180280	"ISTEBNA-STECÓWKA"	19550116	4.7
249180280	"ISTEBNA-STECÓWKA"	19550117	0.9
249180280	"ISTEBNA-STECÓWKA"	19550118	1.6
249180280	"ISTEBNA-STECÓWKA"	19550119	0.6
249180280	"ISTEBNA-STECÓWKA"	19550126	0.2
249180280	"ISTEBNA-STECÓWKA"	19550205	2
249180280	"ISTEBNA-STECÓWKA"	19550206	1.5
249180280	"ISTEBNA-STECÓWKA"	19550207	3.3
249180280	"ISTEBNA-STECÓWKA"	19550208	11.3
249180280	"ISTEBNA-STECÓWKA"	19550209	18.5
249180280	"ISTEBNA-STECÓWKA"	19550210	4.5
249180280	"ISTEBNA-STECÓWKA"	19550211	6.4
249180280	"ISTEBNA-STECÓWKA"	19550213	1.9
249180280	"ISTEBNA-STECÓWKA"	19550214	1.2
249180280	"ISTEBNA-STECÓWKA"	19550215	6.3
249180280	"ISTEBNA-STECÓWKA"	19550216	0.8
249180280	"ISTEBNA-STECÓWKA"	19550217	4.5
249180280	"ISTEBNA-STECÓWKA"	19550218	11
249180280	"ISTEBNA-STECÓWKA"	19550219	0.2
249180280	"ISTEBNA-STECÓWKA"	19550221	2.5
249180280	"ISTEBNA-STECÓWKA"	19550222	1.7
249180280	"ISTEBNA-STECÓWKA"	19550223	1.3
249180280	"ISTEBNA-STECÓWKA"	19550224	8
249180280	"ISTEBNA-STECÓWKA"	19550307	8.3
249180280	"ISTEBNA-STECÓWKA"	19550308	7.6
249180280	"ISTEBNA-STECÓWKA"	19550309	0.8
249180280	"ISTEBNA-STECÓWKA"	19550310	5.8
249180280	"ISTEBNA-STECÓWKA"	19550311	1.6
249180280	"ISTEBNA-STECÓWKA"	19550314	2.7
249180280	"ISTEBNA-STECÓWKA"	19550315	0.6
249180280	"ISTEBNA-STECÓWKA"	19550316	19.6
249180280	"ISTEBNA-STECÓWKA"	19550317	5.6
249180280	"ISTEBNA-STECÓWKA"	19550318	3.1
249180280	"ISTEBNA-STECÓWKA"	19550319	1.4
249180280	"ISTEBNA-STECÓWKA"	19550320	0.4
249180280	"ISTEBNA-STECÓWKA"	19550324	7.1
249180280	"ISTEBNA-STECÓWKA"	19550326	2.1
249180280	"ISTEBNA-STECÓWKA"	19550327	6.6
249180280	"ISTEBNA-STECÓWKA"	19550328	1.2
249180280	"ISTEBNA-STECÓWKA"	19550329	0.2
249180280	"ISTEBNA-STECÓWKA"	19550330	2.7
249180280	"ISTEBNA-STECÓWKA"	19550401	2.8
249180280	"ISTEBNA-STECÓWKA"	19550402	1
249180280	"ISTEBNA-STECÓWKA"	19550404	9.3
249180280	"ISTEBNA-STECÓWKA"	19550405	3.8
249180280	"ISTEBNA-STECÓWKA"	19550407	5.5
249180280	"ISTEBNA-STECÓWKA"	19550408	10.2
249180280	"ISTEBNA-STECÓWKA"	19550409	0.7
249180280	"ISTEBNA-STECÓWKA"	19550410	1
249180280	"ISTEBNA-STECÓWKA"	19550411	15.3
249180280	"ISTEBNA-STECÓWKA"	19550412	7.2
249180280	"ISTEBNA-STECÓWKA"	19550413	9.9
249180280	"ISTEBNA-STECÓWKA"	19550414	5.6
249180280	"ISTEBNA-STECÓWKA"	19550415	2.4
249180280	"ISTEBNA-STECÓWKA"	19550416	24.9
249180280	"ISTEBNA-STECÓWKA"	19550417	4.8
249180280	"ISTEBNA-STECÓWKA"	19550418	15.4
249180280	"ISTEBNA-STECÓWKA"	19550419	5.5
249180280	"ISTEBNA-STECÓWKA"	19550420	13.1
249180280	"ISTEBNA-STECÓWKA"	19550421	2.3
249180280	"ISTEBNA-STECÓWKA"	19550422	1
249180280	"ISTEBNA-STECÓWKA"	19550424	5.6
249180280	"ISTEBNA-STECÓWKA"	19550425	4.8
249180280	"ISTEBNA-STECÓWKA"	19550501	9.8
249180280	"ISTEBNA-STECÓWKA"	19550502	0.2
249180280	"ISTEBNA-STECÓWKA"	19550503	1.3
249180280	"ISTEBNA-STECÓWKA"	19550505	6
249180280	"ISTEBNA-STECÓWKA"	19550506	0
249180280	"ISTEBNA-STECÓWKA"	19550507	4.7
249180280	"ISTEBNA-STECÓWKA"	19550510	8.4
249180280	"ISTEBNA-STECÓWKA"	19550511	2.3
249180280	"ISTEBNA-STECÓWKA"	19550515	26.7
249180280	"ISTEBNA-STECÓWKA"	19550516	4.4
249180280	"ISTEBNA-STECÓWKA"	19550518	19.1
249180280	"ISTEBNA-STECÓWKA"	19550519	10.2
249180280	"ISTEBNA-STECÓWKA"	19550520	0.4
249180280	"ISTEBNA-STECÓWKA"	19550521	0.4
249180280	"ISTEBNA-STECÓWKA"	19550522	3.1
249180280	"ISTEBNA-STECÓWKA"	19550523	1.3
249180280	"ISTEBNA-STECÓWKA"	19550524	1.4
249180280	"ISTEBNA-STECÓWKA"	19550527	13.1
249180280	"ISTEBNA-STECÓWKA"	19550528	0
249180280	"ISTEBNA-STECÓWKA"	19550529	0
249180280	"ISTEBNA-STECÓWKA"	19550530	0.3
249180280	"ISTEBNA-STECÓWKA"	19550601	20.9
249180280	"ISTEBNA-STECÓWKA"	19550602	20.1
249180280	"ISTEBNA-STECÓWKA"	19550603	11.4
249180280	"ISTEBNA-STECÓWKA"	19550604	3.6
249180280	"ISTEBNA-STECÓWKA"	19550608	0.1
249180280	"ISTEBNA-STECÓWKA"	19550609	0
249180280	"ISTEBNA-STECÓWKA"	19550610	9.5
249180280	"ISTEBNA-STECÓWKA"	19550611	2.8
249180280	"ISTEBNA-STECÓWKA"	19550612	0
249180280	"ISTEBNA-STECÓWKA"	19550613	6.8
249180280	"ISTEBNA-STECÓWKA"	19550614	4.6
249180280	"ISTEBNA-STECÓWKA"	19550616	0
249180280	"ISTEBNA-STECÓWKA"	19550620	21.6
249180280	"ISTEBNA-STECÓWKA"	19550621	69.6
249180280	"ISTEBNA-STECÓWKA"	19550622	0.7
249180280	"ISTEBNA-STECÓWKA"	19550623	1.6
249180280	"ISTEBNA-STECÓWKA"	19550627	4.2
249180280	"ISTEBNA-STECÓWKA"	19550628	2.2
249180280	"ISTEBNA-STECÓWKA"	19550630	0
249180280	"ISTEBNA-STECÓWKA"	19550701	4.8
249180280	"ISTEBNA-STECÓWKA"	19550702	3.3
249180280	"ISTEBNA-STECÓWKA"	19550703	21.8
249180280	"ISTEBNA-STECÓWKA"	19550704	9.3
249180280	"ISTEBNA-STECÓWKA"	19550706	2.9
249180280	"ISTEBNA-STECÓWKA"	19550707	39
249180280	"ISTEBNA-STECÓWKA"	19550708	0.5
249180280	"ISTEBNA-STECÓWKA"	19550709	12.6
249180280	"ISTEBNA-STECÓWKA"	19550710	13
249180280	"ISTEBNA-STECÓWKA"	19550712	0.4
249180280	"ISTEBNA-STECÓWKA"	19550716	3.3
249180280	"ISTEBNA-STECÓWKA"	19550717	0.7
249180280	"ISTEBNA-STECÓWKA"	19550719	2.3
249180280	"ISTEBNA-STECÓWKA"	19550724	14.8
249180280	"ISTEBNA-STECÓWKA"	19550725	0.1
249180280	"ISTEBNA-STECÓWKA"	19550727	4.7
249180280	"ISTEBNA-STECÓWKA"	19550728	1.6
249180280	"ISTEBNA-STECÓWKA"	19550729	1
249180280	"ISTEBNA-STECÓWKA"	19550730	8.1
249180280	"ISTEBNA-STECÓWKA"	19550731	25.4
249180280	"ISTEBNA-STECÓWKA"	19550801	0.1
249180280	"ISTEBNA-STECÓWKA"	19550802	9.3
249180280	"ISTEBNA-STECÓWKA"	19550803	5.8
249180280	"ISTEBNA-STECÓWKA"	19550804	0.8
249180280	"ISTEBNA-STECÓWKA"	19550805	40.6
249180280	"ISTEBNA-STECÓWKA"	19550806	11.4
249180280	"ISTEBNA-STECÓWKA"	19550807	0
249180280	"ISTEBNA-STECÓWKA"	19550808	5.3
249180280	"ISTEBNA-STECÓWKA"	19550809	2.6
249180280	"ISTEBNA-STECÓWKA"	19550810	8
249180280	"ISTEBNA-STECÓWKA"	19550811	7.3
249180280	"ISTEBNA-STECÓWKA"	19550814	11.3
249180280	"ISTEBNA-STECÓWKA"	19550815	19.9
249180280	"ISTEBNA-STECÓWKA"	19550816	11.1
249180280	"ISTEBNA-STECÓWKA"	19550823	2.1
249180280	"ISTEBNA-STECÓWKA"	19550824	9
249180280	"ISTEBNA-STECÓWKA"	19550827	0.7
249180280	"ISTEBNA-STECÓWKA"	19550828	4.1
249180280	"ISTEBNA-STECÓWKA"	19550829	4.4
249180280	"ISTEBNA-STECÓWKA"	19550830	2
249180280	"ISTEBNA-STECÓWKA"	19550831	2.4
249180280	"ISTEBNA-STECÓWKA"	19550901	0.7
249180280	"ISTEBNA-STECÓWKA"	19550904	0.2
249180280	"ISTEBNA-STECÓWKA"	19550906	0.4
249180280	"ISTEBNA-STECÓWKA"	19550907	6.8
249180280	"ISTEBNA-STECÓWKA"	19550913	18.5
249180280	"ISTEBNA-STECÓWKA"	19550914	21.3
249180280	"ISTEBNA-STECÓWKA"	19550915	3.2
249180280	"ISTEBNA-STECÓWKA"	19550917	0.2
249180280	"ISTEBNA-STECÓWKA"	19550922	0.3
249180280	"ISTEBNA-STECÓWKA"	19550923	0.2
249180280	"ISTEBNA-STECÓWKA"	19550924	1
249180280	"ISTEBNA-STECÓWKA"	19550925	0.3
249180280	"ISTEBNA-STECÓWKA"	19550926	0.2
249180280	"ISTEBNA-STECÓWKA"	19550927	18.9
249180280	"ISTEBNA-STECÓWKA"	19550928	4.3
249180280	"ISTEBNA-STECÓWKA"	19550930	0.3
249180280	"ISTEBNA-STECÓWKA"	19551001	0.7
249180280	"ISTEBNA-STECÓWKA"	19551006	3.1
249180280	"ISTEBNA-STECÓWKA"	19551007	2.4
249180280	"ISTEBNA-STECÓWKA"	19551008	0.2
249180280	"ISTEBNA-STECÓWKA"	19551009	1.5
249180280	"ISTEBNA-STECÓWKA"	19551010	0.1
249180280	"ISTEBNA-STECÓWKA"	19551011	0.2
249180280	"ISTEBNA-STECÓWKA"	19551012	0.3
249180280	"ISTEBNA-STECÓWKA"	19551013	0.6
249180280	"ISTEBNA-STECÓWKA"	19551014	0.2
249180280	"ISTEBNA-STECÓWKA"	19551015	5.4
249180280	"ISTEBNA-STECÓWKA"	19551017	10.2
249180280	"ISTEBNA-STECÓWKA"	19551018	5.7
249180280	"ISTEBNA-STECÓWKA"	19551019	0.2
249180280	"ISTEBNA-STECÓWKA"	19551023	1.7
249180280	"ISTEBNA-STECÓWKA"	19551024	17.7
249180280	"ISTEBNA-STECÓWKA"	19551025	12.2
249180280	"ISTEBNA-STECÓWKA"	19551026	0
249180280	"ISTEBNA-STECÓWKA"	19551027	0.1
249180280	"ISTEBNA-STECÓWKA"	19551028	5.7
249180280	"ISTEBNA-STECÓWKA"	19551029	3.4
249180280	"ISTEBNA-STECÓWKA"	19551102	0.4
249180280	"ISTEBNA-STECÓWKA"	19551106	0.2
249180280	"ISTEBNA-STECÓWKA"	19551107	0
249180280	"ISTEBNA-STECÓWKA"	19551112	0.9
249180280	"ISTEBNA-STECÓWKA"	19551113	5.2
249180280	"ISTEBNA-STECÓWKA"	19551114	0.7
249180280	"ISTEBNA-STECÓWKA"	19551115	2.2
249180280	"ISTEBNA-STECÓWKA"	19551116	2.2
249180280	"ISTEBNA-STECÓWKA"	19551117	3.7
249180280	"ISTEBNA-STECÓWKA"	19551118	0.3
249180280	"ISTEBNA-STECÓWKA"	19551120	7
249180280	"ISTEBNA-STECÓWKA"	19551121	12
249180280	"ISTEBNA-STECÓWKA"	19551122	12.1
249180280	"ISTEBNA-STECÓWKA"	19551123	9.1
249180280	"ISTEBNA-STECÓWKA"	19551124	9.6
249180280	"ISTEBNA-STECÓWKA"	19551125	19.8
249180280	"ISTEBNA-STECÓWKA"	19551126	3.7
249180280	"ISTEBNA-STECÓWKA"	19551127	10.2
249180280	"ISTEBNA-STECÓWKA"	19551128	8.2
249180280	"ISTEBNA-STECÓWKA"	19551129	0.1
249180280	"ISTEBNA-STECÓWKA"	19551201	0.3
249180280	"ISTEBNA-STECÓWKA"	19551202	0
249180280	"ISTEBNA-STECÓWKA"	19551203	7.4
249180280	"ISTEBNA-STECÓWKA"	19551204	8.3
249180280	"ISTEBNA-STECÓWKA"	19551205	6.7
249180280	"ISTEBNA-STECÓWKA"	19551206	10.3
249180280	"ISTEBNA-STECÓWKA"	19551207	1.2
249180280	"ISTEBNA-STECÓWKA"	19551208	5.4
249180280	"ISTEBNA-STECÓWKA"	19551209	3
249180280	"ISTEBNA-STECÓWKA"	19551210	7
249180280	"ISTEBNA-STECÓWKA"	19551211	4.9
249180280	"ISTEBNA-STECÓWKA"	19551212	0.2
249180280	"ISTEBNA-STECÓWKA"	19551215	1.5
249180280	"ISTEBNA-STECÓWKA"	19551216	17.4
249180280	"ISTEBNA-STECÓWKA"	19551217	6
249180280	"ISTEBNA-STECÓWKA"	19551218	0
249180280	"ISTEBNA-STECÓWKA"	19551220	0.7
249180280	"ISTEBNA-STECÓWKA"	19551221	1.7
249180280	"ISTEBNA-STECÓWKA"	19551222	1.9
249180280	"ISTEBNA-STECÓWKA"	19551223	1.9
249180280	"ISTEBNA-STECÓWKA"	19551224	0.3
249180280	"ISTEBNA-STECÓWKA"	19551225	2
249180280	"ISTEBNA-STECÓWKA"	19551226	0.6
249180280	"ISTEBNA-STECÓWKA"	19551227	1
249180280	"ISTEBNA-STECÓWKA"	19551228	11.7
249180280	"ISTEBNA-STECÓWKA"	19551229	4.6
249180280	"ISTEBNA-STECÓWKA"	19551230	2.1
249180280	"ISTEBNA-STECÓWKA"	19551231	1.1
249180280	"ISTEBNA-STECÓWKA"	19560101	7.5
249180280	"ISTEBNA-STECÓWKA"	19560102	6.1
249180280	"ISTEBNA-STECÓWKA"	19560103	0.2
249180280	"ISTEBNA-STECÓWKA"	19560104	3.9
249180280	"ISTEBNA-STECÓWKA"	19560105	1
249180280	"ISTEBNA-STECÓWKA"	19560106	0
249180280	"ISTEBNA-STECÓWKA"	19560110	0.5
249180280	"ISTEBNA-STECÓWKA"	19560115	2
249180280	"ISTEBNA-STECÓWKA"	19560116	0.1
249180280	"ISTEBNA-STECÓWKA"	19560118	2.3
249180280	"ISTEBNA-STECÓWKA"	19560120	1.6
249180280	"ISTEBNA-STECÓWKA"	19560122	0.1
249180280	"ISTEBNA-STECÓWKA"	19560124	1.6
249180280	"ISTEBNA-STECÓWKA"	19560125	5.7
249180280	"ISTEBNA-STECÓWKA"	19560126	1.9
249180280	"ISTEBNA-STECÓWKA"	19560127	1.6
249180280	"ISTEBNA-STECÓWKA"	19560128	9.8
249180280	"ISTEBNA-STECÓWKA"	19560129	5.8
249180280	"ISTEBNA-STECÓWKA"	19560130	1
249180280	"ISTEBNA-STECÓWKA"	19560202	1.1
249180280	"ISTEBNA-STECÓWKA"	19560203	0.9
249180280	"ISTEBNA-STECÓWKA"	19560204	0
249180280	"ISTEBNA-STECÓWKA"	19560205	4.8
249180280	"ISTEBNA-STECÓWKA"	19560206	3.9
249180280	"ISTEBNA-STECÓWKA"	19560207	5.2
249180280	"ISTEBNA-STECÓWKA"	19560208	5
249180280	"ISTEBNA-STECÓWKA"	19560209	0.2
249180280	"ISTEBNA-STECÓWKA"	19560211	3.3
249180280	"ISTEBNA-STECÓWKA"	19560212	0.4
249180280	"ISTEBNA-STECÓWKA"	19560213	0.6
249180280	"ISTEBNA-STECÓWKA"	19560214	6
249180280	"ISTEBNA-STECÓWKA"	19560215	2
249180280	"ISTEBNA-STECÓWKA"	19560218	0.8
249180280	"ISTEBNA-STECÓWKA"	19560220	1.2
249180280	"ISTEBNA-STECÓWKA"	19560221	5.6
249180280	"ISTEBNA-STECÓWKA"	19560222	1.5
249180280	"ISTEBNA-STECÓWKA"	19560223	0.2
249180280	"ISTEBNA-STECÓWKA"	19560224	0
249180280	"ISTEBNA-STECÓWKA"	19560227	1
249180280	"ISTEBNA-STECÓWKA"	19560228	11
249180280	"ISTEBNA-STECÓWKA"	19560229	13.1
249180280	"ISTEBNA-STECÓWKA"	19560301	14.8
249180280	"ISTEBNA-STECÓWKA"	19560302	15.6
249180280	"ISTEBNA-STECÓWKA"	19560303	3.6
249180280	"ISTEBNA-STECÓWKA"	19560304	6.7
249180280	"ISTEBNA-STECÓWKA"	19560305	7.9
249180280	"ISTEBNA-STECÓWKA"	19560306	16.6
249180280	"ISTEBNA-STECÓWKA"	19560307	27.3
249180280	"ISTEBNA-STECÓWKA"	19560308	9.7
249180280	"ISTEBNA-STECÓWKA"	19560309	13.6
249180280	"ISTEBNA-STECÓWKA"	19560310	6.4
249180280	"ISTEBNA-STECÓWKA"	19560311	1.6
249180280	"ISTEBNA-STECÓWKA"	19560312	1.2
249180280	"ISTEBNA-STECÓWKA"	19560313	0.1
249180280	"ISTEBNA-STECÓWKA"	19560314	0.2
249180280	"ISTEBNA-STECÓWKA"	19560325	1.1
249180280	"ISTEBNA-STECÓWKA"	19560326	4.8
249180280	"ISTEBNA-STECÓWKA"	19560404	6
249180280	"ISTEBNA-STECÓWKA"	19560405	0.7
249180280	"ISTEBNA-STECÓWKA"	19560406	1.6
249180280	"ISTEBNA-STECÓWKA"	19560407	2.5
249180280	"ISTEBNA-STECÓWKA"	19560408	2.4
249180280	"ISTEBNA-STECÓWKA"	19560409	22.3
249180280	"ISTEBNA-STECÓWKA"	19560410	1.5
249180280	"ISTEBNA-STECÓWKA"	19560411	26
249180280	"ISTEBNA-STECÓWKA"	19560412	0
249180280	"ISTEBNA-STECÓWKA"	19560413	3.6
249180280	"ISTEBNA-STECÓWKA"	19560414	0
249180280	"ISTEBNA-STECÓWKA"	19560415	0.3
249180280	"ISTEBNA-STECÓWKA"	19560418	7.4
249180280	"ISTEBNA-STECÓWKA"	19560419	0
249180280	"ISTEBNA-STECÓWKA"	19560420	7.3
249180280	"ISTEBNA-STECÓWKA"	19560421	7
249180280	"ISTEBNA-STECÓWKA"	19560422	3.6
249180280	"ISTEBNA-STECÓWKA"	19560423	2
249180280	"ISTEBNA-STECÓWKA"	19560426	6.8
249180280	"ISTEBNA-STECÓWKA"	19560427	3.1
249180280	"ISTEBNA-STECÓWKA"	19560428	1.8
249180280	"ISTEBNA-STECÓWKA"	19560430	17.1
249180280	"ISTEBNA-STECÓWKA"	19560501	2.1
249180280	"ISTEBNA-STECÓWKA"	19560502	0
249180280	"ISTEBNA-STECÓWKA"	19560503	0
249180280	"ISTEBNA-STECÓWKA"	19560508	0.6
249180280	"ISTEBNA-STECÓWKA"	19560510	4.9
249180280	"ISTEBNA-STECÓWKA"	19560511	12
249180280	"ISTEBNA-STECÓWKA"	19560512	2
249180280	"ISTEBNA-STECÓWKA"	19560513	5.6
249180280	"ISTEBNA-STECÓWKA"	19560515	3.8
249180280	"ISTEBNA-STECÓWKA"	19560518	10.5
249180280	"ISTEBNA-STECÓWKA"	19560519	20.1
249180280	"ISTEBNA-STECÓWKA"	19560526	6.4
249180280	"ISTEBNA-STECÓWKA"	19560601	0.4
249180280	"ISTEBNA-STECÓWKA"	19560602	0.3
249180280	"ISTEBNA-STECÓWKA"	19560609	11.5
249180280	"ISTEBNA-STECÓWKA"	19560610	1.6
249180280	"ISTEBNA-STECÓWKA"	19560614	2.7
249180280	"ISTEBNA-STECÓWKA"	19560615	9
249180280	"ISTEBNA-STECÓWKA"	19560618	13.1
249180280	"ISTEBNA-STECÓWKA"	19560619	3.6
249180280	"ISTEBNA-STECÓWKA"	19560620	8.3
249180280	"ISTEBNA-STECÓWKA"	19560621	10.2
249180280	"ISTEBNA-STECÓWKA"	19560622	18.5
249180280	"ISTEBNA-STECÓWKA"	19560623	21.9
249180280	"ISTEBNA-STECÓWKA"	19560624	28.6
249180280	"ISTEBNA-STECÓWKA"	19560625	5.3
249180280	"ISTEBNA-STECÓWKA"	19560626	0.7
249180280	"ISTEBNA-STECÓWKA"	19560627	0
249180280	"ISTEBNA-STECÓWKA"	19560628	0.2
249180280	"ISTEBNA-STECÓWKA"	19560629	9.6
249180280	"ISTEBNA-STECÓWKA"	19560630	0.9
249180280	"ISTEBNA-STECÓWKA"	19560703	38.1
249180280	"ISTEBNA-STECÓWKA"	19560704	3.9
249180280	"ISTEBNA-STECÓWKA"	19560708	9.3
249180280	"ISTEBNA-STECÓWKA"	19560711	0
249180280	"ISTEBNA-STECÓWKA"	19560715	2.7
249180280	"ISTEBNA-STECÓWKA"	19560716	7.8
249180280	"ISTEBNA-STECÓWKA"	19560717	2.5
249180280	"ISTEBNA-STECÓWKA"	19560719	14.9
249180280	"ISTEBNA-STECÓWKA"	19560720	37.9
249180280	"ISTEBNA-STECÓWKA"	19560721	2.6
249180280	"ISTEBNA-STECÓWKA"	19560722	1.9
249180280	"ISTEBNA-STECÓWKA"	19560723	1.1
249180280	"ISTEBNA-STECÓWKA"	19560724	5.4
249180280	"ISTEBNA-STECÓWKA"	19560725	2.5
249180280	"ISTEBNA-STECÓWKA"	19560726	1.5
249180280	"ISTEBNA-STECÓWKA"	19560728	3.8
249180280	"ISTEBNA-STECÓWKA"	19560730	12.9
249180280	"ISTEBNA-STECÓWKA"	19560802	3.1
249180280	"ISTEBNA-STECÓWKA"	19560803	1.2
249180280	"ISTEBNA-STECÓWKA"	19560804	5.2
249180280	"ISTEBNA-STECÓWKA"	19560805	3
249180280	"ISTEBNA-STECÓWKA"	19560806	0.8
249180280	"ISTEBNA-STECÓWKA"	19560807	12.6
249180280	"ISTEBNA-STECÓWKA"	19560811	25.8
249180280	"ISTEBNA-STECÓWKA"	19560812	6
249180280	"ISTEBNA-STECÓWKA"	19560814	4
249180280	"ISTEBNA-STECÓWKA"	19560816	0.8
249180280	"ISTEBNA-STECÓWKA"	19560817	0.3
249180280	"ISTEBNA-STECÓWKA"	19560818	6.6
249180280	"ISTEBNA-STECÓWKA"	19560819	8.2
249180280	"ISTEBNA-STECÓWKA"	19560821	11.3
249180280	"ISTEBNA-STECÓWKA"	19560823	9.5
249180280	"ISTEBNA-STECÓWKA"	19560825	0.4
249180280	"ISTEBNA-STECÓWKA"	19560828	0
249180280	"ISTEBNA-STECÓWKA"	19560829	12.2
249180280	"ISTEBNA-STECÓWKA"	19560830	4.7
249180280	"ISTEBNA-STECÓWKA"	19560903	0.1
249180280	"ISTEBNA-STECÓWKA"	19560904	5.7
249180280	"ISTEBNA-STECÓWKA"	19560907	0.3
249180280	"ISTEBNA-STECÓWKA"	19560910	0.8
249180280	"ISTEBNA-STECÓWKA"	19560911	7.4
249180280	"ISTEBNA-STECÓWKA"	19560912	28.9
249180280	"ISTEBNA-STECÓWKA"	19560913	20.3
249180280	"ISTEBNA-STECÓWKA"	19560914	0.2
249180280	"ISTEBNA-STECÓWKA"	19560917	11.4
249180280	"ISTEBNA-STECÓWKA"	19560927	12.3
249180280	"ISTEBNA-STECÓWKA"	19560928	0.1
249180280	"ISTEBNA-STECÓWKA"	19560929	0.2
249180280	"ISTEBNA-STECÓWKA"	19561003	17.4
249180280	"ISTEBNA-STECÓWKA"	19561004	9.7
249180280	"ISTEBNA-STECÓWKA"	19561005	13.7
249180280	"ISTEBNA-STECÓWKA"	19561006	39.9
249180280	"ISTEBNA-STECÓWKA"	19561007	6.4
249180280	"ISTEBNA-STECÓWKA"	19561009	3.9
249180280	"ISTEBNA-STECÓWKA"	19561010	0.1
249180280	"ISTEBNA-STECÓWKA"	19561014	5
249180280	"ISTEBNA-STECÓWKA"	19561018	3.4
249180280	"ISTEBNA-STECÓWKA"	19561019	5
249180280	"ISTEBNA-STECÓWKA"	19561020	0.2
249180280	"ISTEBNA-STECÓWKA"	19561021	0.4
249180280	"ISTEBNA-STECÓWKA"	19561022	0.4
249180280	"ISTEBNA-STECÓWKA"	19561023	0.2
249180280	"ISTEBNA-STECÓWKA"	19561024	0.3
249180280	"ISTEBNA-STECÓWKA"	19561026	0.9
249180280	"ISTEBNA-STECÓWKA"	19561027	0.3
249180280	"ISTEBNA-STECÓWKA"	19561028	7.2
249180280	"ISTEBNA-STECÓWKA"	19561029	8.3
249180280	"ISTEBNA-STECÓWKA"	19561030	0.5
249180280	"ISTEBNA-STECÓWKA"	19561101	0
249180280	"ISTEBNA-STECÓWKA"	19561102	0.1
249180280	"ISTEBNA-STECÓWKA"	19561103	0.3
249180280	"ISTEBNA-STECÓWKA"	19561104	0
249180280	"ISTEBNA-STECÓWKA"	19561105	9.4
249180280	"ISTEBNA-STECÓWKA"	19561106	13.7
249180280	"ISTEBNA-STECÓWKA"	19561107	10.1
249180280	"ISTEBNA-STECÓWKA"	19561110	2.4
249180280	"ISTEBNA-STECÓWKA"	19561111	0.1
249180280	"ISTEBNA-STECÓWKA"	19561112	2.7
249180280	"ISTEBNA-STECÓWKA"	19561113	9.6
249180280	"ISTEBNA-STECÓWKA"	19561114	0.3
249180280	"ISTEBNA-STECÓWKA"	19561115	4.7
249180280	"ISTEBNA-STECÓWKA"	19561116	1.2
249180280	"ISTEBNA-STECÓWKA"	19561117	2.4
249180280	"ISTEBNA-STECÓWKA"	19561118	5
249180280	"ISTEBNA-STECÓWKA"	19561125	4.6
249180280	"ISTEBNA-STECÓWKA"	19561126	28.1
249180280	"ISTEBNA-STECÓWKA"	19561127	3.3
249180280	"ISTEBNA-STECÓWKA"	19561128	4.1
249180280	"ISTEBNA-STECÓWKA"	19561130	1.8
249180280	"ISTEBNA-STECÓWKA"	19561201	0.3
249180280	"ISTEBNA-STECÓWKA"	19561202	2
249180280	"ISTEBNA-STECÓWKA"	19561203	7.2
249180280	"ISTEBNA-STECÓWKA"	19561204	19.7
249180280	"ISTEBNA-STECÓWKA"	19561205	23.9
249180280	"ISTEBNA-STECÓWKA"	19561206	5.8
249180280	"ISTEBNA-STECÓWKA"	19561207	1.5
249180280	"ISTEBNA-STECÓWKA"	19561208	1
249180280	"ISTEBNA-STECÓWKA"	19561209	0.9
249180280	"ISTEBNA-STECÓWKA"	19561210	3.9
249180280	"ISTEBNA-STECÓWKA"	19561211	0.7
249180280	"ISTEBNA-STECÓWKA"	19561212	0.4
249180280	"ISTEBNA-STECÓWKA"	19561213	9.9
249180280	"ISTEBNA-STECÓWKA"	19561214	0
249180280	"ISTEBNA-STECÓWKA"	19561221	1.6
249180280	"ISTEBNA-STECÓWKA"	19561222	1.6
249180280	"ISTEBNA-STECÓWKA"	19561223	2.4
249180280	"ISTEBNA-STECÓWKA"	19561224	3.7
249180280	"ISTEBNA-STECÓWKA"	19561225	5.3
249180280	"ISTEBNA-STECÓWKA"	19561226	0.1
249180280	"ISTEBNA-STECÓWKA"	19561229	0
249180280	"ISTEBNA-STECÓWKA"	19561231	0.7
249180280	"ISTEBNA-STECÓWKA"	19570103	2.1
249180280	"ISTEBNA-STECÓWKA"	19570105	4.7
249180280	"ISTEBNA-STECÓWKA"	19570106	18.7
249180280	"ISTEBNA-STECÓWKA"	19570107	2.6
249180280	"ISTEBNA-STECÓWKA"	19570108	0.4
249180280	"ISTEBNA-STECÓWKA"	19570110	3.3
249180280	"ISTEBNA-STECÓWKA"	19570111	7.2
249180280	"ISTEBNA-STECÓWKA"	19570112	1.9
249180280	"ISTEBNA-STECÓWKA"	19570113	6.2
249180280	"ISTEBNA-STECÓWKA"	19570114	0
249180280	"ISTEBNA-STECÓWKA"	19570115	0.9
249180280	"ISTEBNA-STECÓWKA"	19570116	0.2
249180280	"ISTEBNA-STECÓWKA"	19570127	6.3
249180280	"ISTEBNA-STECÓWKA"	19570128	14.5
249180280	"ISTEBNA-STECÓWKA"	19570130	0.2
249180280	"ISTEBNA-STECÓWKA"	19570131	0.6
249180280	"ISTEBNA-STECÓWKA"	19570201	6.4
249180280	"ISTEBNA-STECÓWKA"	19570202	0.6
249180280	"ISTEBNA-STECÓWKA"	19570206	0.5
249180280	"ISTEBNA-STECÓWKA"	19570207	4.1
249180280	"ISTEBNA-STECÓWKA"	19570208	1.7
249180280	"ISTEBNA-STECÓWKA"	19570209	9
249180280	"ISTEBNA-STECÓWKA"	19570210	0.4
249180280	"ISTEBNA-STECÓWKA"	19570211	8.5
249180280	"ISTEBNA-STECÓWKA"	19570212	0.2
249180280	"ISTEBNA-STECÓWKA"	19570213	0.2
249180280	"ISTEBNA-STECÓWKA"	19570215	3.7
249180280	"ISTEBNA-STECÓWKA"	19570216	0
249180280	"ISTEBNA-STECÓWKA"	19570218	6.4
249180280	"ISTEBNA-STECÓWKA"	19570219	0.2
249180280	"ISTEBNA-STECÓWKA"	19570221	11.4
249180280	"ISTEBNA-STECÓWKA"	19570222	3.1
249180280	"ISTEBNA-STECÓWKA"	19570223	0
249180280	"ISTEBNA-STECÓWKA"	19570224	5
249180280	"ISTEBNA-STECÓWKA"	19570225	14.2
249180280	"ISTEBNA-STECÓWKA"	19570226	2.1
249180280	"ISTEBNA-STECÓWKA"	19570228	1.3
249180280	"ISTEBNA-STECÓWKA"	19570301	1.6
249180280	"ISTEBNA-STECÓWKA"	19570302	2.5
249180280	"ISTEBNA-STECÓWKA"	19570303	4.3
249180280	"ISTEBNA-STECÓWKA"	19570304	0
249180280	"ISTEBNA-STECÓWKA"	19570314	1.9
249180280	"ISTEBNA-STECÓWKA"	19570315	7.6
249180280	"ISTEBNA-STECÓWKA"	19570316	13.5
249180280	"ISTEBNA-STECÓWKA"	19570317	25.3
249180280	"ISTEBNA-STECÓWKA"	19570318	9.2
249180280	"ISTEBNA-STECÓWKA"	19570319	9.6
249180280	"ISTEBNA-STECÓWKA"	19570324	0
249180280	"ISTEBNA-STECÓWKA"	19570325	1.9
249180280	"ISTEBNA-STECÓWKA"	19570328	2
249180280	"ISTEBNA-STECÓWKA"	19570329	6.5
249180280	"ISTEBNA-STECÓWKA"	19570330	1.1
249180280	"ISTEBNA-STECÓWKA"	19570331	0.2
249180280	"ISTEBNA-STECÓWKA"	19570407	20.2
249180280	"ISTEBNA-STECÓWKA"	19570408	2.9
249180280	"ISTEBNA-STECÓWKA"	19570411	15.7
249180280	"ISTEBNA-STECÓWKA"	19570413	0.8
249180280	"ISTEBNA-STECÓWKA"	19570414	1.2
249180280	"ISTEBNA-STECÓWKA"	19570415	0.4
249180280	"ISTEBNA-STECÓWKA"	19570417	3.8
249180280	"ISTEBNA-STECÓWKA"	19570418	0.1
249180280	"ISTEBNA-STECÓWKA"	19570419	0.9
249180280	"ISTEBNA-STECÓWKA"	19570420	3.2
249180280	"ISTEBNA-STECÓWKA"	19570421	4.1
249180280	"ISTEBNA-STECÓWKA"	19570422	3.4
249180280	"ISTEBNA-STECÓWKA"	19570423	3.4
249180280	"ISTEBNA-STECÓWKA"	19570424	0.8
249180280	"ISTEBNA-STECÓWKA"	19570425	1.3
249180280	"ISTEBNA-STECÓWKA"	19570426	0.4
249180280	"ISTEBNA-STECÓWKA"	19570430	4.2
249180280	"ISTEBNA-STECÓWKA"	19570501	2.1
249180280	"ISTEBNA-STECÓWKA"	19570502	0
249180280	"ISTEBNA-STECÓWKA"	19570503	0
249180280	"ISTEBNA-STECÓWKA"	19570504	0.3
249180280	"ISTEBNA-STECÓWKA"	19570505	0.5
249180280	"ISTEBNA-STECÓWKA"	19570506	0.7
249180280	"ISTEBNA-STECÓWKA"	19570507	6.7
249180280	"ISTEBNA-STECÓWKA"	19570508	5
249180280	"ISTEBNA-STECÓWKA"	19570509	1.8
249180280	"ISTEBNA-STECÓWKA"	19570510	9.7
249180280	"ISTEBNA-STECÓWKA"	19570520	25.9
249180280	"ISTEBNA-STECÓWKA"	19570521	2.1
249180280	"ISTEBNA-STECÓWKA"	19570522	2.8
249180280	"ISTEBNA-STECÓWKA"	19570523	3.5
249180280	"ISTEBNA-STECÓWKA"	19570524	1.4
249180280	"ISTEBNA-STECÓWKA"	19570604	6
249180280	"ISTEBNA-STECÓWKA"	19570605	18.5
249180280	"ISTEBNA-STECÓWKA"	19570607	21.7
249180280	"ISTEBNA-STECÓWKA"	19570608	6.2
249180280	"ISTEBNA-STECÓWKA"	19570609	3.5
249180280	"ISTEBNA-STECÓWKA"	19570618	5.1
249180280	"ISTEBNA-STECÓWKA"	19570619	14.8
249180280	"ISTEBNA-STECÓWKA"	19570620	0.7
249180280	"ISTEBNA-STECÓWKA"	19570622	3.3
249180280	"ISTEBNA-STECÓWKA"	19570625	1.1
249180280	"ISTEBNA-STECÓWKA"	19570702	4.6
249180280	"ISTEBNA-STECÓWKA"	19570703	3
249180280	"ISTEBNA-STECÓWKA"	19570706	2.9
249180280	"ISTEBNA-STECÓWKA"	19570707	3
249180280	"ISTEBNA-STECÓWKA"	19570708	2.7
249180280	"ISTEBNA-STECÓWKA"	19570710	5.9
249180280	"ISTEBNA-STECÓWKA"	19570711	3.9
249180280	"ISTEBNA-STECÓWKA"	19570712	13.4
249180280	"ISTEBNA-STECÓWKA"	19570713	2.4
249180280	"ISTEBNA-STECÓWKA"	19570714	18.7
249180280	"ISTEBNA-STECÓWKA"	19570715	46.7
249180280	"ISTEBNA-STECÓWKA"	19570716	47.7
249180280	"ISTEBNA-STECÓWKA"	19570717	37.3
249180280	"ISTEBNA-STECÓWKA"	19570720	19.1
249180280	"ISTEBNA-STECÓWKA"	19570721	20.3
249180280	"ISTEBNA-STECÓWKA"	19570723	13.3
249180280	"ISTEBNA-STECÓWKA"	19570724	26.8
249180280	"ISTEBNA-STECÓWKA"	19570725	11.9
249180280	"ISTEBNA-STECÓWKA"	19570726	7.7
249180280	"ISTEBNA-STECÓWKA"	19570727	11.5
249180280	"ISTEBNA-STECÓWKA"	19570730	1.5
249180280	"ISTEBNA-STECÓWKA"	19570813	0.7
249180280	"ISTEBNA-STECÓWKA"	19570814	2.8
249180280	"ISTEBNA-STECÓWKA"	19570816	2.6
249180280	"ISTEBNA-STECÓWKA"	19570817	7.8
249180280	"ISTEBNA-STECÓWKA"	19570818	2.9
249180280	"ISTEBNA-STECÓWKA"	19570819	8.9
249180280	"ISTEBNA-STECÓWKA"	19570821	1.4
249180280	"ISTEBNA-STECÓWKA"	19570822	10.5
249180280	"ISTEBNA-STECÓWKA"	19570824	13.8
249180280	"ISTEBNA-STECÓWKA"	19570825	0.1
249180280	"ISTEBNA-STECÓWKA"	19570827	2.9
249180280	"ISTEBNA-STECÓWKA"	19570828	32.6
249180280	"ISTEBNA-STECÓWKA"	19570829	7
249180280	"ISTEBNA-STECÓWKA"	19570830	0.3
249180280	"ISTEBNA-STECÓWKA"	19570831	1
249180280	"ISTEBNA-STECÓWKA"	19570901	0
249180280	"ISTEBNA-STECÓWKA"	19570902	10.4
249180280	"ISTEBNA-STECÓWKA"	19570903	4.8
249180280	"ISTEBNA-STECÓWKA"	19570904	13
249180280	"ISTEBNA-STECÓWKA"	19570905	0.1
249180280	"ISTEBNA-STECÓWKA"	19570909	0.2
249180280	"ISTEBNA-STECÓWKA"	19570910	0.7
249180280	"ISTEBNA-STECÓWKA"	19570911	0.1
249180280	"ISTEBNA-STECÓWKA"	19570912	4.1
249180280	"ISTEBNA-STECÓWKA"	19570914	13.5
249180280	"ISTEBNA-STECÓWKA"	19570915	2.1
249180280	"ISTEBNA-STECÓWKA"	19570916	0.5
249180280	"ISTEBNA-STECÓWKA"	19570917	2.5
249180280	"ISTEBNA-STECÓWKA"	19570918	10.4
249180280	"ISTEBNA-STECÓWKA"	19570919	4.8
249180280	"ISTEBNA-STECÓWKA"	19570921	0.2
249180280	"ISTEBNA-STECÓWKA"	19570922	0.9
249180280	"ISTEBNA-STECÓWKA"	19570923	9
249180280	"ISTEBNA-STECÓWKA"	19570924	13.8
249180280	"ISTEBNA-STECÓWKA"	19570926	3.2
249180280	"ISTEBNA-STECÓWKA"	19570927	6.6
249180280	"ISTEBNA-STECÓWKA"	19570928	10.7
249180280	"ISTEBNA-STECÓWKA"	19570929	14.6
249180280	"ISTEBNA-STECÓWKA"	19570930	0.3
249180280	"ISTEBNA-STECÓWKA"	19571004	4.1
249180280	"ISTEBNA-STECÓWKA"	19571020	10.9
249180280	"ISTEBNA-STECÓWKA"	19571021	0.2
249180280	"ISTEBNA-STECÓWKA"	19571022	9.6
249180280	"ISTEBNA-STECÓWKA"	19571023	1.2
249180280	"ISTEBNA-STECÓWKA"	19571024	1.7
249180280	"ISTEBNA-STECÓWKA"	19571026	0.3
249180280	"ISTEBNA-STECÓWKA"	19571031	0.2
249180280	"ISTEBNA-STECÓWKA"	19571101	0.1
249180280	"ISTEBNA-STECÓWKA"	19571110	0.5
249180280	"ISTEBNA-STECÓWKA"	19571111	0.4
249180280	"ISTEBNA-STECÓWKA"	19571112	0.6
249180280	"ISTEBNA-STECÓWKA"	19571116	0.5
249180280	"ISTEBNA-STECÓWKA"	19571123	0
249180280	"ISTEBNA-STECÓWKA"	19571124	0.1
249180280	"ISTEBNA-STECÓWKA"	19571125	5.4
249180280	"ISTEBNA-STECÓWKA"	19571126	1
249180280	"ISTEBNA-STECÓWKA"	19571127	4.6
249180280	"ISTEBNA-STECÓWKA"	19571128	19.5
249180280	"ISTEBNA-STECÓWKA"	19571129	11
249180280	"ISTEBNA-STECÓWKA"	19571130	1
249180280	"ISTEBNA-STECÓWKA"	19571201	3.1
249180280	"ISTEBNA-STECÓWKA"	19571202	0.7
249180280	"ISTEBNA-STECÓWKA"	19571203	6
249180280	"ISTEBNA-STECÓWKA"	19571204	6.9
249180280	"ISTEBNA-STECÓWKA"	19571205	6.6
249180280	"ISTEBNA-STECÓWKA"	19571206	0.6
249180280	"ISTEBNA-STECÓWKA"	19571207	0.3
249180280	"ISTEBNA-STECÓWKA"	19571208	5.7
249180280	"ISTEBNA-STECÓWKA"	19571209	0.3
249180280	"ISTEBNA-STECÓWKA"	19571210	3.6
249180280	"ISTEBNA-STECÓWKA"	19571213	4
249180280	"ISTEBNA-STECÓWKA"	19571214	6.9
249180280	"ISTEBNA-STECÓWKA"	19571218	0
249180280	"ISTEBNA-STECÓWKA"	19571219	0
249180280	"ISTEBNA-STECÓWKA"	19571220	0.2
249180280	"ISTEBNA-STECÓWKA"	19571228	1.1
249180280	"ISTEBNA-STECÓWKA"	19571229	0
249180280	"ISTEBNA-STECÓWKA"	19571230	0.3
249180280	"ISTEBNA-STECÓWKA"	19571231	1.6
249180280	"ISTEBNA-STECÓWKA"	19580101	2.1
249180280	"ISTEBNA-STECÓWKA"	19580102	3.2
249180280	"ISTEBNA-STECÓWKA"	19580103	5.3
249180280	"ISTEBNA-STECÓWKA"	19580105	0.3
249180280	"ISTEBNA-STECÓWKA"	19580106	4.9
249180280	"ISTEBNA-STECÓWKA"	19580107	15.2
249180280	"ISTEBNA-STECÓWKA"	19580108	4.8
249180280	"ISTEBNA-STECÓWKA"	19580109	1
249180280	"ISTEBNA-STECÓWKA"	19580110	0.9
249180280	"ISTEBNA-STECÓWKA"	19580111	1
249180280	"ISTEBNA-STECÓWKA"	19580113	1.6
249180280	"ISTEBNA-STECÓWKA"	19580114	0.6
249180280	"ISTEBNA-STECÓWKA"	19580115	1
249180280	"ISTEBNA-STECÓWKA"	19580116	2.1
249180280	"ISTEBNA-STECÓWKA"	19580117	3.9
249180280	"ISTEBNA-STECÓWKA"	19580118	1
249180280	"ISTEBNA-STECÓWKA"	19580119	3.3
249180280	"ISTEBNA-STECÓWKA"	19580120	5.1
249180280	"ISTEBNA-STECÓWKA"	19580121	4.7
249180280	"ISTEBNA-STECÓWKA"	19580130	1.6
249180280	"ISTEBNA-STECÓWKA"	19580201	0.4
249180280	"ISTEBNA-STECÓWKA"	19580202	0.2
249180280	"ISTEBNA-STECÓWKA"	19580203	9
249180280	"ISTEBNA-STECÓWKA"	19580204	3.4
249180280	"ISTEBNA-STECÓWKA"	19580205	10.8
249180280	"ISTEBNA-STECÓWKA"	19580206	2.2
249180280	"ISTEBNA-STECÓWKA"	19580207	7.3
249180280	"ISTEBNA-STECÓWKA"	19580208	0
249180280	"ISTEBNA-STECÓWKA"	19580209	1.9
249180280	"ISTEBNA-STECÓWKA"	19580211	0.5
249180280	"ISTEBNA-STECÓWKA"	19580214	1
249180280	"ISTEBNA-STECÓWKA"	19580215	1.3
249180280	"ISTEBNA-STECÓWKA"	19580216	15.7
249180280	"ISTEBNA-STECÓWKA"	19580217	0.3
249180280	"ISTEBNA-STECÓWKA"	19580218	0.2
249180280	"ISTEBNA-STECÓWKA"	19580219	1.6
249180280	"ISTEBNA-STECÓWKA"	19580220	7
249180280	"ISTEBNA-STECÓWKA"	19580221	6.7
249180280	"ISTEBNA-STECÓWKA"	19580222	13.6
249180280	"ISTEBNA-STECÓWKA"	19580223	3.3
249180280	"ISTEBNA-STECÓWKA"	19580224	4.8
249180280	"ISTEBNA-STECÓWKA"	19580226	1.6
249180280	"ISTEBNA-STECÓWKA"	19580227	14.3
249180280	"ISTEBNA-STECÓWKA"	19580228	3.3
249180280	"ISTEBNA-STECÓWKA"	19580301	0.2
249180280	"ISTEBNA-STECÓWKA"	19580302	12.8
249180280	"ISTEBNA-STECÓWKA"	19580303	20.1
249180280	"ISTEBNA-STECÓWKA"	19580304	1
249180280	"ISTEBNA-STECÓWKA"	19580306	16.1
249180280	"ISTEBNA-STECÓWKA"	19580307	0
249180280	"ISTEBNA-STECÓWKA"	19580308	6.6
249180280	"ISTEBNA-STECÓWKA"	19580309	1.6
249180280	"ISTEBNA-STECÓWKA"	19580311	10.4
249180280	"ISTEBNA-STECÓWKA"	19580312	15.6
249180280	"ISTEBNA-STECÓWKA"	19580313	1.6
249180280	"ISTEBNA-STECÓWKA"	19580314	3.4
249180280	"ISTEBNA-STECÓWKA"	19580315	0.1
249180280	"ISTEBNA-STECÓWKA"	19580316	3
249180280	"ISTEBNA-STECÓWKA"	19580317	10.9
249180280	"ISTEBNA-STECÓWKA"	19580318	0.6
249180280	"ISTEBNA-STECÓWKA"	19580319	0
249180280	"ISTEBNA-STECÓWKA"	19580320	2.7
249180280	"ISTEBNA-STECÓWKA"	19580321	7.4
249180280	"ISTEBNA-STECÓWKA"	19580322	2.1
249180280	"ISTEBNA-STECÓWKA"	19580323	4.1
249180280	"ISTEBNA-STECÓWKA"	19580328	2.9
249180280	"ISTEBNA-STECÓWKA"	19580329	0.3
249180280	"ISTEBNA-STECÓWKA"	19580330	6.9
249180280	"ISTEBNA-STECÓWKA"	19580331	1.8
249180280	"ISTEBNA-STECÓWKA"	19580401	0
249180280	"ISTEBNA-STECÓWKA"	19580405	1.7
249180280	"ISTEBNA-STECÓWKA"	19580406	0.4
249180280	"ISTEBNA-STECÓWKA"	19580407	2.4
249180280	"ISTEBNA-STECÓWKA"	19580408	0
249180280	"ISTEBNA-STECÓWKA"	19580409	2.7
249180280	"ISTEBNA-STECÓWKA"	19580410	3.1
249180280	"ISTEBNA-STECÓWKA"	19580411	4.1
249180280	"ISTEBNA-STECÓWKA"	19580416	7.4
249180280	"ISTEBNA-STECÓWKA"	19580417	18.7
249180280	"ISTEBNA-STECÓWKA"	19580418	2.2
249180280	"ISTEBNA-STECÓWKA"	19580419	16.2
249180280	"ISTEBNA-STECÓWKA"	19580420	7.2
249180280	"ISTEBNA-STECÓWKA"	19580421	22.6
249180280	"ISTEBNA-STECÓWKA"	19580422	7.8
249180280	"ISTEBNA-STECÓWKA"	19580423	0.9
249180280	"ISTEBNA-STECÓWKA"	19580424	0.6
249180280	"ISTEBNA-STECÓWKA"	19580427	3.4
249180280	"ISTEBNA-STECÓWKA"	19580429	0.2
249180280	"ISTEBNA-STECÓWKA"	19580502	0.8
249180280	"ISTEBNA-STECÓWKA"	19580503	8.7
249180280	"ISTEBNA-STECÓWKA"	19580504	2.8
249180280	"ISTEBNA-STECÓWKA"	19580506	11
249180280	"ISTEBNA-STECÓWKA"	19580507	11.2
249180280	"ISTEBNA-STECÓWKA"	19580508	14.1
249180280	"ISTEBNA-STECÓWKA"	19580509	3.4
249180280	"ISTEBNA-STECÓWKA"	19580510	1.3
249180280	"ISTEBNA-STECÓWKA"	19580516	0
249180280	"ISTEBNA-STECÓWKA"	19580517	0
249180280	"ISTEBNA-STECÓWKA"	19580518	1.1
249180280	"ISTEBNA-STECÓWKA"	19580519	2.1
249180280	"ISTEBNA-STECÓWKA"	19580522	0.8
249180280	"ISTEBNA-STECÓWKA"	19580523	18.3
249180280	"ISTEBNA-STECÓWKA"	19580525	1.3
249180280	"ISTEBNA-STECÓWKA"	19580528	23.6
249180280	"ISTEBNA-STECÓWKA"	19580529	0.2
249180280	"ISTEBNA-STECÓWKA"	19580530	0.1
249180280	"ISTEBNA-STECÓWKA"	19580531	7.2
249180280	"ISTEBNA-STECÓWKA"	19580604	7.3
249180280	"ISTEBNA-STECÓWKA"	19580605	5.4
249180280	"ISTEBNA-STECÓWKA"	19580606	1
249180280	"ISTEBNA-STECÓWKA"	19580607	0.1
249180280	"ISTEBNA-STECÓWKA"	19580609	0
249180280	"ISTEBNA-STECÓWKA"	19580611	6.8
249180280	"ISTEBNA-STECÓWKA"	19580612	2
249180280	"ISTEBNA-STECÓWKA"	19580613	2.3
249180280	"ISTEBNA-STECÓWKA"	19580618	0.8
249180280	"ISTEBNA-STECÓWKA"	19580619	0.3
249180280	"ISTEBNA-STECÓWKA"	19580620	0.3
249180280	"ISTEBNA-STECÓWKA"	19580621	1.4
249180280	"ISTEBNA-STECÓWKA"	19580622	8.1
249180280	"ISTEBNA-STECÓWKA"	19580623	9.3
249180280	"ISTEBNA-STECÓWKA"	19580624	3
249180280	"ISTEBNA-STECÓWKA"	19580625	4.3
249180280	"ISTEBNA-STECÓWKA"	19580627	10.4
249180280	"ISTEBNA-STECÓWKA"	19580628	77.4
249180280	"ISTEBNA-STECÓWKA"	19580629	142.2
249180280	"ISTEBNA-STECÓWKA"	19580630	11.2
249180280	"ISTEBNA-STECÓWKA"	19580702	5
249180280	"ISTEBNA-STECÓWKA"	19580703	18.9
249180280	"ISTEBNA-STECÓWKA"	19580704	45.2
249180280	"ISTEBNA-STECÓWKA"	19580705	30.8
249180280	"ISTEBNA-STECÓWKA"	19580706	8.1
249180280	"ISTEBNA-STECÓWKA"	19580707	2.4
249180280	"ISTEBNA-STECÓWKA"	19580708	14.1
249180280	"ISTEBNA-STECÓWKA"	19580714	29
249180280	"ISTEBNA-STECÓWKA"	19580717	3.9
249180280	"ISTEBNA-STECÓWKA"	19580721	3
249180280	"ISTEBNA-STECÓWKA"	19580722	10.1
249180280	"ISTEBNA-STECÓWKA"	19580723	30.8
249180280	"ISTEBNA-STECÓWKA"	19580724	2.8
249180280	"ISTEBNA-STECÓWKA"	19580725	2.1
249180280	"ISTEBNA-STECÓWKA"	19580729	5.8
249180280	"ISTEBNA-STECÓWKA"	19580802	4.2
249180280	"ISTEBNA-STECÓWKA"	19580803	10.1
249180280	"ISTEBNA-STECÓWKA"	19580804	0.3
249180280	"ISTEBNA-STECÓWKA"	19580807	9
249180280	"ISTEBNA-STECÓWKA"	19580808	32.9
249180280	"ISTEBNA-STECÓWKA"	19580812	12.9
249180280	"ISTEBNA-STECÓWKA"	19580813	10.3
249180280	"ISTEBNA-STECÓWKA"	19580814	0.9
249180280	"ISTEBNA-STECÓWKA"	19580815	2.6
249180280	"ISTEBNA-STECÓWKA"	19580816	1.6
249180280	"ISTEBNA-STECÓWKA"	19580817	3.1
249180280	"ISTEBNA-STECÓWKA"	19580818	17.1
249180280	"ISTEBNA-STECÓWKA"	19580820	9.9
249180280	"ISTEBNA-STECÓWKA"	19580821	5.8
249180280	"ISTEBNA-STECÓWKA"	19580822	24.8
249180280	"ISTEBNA-STECÓWKA"	19580823	1.7
249180280	"ISTEBNA-STECÓWKA"	19580824	0.6
249180280	"ISTEBNA-STECÓWKA"	19580825	9.7
249180280	"ISTEBNA-STECÓWKA"	19580826	9.6
249180280	"ISTEBNA-STECÓWKA"	19580827	2.1
249180280	"ISTEBNA-STECÓWKA"	19580828	0.2
249180280	"ISTEBNA-STECÓWKA"	19580830	2.7
249180280	"ISTEBNA-STECÓWKA"	19580831	0.8
249180280	"ISTEBNA-STECÓWKA"	19580901	0
249180280	"ISTEBNA-STECÓWKA"	19580909	0.4
249180280	"ISTEBNA-STECÓWKA"	19580910	10.7
249180280	"ISTEBNA-STECÓWKA"	19580911	38.2
249180280	"ISTEBNA-STECÓWKA"	19580912	4.8
249180280	"ISTEBNA-STECÓWKA"	19580914	0.3
249180280	"ISTEBNA-STECÓWKA"	19580915	0.2
249180280	"ISTEBNA-STECÓWKA"	19580916	0.6
249180280	"ISTEBNA-STECÓWKA"	19580917	0.2
249180280	"ISTEBNA-STECÓWKA"	19580918	13.9
249180280	"ISTEBNA-STECÓWKA"	19580919	0.2
249180280	"ISTEBNA-STECÓWKA"	19580921	7
249180280	"ISTEBNA-STECÓWKA"	19580922	16.4
249180280	"ISTEBNA-STECÓWKA"	19580923	1.2
249180280	"ISTEBNA-STECÓWKA"	19580924	3.3
249180280	"ISTEBNA-STECÓWKA"	19580925	6.2
249180280	"ISTEBNA-STECÓWKA"	19580926	7.5
249180280	"ISTEBNA-STECÓWKA"	19580927	7.2
249180280	"ISTEBNA-STECÓWKA"	19581001	0.6
249180280	"ISTEBNA-STECÓWKA"	19581002	11
249180280	"ISTEBNA-STECÓWKA"	19581003	6.9
249180280	"ISTEBNA-STECÓWKA"	19581006	1.5
249180280	"ISTEBNA-STECÓWKA"	19581007	2.7
249180280	"ISTEBNA-STECÓWKA"	19581008	12.2
249180280	"ISTEBNA-STECÓWKA"	19581009	0.2
249180280	"ISTEBNA-STECÓWKA"	19581010	0
249180280	"ISTEBNA-STECÓWKA"	19581012	8.2
249180280	"ISTEBNA-STECÓWKA"	19581013	36.6
249180280	"ISTEBNA-STECÓWKA"	19581014	23.3
249180280	"ISTEBNA-STECÓWKA"	19581015	14.3
249180280	"ISTEBNA-STECÓWKA"	19581016	23.4
249180280	"ISTEBNA-STECÓWKA"	19581017	10.9
249180280	"ISTEBNA-STECÓWKA"	19581018	14.7
249180280	"ISTEBNA-STECÓWKA"	19581019	3.4
249180280	"ISTEBNA-STECÓWKA"	19581021	0.7
249180280	"ISTEBNA-STECÓWKA"	19581022	0.7
249180280	"ISTEBNA-STECÓWKA"	19581023	2.3
249180280	"ISTEBNA-STECÓWKA"	19581024	2.7
249180280	"ISTEBNA-STECÓWKA"	19581025	2.8
249180280	"ISTEBNA-STECÓWKA"	19581027	0.5
249180280	"ISTEBNA-STECÓWKA"	19581028	0.7
249180280	"ISTEBNA-STECÓWKA"	19581101	15.5
249180280	"ISTEBNA-STECÓWKA"	19581102	0.9
249180280	"ISTEBNA-STECÓWKA"	19581103	0.1
249180280	"ISTEBNA-STECÓWKA"	19581104	5.1
249180280	"ISTEBNA-STECÓWKA"	19581107	0.6
249180280	"ISTEBNA-STECÓWKA"	19581108	0.2
249180280	"ISTEBNA-STECÓWKA"	19581109	9
249180280	"ISTEBNA-STECÓWKA"	19581110	7
249180280	"ISTEBNA-STECÓWKA"	19581113	0
249180280	"ISTEBNA-STECÓWKA"	19581114	0.2
249180280	"ISTEBNA-STECÓWKA"	19581115	5.8
249180280	"ISTEBNA-STECÓWKA"	19581116	2.1
249180280	"ISTEBNA-STECÓWKA"	19581121	0
249180280	"ISTEBNA-STECÓWKA"	19581126	1.3
249180280	"ISTEBNA-STECÓWKA"	19581129	0.3
249180280	"ISTEBNA-STECÓWKA"	19581201	8.3
249180280	"ISTEBNA-STECÓWKA"	19581202	8.1
249180280	"ISTEBNA-STECÓWKA"	19581205	6.5
249180280	"ISTEBNA-STECÓWKA"	19581206	10.9
249180280	"ISTEBNA-STECÓWKA"	19581207	2.1
249180280	"ISTEBNA-STECÓWKA"	19581209	1.6
249180280	"ISTEBNA-STECÓWKA"	19581210	2.7
249180280	"ISTEBNA-STECÓWKA"	19581213	2
249180280	"ISTEBNA-STECÓWKA"	19581214	11.6
249180280	"ISTEBNA-STECÓWKA"	19581217	1
249180280	"ISTEBNA-STECÓWKA"	19581223	2
249180280	"ISTEBNA-STECÓWKA"	19581224	0.4
249180280	"ISTEBNA-STECÓWKA"	19581225	7.7
249180280	"ISTEBNA-STECÓWKA"	19581226	0.5
249180280	"ISTEBNA-STECÓWKA"	19581227	1.6
249180280	"ISTEBNA-STECÓWKA"	19581228	12.4
249180280	"ISTEBNA-STECÓWKA"	19581229	3.2
249180280	"ISTEBNA-STECÓWKA"	19581230	4.5
249180280	"ISTEBNA-STECÓWKA"	19590103	0.3
249180280	"ISTEBNA-STECÓWKA"	19590104	0.3
249180280	"ISTEBNA-STECÓWKA"	19590105	6.5
249180280	"ISTEBNA-STECÓWKA"	19590106	0.7
249180280	"ISTEBNA-STECÓWKA"	19590107	1.3
249180280	"ISTEBNA-STECÓWKA"	19590108	6.1
249180280	"ISTEBNA-STECÓWKA"	19590109	27.6
249180280	"ISTEBNA-STECÓWKA"	19590110	1.8
249180280	"ISTEBNA-STECÓWKA"	19590112	0.6
249180280	"ISTEBNA-STECÓWKA"	19590113	2.2
249180280	"ISTEBNA-STECÓWKA"	19590114	0.2
249180280	"ISTEBNA-STECÓWKA"	19590115	1.2
249180280	"ISTEBNA-STECÓWKA"	19590116	0.5
249180280	"ISTEBNA-STECÓWKA"	19590117	1.2
249180280	"ISTEBNA-STECÓWKA"	19590118	0.2
249180280	"ISTEBNA-STECÓWKA"	19590121	0
249180280	"ISTEBNA-STECÓWKA"	19590123	1.9
249180280	"ISTEBNA-STECÓWKA"	19590124	12.2
249180280	"ISTEBNA-STECÓWKA"	19590125	7.1
249180280	"ISTEBNA-STECÓWKA"	19590126	6.8
249180280	"ISTEBNA-STECÓWKA"	19590127	7.4
249180280	"ISTEBNA-STECÓWKA"	19590131	1.4
249180280	"ISTEBNA-STECÓWKA"	19590201	7.5
249180280	"ISTEBNA-STECÓWKA"	19590202	1.2
249180280	"ISTEBNA-STECÓWKA"	19590215	1.9
249180280	"ISTEBNA-STECÓWKA"	19590217	2.1
249180280	"ISTEBNA-STECÓWKA"	19590218	2.9
249180280	"ISTEBNA-STECÓWKA"	19590220	3.4
249180280	"ISTEBNA-STECÓWKA"	19590221	4
249180280	"ISTEBNA-STECÓWKA"	19590222	3.4
249180280	"ISTEBNA-STECÓWKA"	19590223	1.9
249180280	"ISTEBNA-STECÓWKA"	19590224	3.4
249180280	"ISTEBNA-STECÓWKA"	19590307	3.1
249180280	"ISTEBNA-STECÓWKA"	19590308	39.1
249180280	"ISTEBNA-STECÓWKA"	19590309	0.2
249180280	"ISTEBNA-STECÓWKA"	19590312	0.3
249180280	"ISTEBNA-STECÓWKA"	19590313	0.1
249180280	"ISTEBNA-STECÓWKA"	19590324	0.3
249180280	"ISTEBNA-STECÓWKA"	19590326	0.2
249180280	"ISTEBNA-STECÓWKA"	19590327	0
249180280	"ISTEBNA-STECÓWKA"	19590328	3.1
249180280	"ISTEBNA-STECÓWKA"	19590329	1.3
249180280	"ISTEBNA-STECÓWKA"	19590402	0.2
249180280	"ISTEBNA-STECÓWKA"	19590404	0
249180280	"ISTEBNA-STECÓWKA"	19590405	7.8
249180280	"ISTEBNA-STECÓWKA"	19590406	0.3
249180280	"ISTEBNA-STECÓWKA"	19590407	4.4
249180280	"ISTEBNA-STECÓWKA"	19590410	2.4
249180280	"ISTEBNA-STECÓWKA"	19590411	18.5
249180280	"ISTEBNA-STECÓWKA"	19590412	2.6
249180280	"ISTEBNA-STECÓWKA"	19590413	1.1
249180280	"ISTEBNA-STECÓWKA"	19590417	1
249180280	"ISTEBNA-STECÓWKA"	19590418	25
249180280	"ISTEBNA-STECÓWKA"	19590419	33.9
249180280	"ISTEBNA-STECÓWKA"	19590420	5
249180280	"ISTEBNA-STECÓWKA"	19590423	5.4
249180280	"ISTEBNA-STECÓWKA"	19590424	1
249180280	"ISTEBNA-STECÓWKA"	19590501	13.1
249180280	"ISTEBNA-STECÓWKA"	19590502	2.6
249180280	"ISTEBNA-STECÓWKA"	19590503	1.1
249180280	"ISTEBNA-STECÓWKA"	19590506	1
249180280	"ISTEBNA-STECÓWKA"	19590507	13.6
249180280	"ISTEBNA-STECÓWKA"	19590508	0.3
249180280	"ISTEBNA-STECÓWKA"	19590509	0.3
249180280	"ISTEBNA-STECÓWKA"	19590510	3
249180280	"ISTEBNA-STECÓWKA"	19590512	0.8
249180280	"ISTEBNA-STECÓWKA"	19590513	0.9
249180280	"ISTEBNA-STECÓWKA"	19590515	2.4
249180280	"ISTEBNA-STECÓWKA"	19590516	1
249180280	"ISTEBNA-STECÓWKA"	19590517	5.5
249180280	"ISTEBNA-STECÓWKA"	19590518	6.3
249180280	"ISTEBNA-STECÓWKA"	19590519	16.3
249180280	"ISTEBNA-STECÓWKA"	19590520	1.1
249180280	"ISTEBNA-STECÓWKA"	19590528	0.8
249180280	"ISTEBNA-STECÓWKA"	19590530	5.2
249180280	"ISTEBNA-STECÓWKA"	19590531	38.5
249180280	"ISTEBNA-STECÓWKA"	19590601	5.5
249180280	"ISTEBNA-STECÓWKA"	19590602	2.7
249180280	"ISTEBNA-STECÓWKA"	19590603	20.6
249180280	"ISTEBNA-STECÓWKA"	19590604	5.9
249180280	"ISTEBNA-STECÓWKA"	19590607	0.2
249180280	"ISTEBNA-STECÓWKA"	19590609	3.4
249180280	"ISTEBNA-STECÓWKA"	19590610	25.7
249180280	"ISTEBNA-STECÓWKA"	19590611	19.4
249180280	"ISTEBNA-STECÓWKA"	19590612	1.6
249180280	"ISTEBNA-STECÓWKA"	19590613	3.4
249180280	"ISTEBNA-STECÓWKA"	19590614	9
249180280	"ISTEBNA-STECÓWKA"	19590615	0.1
249180280	"ISTEBNA-STECÓWKA"	19590616	0.1
249180280	"ISTEBNA-STECÓWKA"	19590625	20.6
249180280	"ISTEBNA-STECÓWKA"	19590626	4.3
249180280	"ISTEBNA-STECÓWKA"	19590628	4.8
249180280	"ISTEBNA-STECÓWKA"	19590629	44.7
249180280	"ISTEBNA-STECÓWKA"	19590630	94.1
249180280	"ISTEBNA-STECÓWKA"	19590701	31.8
249180280	"ISTEBNA-STECÓWKA"	19590702	1.7
249180280	"ISTEBNA-STECÓWKA"	19590703	24.4
249180280	"ISTEBNA-STECÓWKA"	19590704	2.7
249180280	"ISTEBNA-STECÓWKA"	19590705	0.1
249180280	"ISTEBNA-STECÓWKA"	19590707	0.7
249180280	"ISTEBNA-STECÓWKA"	19590713	1.1
249180280	"ISTEBNA-STECÓWKA"	19590715	0.2
249180280	"ISTEBNA-STECÓWKA"	19590716	2.8
249180280	"ISTEBNA-STECÓWKA"	19590717	14.6
249180280	"ISTEBNA-STECÓWKA"	19590718	10.2
249180280	"ISTEBNA-STECÓWKA"	19590719	4.6
249180280	"ISTEBNA-STECÓWKA"	19590720	0.2
249180280	"ISTEBNA-STECÓWKA"	19590721	9.3
249180280	"ISTEBNA-STECÓWKA"	19590722	1.7
249180280	"ISTEBNA-STECÓWKA"	19590729	24.4
249180280	"ISTEBNA-STECÓWKA"	19590730	40.3
249180280	"ISTEBNA-STECÓWKA"	19590731	16.9
249180280	"ISTEBNA-STECÓWKA"	19590801	2.3
249180280	"ISTEBNA-STECÓWKA"	19590802	3.8
249180280	"ISTEBNA-STECÓWKA"	19590804	0.8
249180280	"ISTEBNA-STECÓWKA"	19590805	2.5
249180280	"ISTEBNA-STECÓWKA"	19590807	0.8
249180280	"ISTEBNA-STECÓWKA"	19590811	7.3
249180280	"ISTEBNA-STECÓWKA"	19590812	3.3
249180280	"ISTEBNA-STECÓWKA"	19590813	10.8
249180280	"ISTEBNA-STECÓWKA"	19590814	20
249180280	"ISTEBNA-STECÓWKA"	19590815	6.2
249180280	"ISTEBNA-STECÓWKA"	19590816	23
249180280	"ISTEBNA-STECÓWKA"	19590817	1.3
249180280	"ISTEBNA-STECÓWKA"	19590818	0.1
249180280	"ISTEBNA-STECÓWKA"	19590819	0.2
249180280	"ISTEBNA-STECÓWKA"	19590826	0.5
249180280	"ISTEBNA-STECÓWKA"	19590828	0.5
249180280	"ISTEBNA-STECÓWKA"	19590829	0.7
249180280	"ISTEBNA-STECÓWKA"	19590901	1.1
249180280	"ISTEBNA-STECÓWKA"	19590909	0.3
249180280	"ISTEBNA-STECÓWKA"	19590913	1.5
249180280	"ISTEBNA-STECÓWKA"	19590922	5.8
249180280	"ISTEBNA-STECÓWKA"	19590924	2.3
249180280	"ISTEBNA-STECÓWKA"	19590928	2.9
249180280	"ISTEBNA-STECÓWKA"	19590929	1.1
249180280	"ISTEBNA-STECÓWKA"	19591012	0.2
249180280	"ISTEBNA-STECÓWKA"	19591013	1.4
249180280	"ISTEBNA-STECÓWKA"	19591022	7.9
249180280	"ISTEBNA-STECÓWKA"	19591023	18.3
249180280	"ISTEBNA-STECÓWKA"	19591024	2.8
249180280	"ISTEBNA-STECÓWKA"	19591029	1.2
249180280	"ISTEBNA-STECÓWKA"	19591030	1
249180280	"ISTEBNA-STECÓWKA"	19591104	0.3
249180280	"ISTEBNA-STECÓWKA"	19591105	0.2
249180280	"ISTEBNA-STECÓWKA"	19591106	3.5
249180280	"ISTEBNA-STECÓWKA"	19591107	2.8
249180280	"ISTEBNA-STECÓWKA"	19591108	6.8
249180280	"ISTEBNA-STECÓWKA"	19591109	1.2
249180280	"ISTEBNA-STECÓWKA"	19591115	0.3
249180280	"ISTEBNA-STECÓWKA"	19591116	3.8
249180280	"ISTEBNA-STECÓWKA"	19591117	1.6
249180280	"ISTEBNA-STECÓWKA"	19591118	0
249180280	"ISTEBNA-STECÓWKA"	19591120	0
249180280	"ISTEBNA-STECÓWKA"	19591204	3.6
249180280	"ISTEBNA-STECÓWKA"	19591205	7.2
249180280	"ISTEBNA-STECÓWKA"	19591206	1.9
249180280	"ISTEBNA-STECÓWKA"	19591208	1
249180280	"ISTEBNA-STECÓWKA"	19591213	13.3
249180280	"ISTEBNA-STECÓWKA"	19591214	2.5
249180280	"ISTEBNA-STECÓWKA"	19591218	9
249180280	"ISTEBNA-STECÓWKA"	19591219	1.9
249180280	"ISTEBNA-STECÓWKA"	19591221	1.7
249180280	"ISTEBNA-STECÓWKA"	19591223	0.2
249180280	"ISTEBNA-STECÓWKA"	19591224	11.1
249180280	"ISTEBNA-STECÓWKA"	19591225	5.4
249180280	"ISTEBNA-STECÓWKA"	19591226	6.1
249180280	"ISTEBNA-STECÓWKA"	19591227	0.5
249180280	"ISTEBNA-STECÓWKA"	19591228	15.8
249180280	"ISTEBNA-STECÓWKA"	19591229	13.2
249180280	"ISTEBNA-STECÓWKA"	19591230	10.7
249180280	"ISTEBNA-STECÓWKA"	19591231	0.7
249180280	"ISTEBNA-STECÓWKA"	19600101	2.1
249180280	"ISTEBNA-STECÓWKA"	19600102	0.1
249180280	"ISTEBNA-STECÓWKA"	19600103	0.8
249180280	"ISTEBNA-STECÓWKA"	19600104	1
249180280	"ISTEBNA-STECÓWKA"	19600105	1.5
249180280	"ISTEBNA-STECÓWKA"	19600106	19.6
249180280	"ISTEBNA-STECÓWKA"	19600107	7.2
249180280	"ISTEBNA-STECÓWKA"	19600108	3.8
249180280	"ISTEBNA-STECÓWKA"	19600109	1.4
249180280	"ISTEBNA-STECÓWKA"	19600110	0
249180280	"ISTEBNA-STECÓWKA"	19600111	0
249180280	"ISTEBNA-STECÓWKA"	19600112	12
249180280	"ISTEBNA-STECÓWKA"	19600113	1.4
249180280	"ISTEBNA-STECÓWKA"	19600114	0.4
249180280	"ISTEBNA-STECÓWKA"	19600120	2.8
249180280	"ISTEBNA-STECÓWKA"	19600121	11.7
249180280	"ISTEBNA-STECÓWKA"	19600122	0.6
249180280	"ISTEBNA-STECÓWKA"	19600123	0
249180280	"ISTEBNA-STECÓWKA"	19600126	0.2
249180280	"ISTEBNA-STECÓWKA"	19600128	2.6
249180280	"ISTEBNA-STECÓWKA"	19600129	0.6
249180280	"ISTEBNA-STECÓWKA"	19600130	17.7
249180280	"ISTEBNA-STECÓWKA"	19600131	2.1
249180280	"ISTEBNA-STECÓWKA"	19600212	0.4
249180280	"ISTEBNA-STECÓWKA"	19600213	23
249180280	"ISTEBNA-STECÓWKA"	19600214	1
249180280	"ISTEBNA-STECÓWKA"	19600215	0.1
249180280	"ISTEBNA-STECÓWKA"	19600216	1.7
249180280	"ISTEBNA-STECÓWKA"	19600217	0.7
249180280	"ISTEBNA-STECÓWKA"	19600218	3.8
249180280	"ISTEBNA-STECÓWKA"	19600219	0.2
249180280	"ISTEBNA-STECÓWKA"	19600223	1.5
249180280	"ISTEBNA-STECÓWKA"	19600224	3.5
249180280	"ISTEBNA-STECÓWKA"	19600227	0.2
249180280	"ISTEBNA-STECÓWKA"	19600301	1.4
249180280	"ISTEBNA-STECÓWKA"	19600302	0.6
249180280	"ISTEBNA-STECÓWKA"	19600303	1.1
249180280	"ISTEBNA-STECÓWKA"	19600307	0.4
249180280	"ISTEBNA-STECÓWKA"	19600312	0.1
249180280	"ISTEBNA-STECÓWKA"	19600316	1.5
249180280	"ISTEBNA-STECÓWKA"	19600317	4.2
249180280	"ISTEBNA-STECÓWKA"	19600318	8.9
249180280	"ISTEBNA-STECÓWKA"	19600319	4.6
249180280	"ISTEBNA-STECÓWKA"	19600329	0
249180280	"ISTEBNA-STECÓWKA"	19600404	0.6
249180280	"ISTEBNA-STECÓWKA"	19600406	1.9
249180280	"ISTEBNA-STECÓWKA"	19600407	4
249180280	"ISTEBNA-STECÓWKA"	19600408	18.4
249180280	"ISTEBNA-STECÓWKA"	19600410	0.2
249180280	"ISTEBNA-STECÓWKA"	19600411	0
249180280	"ISTEBNA-STECÓWKA"	19600412	1
249180280	"ISTEBNA-STECÓWKA"	19600413	0.1
249180280	"ISTEBNA-STECÓWKA"	19600414	14.4
249180280	"ISTEBNA-STECÓWKA"	19600415	0.7
249180280	"ISTEBNA-STECÓWKA"	19600416	0.7
249180280	"ISTEBNA-STECÓWKA"	19600417	0.3
249180280	"ISTEBNA-STECÓWKA"	19600421	0.8
249180280	"ISTEBNA-STECÓWKA"	19600422	20.8
249180280	"ISTEBNA-STECÓWKA"	19600423	3.7
249180280	"ISTEBNA-STECÓWKA"	19600424	9.2
249180280	"ISTEBNA-STECÓWKA"	19600425	12.1
249180280	"ISTEBNA-STECÓWKA"	19600426	0.6
249180280	"ISTEBNA-STECÓWKA"	19600427	2
249180280	"ISTEBNA-STECÓWKA"	19600428	4.2
249180280	"ISTEBNA-STECÓWKA"	19600429	0.7
249180280	"ISTEBNA-STECÓWKA"	19600430	3.1
249180280	"ISTEBNA-STECÓWKA"	19600501	6.7
249180280	"ISTEBNA-STECÓWKA"	19600502	0.8
249180280	"ISTEBNA-STECÓWKA"	19600507	0.1
249180280	"ISTEBNA-STECÓWKA"	19600508	3.1
249180280	"ISTEBNA-STECÓWKA"	19600509	10.4
249180280	"ISTEBNA-STECÓWKA"	19600513	5.8
249180280	"ISTEBNA-STECÓWKA"	19600516	0.4
249180280	"ISTEBNA-STECÓWKA"	19600517	6.1
249180280	"ISTEBNA-STECÓWKA"	19600519	1.1
249180280	"ISTEBNA-STECÓWKA"	19600520	2.3
249180280	"ISTEBNA-STECÓWKA"	19600521	1.8
249180280	"ISTEBNA-STECÓWKA"	19600522	17.8
249180280	"ISTEBNA-STECÓWKA"	19600523	31
249180280	"ISTEBNA-STECÓWKA"	19600524	2.6
249180280	"ISTEBNA-STECÓWKA"	19600525	2.7
249180280	"ISTEBNA-STECÓWKA"	19600526	12
249180280	"ISTEBNA-STECÓWKA"	19600527	0.2
249180280	"ISTEBNA-STECÓWKA"	19600529	4.7
249180280	"ISTEBNA-STECÓWKA"	19600530	0.4
249180280	"ISTEBNA-STECÓWKA"	19600531	2.9
249180280	"ISTEBNA-STECÓWKA"	19600602	4.6
249180280	"ISTEBNA-STECÓWKA"	19600603	11.7
249180280	"ISTEBNA-STECÓWKA"	19600604	10.7
249180280	"ISTEBNA-STECÓWKA"	19600610	22.1
249180280	"ISTEBNA-STECÓWKA"	19600611	16.4
249180280	"ISTEBNA-STECÓWKA"	19600612	0.2
249180280	"ISTEBNA-STECÓWKA"	19600614	9.3
249180280	"ISTEBNA-STECÓWKA"	19600615	6
249180280	"ISTEBNA-STECÓWKA"	19600617	7
249180280	"ISTEBNA-STECÓWKA"	19600618	1
249180280	"ISTEBNA-STECÓWKA"	19600619	40.5
249180280	"ISTEBNA-STECÓWKA"	19600620	28.1
249180280	"ISTEBNA-STECÓWKA"	19600621	4.4
249180280	"ISTEBNA-STECÓWKA"	19600622	1.7
249180280	"ISTEBNA-STECÓWKA"	19600626	2.8
249180280	"ISTEBNA-STECÓWKA"	19600627	6.8
249180280	"ISTEBNA-STECÓWKA"	19600628	6.3
249180280	"ISTEBNA-STECÓWKA"	19600629	8
249180280	"ISTEBNA-STECÓWKA"	19600630	1.8
249180280	"ISTEBNA-STECÓWKA"	19600701	6
249180280	"ISTEBNA-STECÓWKA"	19600702	0.2
249180280	"ISTEBNA-STECÓWKA"	19600703	0.7
249180280	"ISTEBNA-STECÓWKA"	19600704	10.8
249180280	"ISTEBNA-STECÓWKA"	19600705	2.6
249180280	"ISTEBNA-STECÓWKA"	19600706	18.7
249180280	"ISTEBNA-STECÓWKA"	19600707	27.3
249180280	"ISTEBNA-STECÓWKA"	19600708	18.5
249180280	"ISTEBNA-STECÓWKA"	19600709	40.6
249180280	"ISTEBNA-STECÓWKA"	19600712	59.5
249180280	"ISTEBNA-STECÓWKA"	19600713	20.3
249180280	"ISTEBNA-STECÓWKA"	19600720	16.6
249180280	"ISTEBNA-STECÓWKA"	19600721	17.1
249180280	"ISTEBNA-STECÓWKA"	19600722	11.3
249180280	"ISTEBNA-STECÓWKA"	19600723	27.4
249180280	"ISTEBNA-STECÓWKA"	19600724	45
249180280	"ISTEBNA-STECÓWKA"	19600725	109.3
249180280	"ISTEBNA-STECÓWKA"	19600726	13.2
249180280	"ISTEBNA-STECÓWKA"	19600727	11.3
249180280	"ISTEBNA-STECÓWKA"	19600728	1.6
249180280	"ISTEBNA-STECÓWKA"	19600802	7.3
249180280	"ISTEBNA-STECÓWKA"	19600803	1
249180280	"ISTEBNA-STECÓWKA"	19600804	0
249180280	"ISTEBNA-STECÓWKA"	19600805	6.7
249180280	"ISTEBNA-STECÓWKA"	19600806	9.8
249180280	"ISTEBNA-STECÓWKA"	19600808	26.1
249180280	"ISTEBNA-STECÓWKA"	19600809	6.8
249180280	"ISTEBNA-STECÓWKA"	19600810	0
249180280	"ISTEBNA-STECÓWKA"	19600812	0.8
249180280	"ISTEBNA-STECÓWKA"	19600813	20
249180280	"ISTEBNA-STECÓWKA"	19600814	0
249180280	"ISTEBNA-STECÓWKA"	19600815	9.3
249180280	"ISTEBNA-STECÓWKA"	19600816	0.6
249180280	"ISTEBNA-STECÓWKA"	19600817	0.7
249180280	"ISTEBNA-STECÓWKA"	19600819	6.7
249180280	"ISTEBNA-STECÓWKA"	19600820	1.2
249180280	"ISTEBNA-STECÓWKA"	19600821	1.2
249180280	"ISTEBNA-STECÓWKA"	19600823	1.7
249180280	"ISTEBNA-STECÓWKA"	19600824	0.2
249180280	"ISTEBNA-STECÓWKA"	19600828	4
249180280	"ISTEBNA-STECÓWKA"	19600829	22.8
249180280	"ISTEBNA-STECÓWKA"	19600830	0.2
249180280	"ISTEBNA-STECÓWKA"	19600831	0.6
249180280	"ISTEBNA-STECÓWKA"	19600901	3.1
249180280	"ISTEBNA-STECÓWKA"	19600902	4.7
249180280	"ISTEBNA-STECÓWKA"	19600904	4
249180280	"ISTEBNA-STECÓWKA"	19600905	24.6
249180280	"ISTEBNA-STECÓWKA"	19600906	11.1
249180280	"ISTEBNA-STECÓWKA"	19600907	3.3
249180280	"ISTEBNA-STECÓWKA"	19600908	10.2
249180280	"ISTEBNA-STECÓWKA"	19600909	0.9
249180280	"ISTEBNA-STECÓWKA"	19600922	0.3
249180280	"ISTEBNA-STECÓWKA"	19600924	0.1
249180280	"ISTEBNA-STECÓWKA"	19600926	5.5
249180280	"ISTEBNA-STECÓWKA"	19600927	1.6
249180280	"ISTEBNA-STECÓWKA"	19600928	2.9
249180280	"ISTEBNA-STECÓWKA"	19600929	0.1
249180280	"ISTEBNA-STECÓWKA"	19601001	11.4
249180280	"ISTEBNA-STECÓWKA"	19601002	0.8
249180280	"ISTEBNA-STECÓWKA"	19601007	5.2
249180280	"ISTEBNA-STECÓWKA"	19601008	2.8
249180280	"ISTEBNA-STECÓWKA"	19601009	0.2
249180280	"ISTEBNA-STECÓWKA"	19601010	1.8
249180280	"ISTEBNA-STECÓWKA"	19601015	2.4
249180280	"ISTEBNA-STECÓWKA"	19601016	2.8
249180280	"ISTEBNA-STECÓWKA"	19601017	5.2
249180280	"ISTEBNA-STECÓWKA"	19601018	6.3
249180280	"ISTEBNA-STECÓWKA"	19601019	1.3
249180280	"ISTEBNA-STECÓWKA"	19601021	11
249180280	"ISTEBNA-STECÓWKA"	19601022	2.7
249180280	"ISTEBNA-STECÓWKA"	19601026	0
249180280	"ISTEBNA-STECÓWKA"	19601027	2.3
249180280	"ISTEBNA-STECÓWKA"	19601031	1.1
249180280	"ISTEBNA-STECÓWKA"	19601101	6.7
249180280	"ISTEBNA-STECÓWKA"	19601102	3.4
249180280	"ISTEBNA-STECÓWKA"	19601103	0.4
249180280	"ISTEBNA-STECÓWKA"	19601105	4.4
249180280	"ISTEBNA-STECÓWKA"	19601107	0.5
249180280	"ISTEBNA-STECÓWKA"	19601108	0.4
249180280	"ISTEBNA-STECÓWKA"	19601109	0.3
249180280	"ISTEBNA-STECÓWKA"	19601113	2.4
249180280	"ISTEBNA-STECÓWKA"	19601114	6.7
249180280	"ISTEBNA-STECÓWKA"	19601116	11.6
249180280	"ISTEBNA-STECÓWKA"	19601117	0.6
249180280	"ISTEBNA-STECÓWKA"	19601118	4.3
249180280	"ISTEBNA-STECÓWKA"	19601119	8.3
249180280	"ISTEBNA-STECÓWKA"	19601120	3.1
249180280	"ISTEBNA-STECÓWKA"	19601125	0.6
249180280	"ISTEBNA-STECÓWKA"	19601126	3.4
249180280	"ISTEBNA-STECÓWKA"	19601127	0.1
249180280	"ISTEBNA-STECÓWKA"	19601128	3.7
249180280	"ISTEBNA-STECÓWKA"	19601129	0.8
249180280	"ISTEBNA-STECÓWKA"	19601130	3.8
249180280	"ISTEBNA-STECÓWKA"	19601203	0
249180280	"ISTEBNA-STECÓWKA"	19601204	0.2
249180280	"ISTEBNA-STECÓWKA"	19601207	0.1
249180280	"ISTEBNA-STECÓWKA"	19601208	5.6
249180280	"ISTEBNA-STECÓWKA"	19601209	2.1
249180280	"ISTEBNA-STECÓWKA"	19601211	20.2
249180280	"ISTEBNA-STECÓWKA"	19601212	3
249180280	"ISTEBNA-STECÓWKA"	19601213	0.2
249180280	"ISTEBNA-STECÓWKA"	19601214	3.2
249180280	"ISTEBNA-STECÓWKA"	19601215	0.5
249180280	"ISTEBNA-STECÓWKA"	19601219	1.1
249180280	"ISTEBNA-STECÓWKA"	19601229	0.7
