"V1"	"V2"	"V3"	"V4"
249180120	"SKOCZÓW"	19501101	2.1
249180120	"SKOCZÓW"	19501105	2.1
249180120	"SKOCZÓW"	19501107	2.9
249180120	"SKOCZÓW"	19501108	0.5
249180120	"SKOCZÓW"	19501111	0.6
249180120	"SKOCZÓW"	19501114	12.6
249180120	"SKOCZÓW"	19501115	12.3
249180120	"SKOCZÓW"	19501116	0.6
249180120	"SKOCZÓW"	19501117	0.4
249180120	"SKOCZÓW"	19501120	0.3
249180120	"SKOCZÓW"	19501125	0.7
249180120	"SKOCZÓW"	19501126	0.2
249180120	"SKOCZÓW"	19501128	4.6
249180120	"SKOCZÓW"	19501129	0.4
249180120	"SKOCZÓW"	19501203	8.7
249180120	"SKOCZÓW"	19501204	0.2
249180120	"SKOCZÓW"	19501205	0.3
249180120	"SKOCZÓW"	19501206	0
249180120	"SKOCZÓW"	19501207	0.4
249180120	"SKOCZÓW"	19501209	1.3
249180120	"SKOCZÓW"	19501210	9.3
249180120	"SKOCZÓW"	19501212	6.4
249180120	"SKOCZÓW"	19501213	0.5
249180120	"SKOCZÓW"	19501217	10
249180120	"SKOCZÓW"	19501218	4.6
249180120	"SKOCZÓW"	19501219	10.4
249180120	"SKOCZÓW"	19501220	8
249180120	"SKOCZÓW"	19501224	0.3
249180120	"SKOCZÓW"	19501225	5.5
249180120	"SKOCZÓW"	19501226	0.3
249180120	"SKOCZÓW"	19501230	0.3
249180120	"SKOCZÓW"	19510103	0.6
249180120	"SKOCZÓW"	19510105	5.6
249180120	"SKOCZÓW"	19510106	0.2
249180120	"SKOCZÓW"	19510107	1.2
249180120	"SKOCZÓW"	19510108	0.6
249180120	"SKOCZÓW"	19510113	7.1
249180120	"SKOCZÓW"	19510114	0.2
249180120	"SKOCZÓW"	19510115	3.5
249180120	"SKOCZÓW"	19510117	0.5
249180120	"SKOCZÓW"	19510118	1.8
249180120	"SKOCZÓW"	19510119	12.2
249180120	"SKOCZÓW"	19510120	6.7
249180120	"SKOCZÓW"	19510121	0.6
249180120	"SKOCZÓW"	19510122	0.2
249180120	"SKOCZÓW"	19510123	1.2
249180120	"SKOCZÓW"	19510125	0.5
249180120	"SKOCZÓW"	19510214	6.5
249180120	"SKOCZÓW"	19510219	0.9
249180120	"SKOCZÓW"	19510221	1.1
249180120	"SKOCZÓW"	19510225	6.1
249180120	"SKOCZÓW"	19510226	16.9
249180120	"SKOCZÓW"	19510227	1.9
249180120	"SKOCZÓW"	19510228	2.1
249180120	"SKOCZÓW"	19510303	3.3
249180120	"SKOCZÓW"	19510304	0.7
249180120	"SKOCZÓW"	19510305	1.7
249180120	"SKOCZÓW"	19510306	2.3
249180120	"SKOCZÓW"	19510307	2.6
249180120	"SKOCZÓW"	19510308	6.4
249180120	"SKOCZÓW"	19510309	1.3
249180120	"SKOCZÓW"	19510310	0.4
249180120	"SKOCZÓW"	19510312	0.3
249180120	"SKOCZÓW"	19510314	1.3
249180120	"SKOCZÓW"	19510317	8
249180120	"SKOCZÓW"	19510318	6
249180120	"SKOCZÓW"	19510319	2
249180120	"SKOCZÓW"	19510320	1.2
249180120	"SKOCZÓW"	19510321	0.1
249180120	"SKOCZÓW"	19510323	8.2
249180120	"SKOCZÓW"	19510324	3.5
249180120	"SKOCZÓW"	19510325	2.1
249180120	"SKOCZÓW"	19510327	2.6
249180120	"SKOCZÓW"	19510328	0.8
249180120	"SKOCZÓW"	19510329	2.8
249180120	"SKOCZÓW"	19510330	1.3
249180120	"SKOCZÓW"	19510331	14.3
249180120	"SKOCZÓW"	19510401	28.7
249180120	"SKOCZÓW"	19510408	10.5
249180120	"SKOCZÓW"	19510409	7.1
249180120	"SKOCZÓW"	19510414	3.7
249180120	"SKOCZÓW"	19510419	5.6
249180120	"SKOCZÓW"	19510421	13.5
249180120	"SKOCZÓW"	19510422	0.2
249180120	"SKOCZÓW"	19510428	1.6
249180120	"SKOCZÓW"	19510502	5.6
249180120	"SKOCZÓW"	19510503	4.9
249180120	"SKOCZÓW"	19510504	9.3
249180120	"SKOCZÓW"	19510505	7.4
249180120	"SKOCZÓW"	19510506	17.3
249180120	"SKOCZÓW"	19510508	3.6
249180120	"SKOCZÓW"	19510509	2.6
249180120	"SKOCZÓW"	19510510	45.1
249180120	"SKOCZÓW"	19510511	47.8
249180120	"SKOCZÓW"	19510514	7.2
249180120	"SKOCZÓW"	19510515	1.7
249180120	"SKOCZÓW"	19510516	16.2
249180120	"SKOCZÓW"	19510518	13.2
249180120	"SKOCZÓW"	19510520	1.2
249180120	"SKOCZÓW"	19510521	2.3
249180120	"SKOCZÓW"	19510522	7.3
249180120	"SKOCZÓW"	19510523	2.6
249180120	"SKOCZÓW"	19510529	7.9
249180120	"SKOCZÓW"	19510530	0.6
249180120	"SKOCZÓW"	19510531	1.2
249180120	"SKOCZÓW"	19510603	1.2
249180120	"SKOCZÓW"	19510604	4.5
249180120	"SKOCZÓW"	19510605	3.2
249180120	"SKOCZÓW"	19510606	1.5
249180120	"SKOCZÓW"	19510607	17.1
249180120	"SKOCZÓW"	19510608	3.1
249180120	"SKOCZÓW"	19510609	2.9
249180120	"SKOCZÓW"	19510610	3.2
249180120	"SKOCZÓW"	19510611	0.2
249180120	"SKOCZÓW"	19510613	4.8
249180120	"SKOCZÓW"	19510618	5.4
249180120	"SKOCZÓW"	19510619	1.8
249180120	"SKOCZÓW"	19510624	18.8
249180120	"SKOCZÓW"	19510625	4.2
249180120	"SKOCZÓW"	19510628	0.6
249180120	"SKOCZÓW"	19510629	1.4
249180120	"SKOCZÓW"	19510703	3.4
249180120	"SKOCZÓW"	19510705	2.6
249180120	"SKOCZÓW"	19510709	1.4
249180120	"SKOCZÓW"	19510712	25.9
249180120	"SKOCZÓW"	19510713	18.1
249180120	"SKOCZÓW"	19510715	2.8
249180120	"SKOCZÓW"	19510716	2.9
249180120	"SKOCZÓW"	19510720	0.3
249180120	"SKOCZÓW"	19510721	0
249180120	"SKOCZÓW"	19510723	2.1
249180120	"SKOCZÓW"	19510724	7.4
249180120	"SKOCZÓW"	19510725	3.8
249180120	"SKOCZÓW"	19510726	3.6
249180120	"SKOCZÓW"	19510727	10.5
249180120	"SKOCZÓW"	19510730	0
249180120	"SKOCZÓW"	19510805	10.6
249180120	"SKOCZÓW"	19510809	9.9
249180120	"SKOCZÓW"	19510811	8
249180120	"SKOCZÓW"	19510814	9.9
249180120	"SKOCZÓW"	19510816	0
249180120	"SKOCZÓW"	19510817	3.9
249180120	"SKOCZÓW"	19510822	1.7
249180120	"SKOCZÓW"	19510823	7.9
249180120	"SKOCZÓW"	19510824	1.6
249180120	"SKOCZÓW"	19510827	1.1
249180120	"SKOCZÓW"	19510914	0
249180120	"SKOCZÓW"	19510915	0.3
249180120	"SKOCZÓW"	19510917	0.5
249180120	"SKOCZÓW"	19510919	5.7
249180120	"SKOCZÓW"	19510920	8.4
249180120	"SKOCZÓW"	19510921	3.2
249180120	"SKOCZÓW"	19510924	2.6
249180120	"SKOCZÓW"	19510927	5.8
249180120	"SKOCZÓW"	19510928	8.6
249180120	"SKOCZÓW"	19510929	1.3
249180120	"SKOCZÓW"	19511022	0.7
249180120	"SKOCZÓW"	19511102	5.8
249180120	"SKOCZÓW"	19511103	2.1
249180120	"SKOCZÓW"	19511104	3.4
249180120	"SKOCZÓW"	19511109	1.4
249180120	"SKOCZÓW"	19511115	4.6
249180120	"SKOCZÓW"	19511121	3.8
249180120	"SKOCZÓW"	19511122	21
249180120	"SKOCZÓW"	19511123	7.3
249180120	"SKOCZÓW"	19511125	5.6
249180120	"SKOCZÓW"	19511126	2.3
249180120	"SKOCZÓW"	19511128	3.2
249180120	"SKOCZÓW"	19511130	8.3
249180120	"SKOCZÓW"	19511203	3.2
249180120	"SKOCZÓW"	19511204	7
249180120	"SKOCZÓW"	19511210	6.4
249180120	"SKOCZÓW"	19511211	2.6
249180120	"SKOCZÓW"	19511212	1
249180120	"SKOCZÓW"	19511213	12.5
249180120	"SKOCZÓW"	19511214	2.6
249180120	"SKOCZÓW"	19511215	1.2
249180120	"SKOCZÓW"	19511228	3.5
249180120	"SKOCZÓW"	19511229	1.5
249180120	"SKOCZÓW"	19511230	2.1
249180120	"SKOCZÓW"	19520104	1.7
249180120	"SKOCZÓW"	19520105	0
249180120	"SKOCZÓW"	19520106	0.9
249180120	"SKOCZÓW"	19520107	0.9
249180120	"SKOCZÓW"	19520108	3.1
249180120	"SKOCZÓW"	19520111	1.6
249180120	"SKOCZÓW"	19520113	1.1
249180120	"SKOCZÓW"	19520114	0.3
249180120	"SKOCZÓW"	19520117	2.3
249180120	"SKOCZÓW"	19520118	13.5
249180120	"SKOCZÓW"	19520119	10.7
249180120	"SKOCZÓW"	19520120	7.8
249180120	"SKOCZÓW"	19520121	5.4
249180120	"SKOCZÓW"	19520122	0.2
249180120	"SKOCZÓW"	19520125	0.1
249180120	"SKOCZÓW"	19520126	3.9
249180120	"SKOCZÓW"	19520127	5
249180120	"SKOCZÓW"	19520128	1.5
249180120	"SKOCZÓW"	19520131	2.9
249180120	"SKOCZÓW"	19520201	7.6
249180120	"SKOCZÓW"	19520202	3.4
249180120	"SKOCZÓW"	19520203	1.1
249180120	"SKOCZÓW"	19520204	12.5
249180120	"SKOCZÓW"	19520205	2.7
249180120	"SKOCZÓW"	19520206	0.1
249180120	"SKOCZÓW"	19520208	1.1
249180120	"SKOCZÓW"	19520210	0.4
249180120	"SKOCZÓW"	19520211	3.5
249180120	"SKOCZÓW"	19520214	17.5
249180120	"SKOCZÓW"	19520215	14.8
249180120	"SKOCZÓW"	19520216	4.6
249180120	"SKOCZÓW"	19520217	8.3
249180120	"SKOCZÓW"	19520218	2.1
249180120	"SKOCZÓW"	19520219	1.5
249180120	"SKOCZÓW"	19520220	2.4
249180120	"SKOCZÓW"	19520221	5.1
249180120	"SKOCZÓW"	19520222	8.2
249180120	"SKOCZÓW"	19520223	1.1
249180120	"SKOCZÓW"	19520224	1.2
249180120	"SKOCZÓW"	19520225	0.1
249180120	"SKOCZÓW"	19520226	9
249180120	"SKOCZÓW"	19520227	2
249180120	"SKOCZÓW"	19520228	3
249180120	"SKOCZÓW"	19520229	3.1
249180120	"SKOCZÓW"	19520301	0.6
249180120	"SKOCZÓW"	19520302	3.5
249180120	"SKOCZÓW"	19520303	1
249180120	"SKOCZÓW"	19520304	0.4
249180120	"SKOCZÓW"	19520305	2.3
249180120	"SKOCZÓW"	19520306	1.6
249180120	"SKOCZÓW"	19520307	0.2
249180120	"SKOCZÓW"	19520313	5.3
249180120	"SKOCZÓW"	19520314	0.3
249180120	"SKOCZÓW"	19520322	3.2
249180120	"SKOCZÓW"	19520323	0.6
249180120	"SKOCZÓW"	19520324	5.4
249180120	"SKOCZÓW"	19520325	2.9
249180120	"SKOCZÓW"	19520326	11.4
249180120	"SKOCZÓW"	19520327	0.2
249180120	"SKOCZÓW"	19520329	0.6
249180120	"SKOCZÓW"	19520331	0
249180120	"SKOCZÓW"	19520401	14.6
249180120	"SKOCZÓW"	19520402	0.7
249180120	"SKOCZÓW"	19520409	1.4
249180120	"SKOCZÓW"	19520416	10.6
249180120	"SKOCZÓW"	19520421	1.3
249180120	"SKOCZÓW"	19520425	0.7
249180120	"SKOCZÓW"	19520426	0.5
249180120	"SKOCZÓW"	19520427	0.4
249180120	"SKOCZÓW"	19520428	8.3
249180120	"SKOCZÓW"	19520506	2.1
249180120	"SKOCZÓW"	19520507	8.9
249180120	"SKOCZÓW"	19520509	0.3
249180120	"SKOCZÓW"	19520511	0.2
249180120	"SKOCZÓW"	19520512	9.6
249180120	"SKOCZÓW"	19520513	0.7
249180120	"SKOCZÓW"	19520515	3.2
249180120	"SKOCZÓW"	19520516	4.3
249180120	"SKOCZÓW"	19520517	0.7
249180120	"SKOCZÓW"	19520519	4.1
249180120	"SKOCZÓW"	19520520	1.3
249180120	"SKOCZÓW"	19520521	2.1
249180120	"SKOCZÓW"	19520524	13.5
249180120	"SKOCZÓW"	19520525	3.2
249180120	"SKOCZÓW"	19520526	7.8
249180120	"SKOCZÓW"	19520527	1.5
249180120	"SKOCZÓW"	19520529	6.3
249180120	"SKOCZÓW"	19520601	6.4
249180120	"SKOCZÓW"	19520602	0.8
249180120	"SKOCZÓW"	19520603	3.6
249180120	"SKOCZÓW"	19520606	0.4
249180120	"SKOCZÓW"	19520607	9.8
249180120	"SKOCZÓW"	19520608	1.3
249180120	"SKOCZÓW"	19520609	3.6
249180120	"SKOCZÓW"	19520610	6.9
249180120	"SKOCZÓW"	19520611	11.9
249180120	"SKOCZÓW"	19520612	0
249180120	"SKOCZÓW"	19520614	60
249180120	"SKOCZÓW"	19520616	16.3
249180120	"SKOCZÓW"	19520618	6.1
249180120	"SKOCZÓW"	19520619	24.1
249180120	"SKOCZÓW"	19520620	20.6
249180120	"SKOCZÓW"	19520623	4.2
249180120	"SKOCZÓW"	19520624	9.3
249180120	"SKOCZÓW"	19520625	0.3
249180120	"SKOCZÓW"	19520626	8.1
249180120	"SKOCZÓW"	19520627	4.2
249180120	"SKOCZÓW"	19520714	8.3
249180120	"SKOCZÓW"	19520716	0.3
249180120	"SKOCZÓW"	19520718	3.4
249180120	"SKOCZÓW"	19520720	0.6
249180120	"SKOCZÓW"	19520723	2.8
249180120	"SKOCZÓW"	19520725	4.6
249180120	"SKOCZÓW"	19520728	0
249180120	"SKOCZÓW"	19520729	1.9
249180120	"SKOCZÓW"	19520808	7.8
249180120	"SKOCZÓW"	19520816	17
249180120	"SKOCZÓW"	19520817	1.1
249180120	"SKOCZÓW"	19520818	5.6
249180120	"SKOCZÓW"	19520820	28.5
249180120	"SKOCZÓW"	19520821	0.9
249180120	"SKOCZÓW"	19520822	15.7
249180120	"SKOCZÓW"	19520825	2.4
249180120	"SKOCZÓW"	19520831	7.2
249180120	"SKOCZÓW"	19520901	5
249180120	"SKOCZÓW"	19520904	6.3
249180120	"SKOCZÓW"	19520906	4.6
249180120	"SKOCZÓW"	19520907	20
249180120	"SKOCZÓW"	19520908	6
249180120	"SKOCZÓW"	19520909	27.6
249180120	"SKOCZÓW"	19520910	0.3
249180120	"SKOCZÓW"	19520911	2.1
249180120	"SKOCZÓW"	19520912	1.6
249180120	"SKOCZÓW"	19520913	0.5
249180120	"SKOCZÓW"	19520918	8.9
249180120	"SKOCZÓW"	19520919	7.3
249180120	"SKOCZÓW"	19520920	6.2
249180120	"SKOCZÓW"	19520922	0.2
249180120	"SKOCZÓW"	19520923	8.3
249180120	"SKOCZÓW"	19520924	3.7
249180120	"SKOCZÓW"	19520926	0.3
249180120	"SKOCZÓW"	19520928	5.2
249180120	"SKOCZÓW"	19520929	9.8
249180120	"SKOCZÓW"	19520930	0.3
249180120	"SKOCZÓW"	19521002	10.6
249180120	"SKOCZÓW"	19521003	3.2
249180120	"SKOCZÓW"	19521004	1.8
249180120	"SKOCZÓW"	19521005	21.4
249180120	"SKOCZÓW"	19521006	0.2
249180120	"SKOCZÓW"	19521007	2.9
249180120	"SKOCZÓW"	19521008	2.9
249180120	"SKOCZÓW"	19521010	1.4
249180120	"SKOCZÓW"	19521011	0.3
249180120	"SKOCZÓW"	19521012	5.4
249180120	"SKOCZÓW"	19521013	1.5
249180120	"SKOCZÓW"	19521014	0.5
249180120	"SKOCZÓW"	19521015	2.5
249180120	"SKOCZÓW"	19521016	3.9
249180120	"SKOCZÓW"	19521017	1.4
249180120	"SKOCZÓW"	19521019	2.1
249180120	"SKOCZÓW"	19521020	3.1
249180120	"SKOCZÓW"	19521021	3.9
249180120	"SKOCZÓW"	19521023	1.5
249180120	"SKOCZÓW"	19521024	1.7
249180120	"SKOCZÓW"	19521025	0.9
249180120	"SKOCZÓW"	19521026	6.8
249180120	"SKOCZÓW"	19521027	7.1
249180120	"SKOCZÓW"	19521029	1.2
249180120	"SKOCZÓW"	19521031	15.9
249180120	"SKOCZÓW"	19521101	9.2
249180120	"SKOCZÓW"	19521103	4.3
249180120	"SKOCZÓW"	19521106	3
249180120	"SKOCZÓW"	19521107	6.8
249180120	"SKOCZÓW"	19521108	12.2
249180120	"SKOCZÓW"	19521109	0.6
249180120	"SKOCZÓW"	19521110	0.1
249180120	"SKOCZÓW"	19521111	0.8
249180120	"SKOCZÓW"	19521113	4.6
249180120	"SKOCZÓW"	19521114	0.2
249180120	"SKOCZÓW"	19521121	5.9
249180120	"SKOCZÓW"	19521122	4.9
249180120	"SKOCZÓW"	19521127	1.7
249180120	"SKOCZÓW"	19521128	6.5
249180120	"SKOCZÓW"	19521129	0.1
249180120	"SKOCZÓW"	19521130	4.6
249180120	"SKOCZÓW"	19521201	0
249180120	"SKOCZÓW"	19521213	0.8
249180120	"SKOCZÓW"	19521214	2.7
249180120	"SKOCZÓW"	19521215	3.8
249180120	"SKOCZÓW"	19521216	0.3
249180120	"SKOCZÓW"	19521217	0
249180120	"SKOCZÓW"	19521225	4.7
249180120	"SKOCZÓW"	19521228	1.5
249180120	"SKOCZÓW"	19521229	1.6
249180120	"SKOCZÓW"	19521231	2.7
249180120	"SKOCZÓW"	19530102	16.8
249180120	"SKOCZÓW"	19530103	3.7
249180120	"SKOCZÓW"	19530106	1.7
249180120	"SKOCZÓW"	19530107	5.3
249180120	"SKOCZÓW"	19530108	6.3
249180120	"SKOCZÓW"	19530109	0.5
249180120	"SKOCZÓW"	19530110	3.5
249180120	"SKOCZÓW"	19530111	2.7
249180120	"SKOCZÓW"	19530113	0.7
249180120	"SKOCZÓW"	19530114	0.4
249180120	"SKOCZÓW"	19530116	0.3
249180120	"SKOCZÓW"	19530118	3.1
249180120	"SKOCZÓW"	19530119	0.8
249180120	"SKOCZÓW"	19530121	3.2
249180120	"SKOCZÓW"	19530122	7.3
249180120	"SKOCZÓW"	19530123	2.3
249180120	"SKOCZÓW"	19530126	0.5
249180120	"SKOCZÓW"	19530127	20.3
249180120	"SKOCZÓW"	19530128	4.5
249180120	"SKOCZÓW"	19530129	1.2
249180120	"SKOCZÓW"	19530201	0.2
249180120	"SKOCZÓW"	19530202	6.3
249180120	"SKOCZÓW"	19530203	0.8
249180120	"SKOCZÓW"	19530204	0.6
249180120	"SKOCZÓW"	19530205	0
249180120	"SKOCZÓW"	19530206	0.3
249180120	"SKOCZÓW"	19530207	1.2
249180120	"SKOCZÓW"	19530208	1.3
249180120	"SKOCZÓW"	19530209	0.8
249180120	"SKOCZÓW"	19530211	0.8
249180120	"SKOCZÓW"	19530216	0.9
249180120	"SKOCZÓW"	19530217	2.1
249180120	"SKOCZÓW"	19530218	0.5
249180120	"SKOCZÓW"	19530219	0.6
249180120	"SKOCZÓW"	19530220	0.4
249180120	"SKOCZÓW"	19530228	6.8
249180120	"SKOCZÓW"	19530301	0
249180120	"SKOCZÓW"	19530304	12.3
249180120	"SKOCZÓW"	19530305	0
249180120	"SKOCZÓW"	19530307	0.8
249180120	"SKOCZÓW"	19530310	0.4
249180120	"SKOCZÓW"	19530311	1.2
249180120	"SKOCZÓW"	19530312	11.2
249180120	"SKOCZÓW"	19530313	0
249180120	"SKOCZÓW"	19530327	4.5
249180120	"SKOCZÓW"	19530405	4.8
249180120	"SKOCZÓW"	19530406	4.2
249180120	"SKOCZÓW"	19530417	3.2
249180120	"SKOCZÓW"	19530428	4.2
249180120	"SKOCZÓW"	19530429	19.2
249180120	"SKOCZÓW"	19530430	10.2
249180120	"SKOCZÓW"	19530503	4.3
249180120	"SKOCZÓW"	19530505	5.3
249180120	"SKOCZÓW"	19530506	14.3
249180120	"SKOCZÓW"	19530507	7.5
249180120	"SKOCZÓW"	19530509	8.3
249180120	"SKOCZÓW"	19530510	21.9
249180120	"SKOCZÓW"	19530511	6.4
249180120	"SKOCZÓW"	19530512	7.3
249180120	"SKOCZÓW"	19530513	3.1
249180120	"SKOCZÓW"	19530520	7.4
249180120	"SKOCZÓW"	19530526	1.5
249180120	"SKOCZÓW"	19530527	6.5
249180120	"SKOCZÓW"	19530528	2.5
249180120	"SKOCZÓW"	19530530	2.4
249180120	"SKOCZÓW"	19530531	8.5
249180120	"SKOCZÓW"	19530601	1.3
249180120	"SKOCZÓW"	19530603	2.3
249180120	"SKOCZÓW"	19530604	0.3
249180120	"SKOCZÓW"	19530609	5.7
249180120	"SKOCZÓW"	19530610	8.9
249180120	"SKOCZÓW"	19530611	3.5
249180120	"SKOCZÓW"	19530612	8.7
249180120	"SKOCZÓW"	19530616	1.4
249180120	"SKOCZÓW"	19530617	26.8
249180120	"SKOCZÓW"	19530618	9.3
249180120	"SKOCZÓW"	19530619	0.8
249180120	"SKOCZÓW"	19530624	8.7
249180120	"SKOCZÓW"	19530625	1.1
249180120	"SKOCZÓW"	19530626	9.3
249180120	"SKOCZÓW"	19530627	0.8
249180120	"SKOCZÓW"	19530628	0.7
249180120	"SKOCZÓW"	19530704	6.8
249180120	"SKOCZÓW"	19530708	6.8
249180120	"SKOCZÓW"	19530709	1.3
249180120	"SKOCZÓW"	19530710	12.3
249180120	"SKOCZÓW"	19530711	0
249180120	"SKOCZÓW"	19530712	0.1
249180120	"SKOCZÓW"	19530713	6.7
249180120	"SKOCZÓW"	19530714	0.2
249180120	"SKOCZÓW"	19530718	16.4
249180120	"SKOCZÓW"	19530719	25.2
249180120	"SKOCZÓW"	19530723	0.5
249180120	"SKOCZÓW"	19530724	1.5
249180120	"SKOCZÓW"	19530727	44.2
249180120	"SKOCZÓW"	19530728	3.5
249180120	"SKOCZÓW"	19530730	13.5
249180120	"SKOCZÓW"	19530801	3.2
249180120	"SKOCZÓW"	19530803	12.6
249180120	"SKOCZÓW"	19530805	10.5
249180120	"SKOCZÓW"	19530806	3.5
249180120	"SKOCZÓW"	19530807	14.3
249180120	"SKOCZÓW"	19530808	4.6
249180120	"SKOCZÓW"	19530821	4.5
249180120	"SKOCZÓW"	19530822	7.3
249180120	"SKOCZÓW"	19530823	20.2
249180120	"SKOCZÓW"	19530827	0.1
249180120	"SKOCZÓW"	19530903	0.6
249180120	"SKOCZÓW"	19530906	0
249180120	"SKOCZÓW"	19530910	5.6
249180120	"SKOCZÓW"	19530912	10.4
249180120	"SKOCZÓW"	19530913	16.5
249180120	"SKOCZÓW"	19530914	3.9
249180120	"SKOCZÓW"	19530920	8.6
249180120	"SKOCZÓW"	19530921	0.6
249180120	"SKOCZÓW"	19530922	1.6
249180120	"SKOCZÓW"	19530925	0.7
249180120	"SKOCZÓW"	19530929	13.2
249180120	"SKOCZÓW"	19530930	6.5
249180120	"SKOCZÓW"	19531006	1.3
249180120	"SKOCZÓW"	19531007	5.4
249180120	"SKOCZÓW"	19531008	3.5
249180120	"SKOCZÓW"	19531030	4.1
249180120	"SKOCZÓW"	19531031	0.2
249180120	"SKOCZÓW"	19531104	0.7
249180120	"SKOCZÓW"	19531106	12.3
249180120	"SKOCZÓW"	19531107	1.3
249180120	"SKOCZÓW"	19531114	2.6
249180120	"SKOCZÓW"	19531115	5.3
249180120	"SKOCZÓW"	19531120	8.2
249180120	"SKOCZÓW"	19531121	2.4
249180120	"SKOCZÓW"	19531122	2.6
249180120	"SKOCZÓW"	19531129	3.6
249180120	"SKOCZÓW"	19531222	0.9
249180120	"SKOCZÓW"	19531223	4.3
249180120	"SKOCZÓW"	19531224	0.3
249180120	"SKOCZÓW"	19531225	0.2
249180120	"SKOCZÓW"	19531226	0
249180120	"SKOCZÓW"	19531227	3.8
249180120	"SKOCZÓW"	19531228	0.2
249180120	"SKOCZÓW"	19531229	0.8
249180120	"SKOCZÓW"	19531230	1.2
249180120	"SKOCZÓW"	19531231	3.8
249180120	"SKOCZÓW"	19540101	0.2
249180120	"SKOCZÓW"	19540102	0
249180120	"SKOCZÓW"	19540106	0
249180120	"SKOCZÓW"	19540108	3.1
249180120	"SKOCZÓW"	19540109	7.4
249180120	"SKOCZÓW"	19540110	1.9
249180120	"SKOCZÓW"	19540111	0.8
249180120	"SKOCZÓW"	19540112	0.4
249180120	"SKOCZÓW"	19540113	0.8
249180120	"SKOCZÓW"	19540116	0.1
249180120	"SKOCZÓW"	19540117	0.5
249180120	"SKOCZÓW"	19540118	0.4
249180120	"SKOCZÓW"	19540119	0.6
249180120	"SKOCZÓW"	19540120	0.3
249180120	"SKOCZÓW"	19540121	0.4
249180120	"SKOCZÓW"	19540122	0.7
249180120	"SKOCZÓW"	19540123	0.2
249180120	"SKOCZÓW"	19540215	1.3
249180120	"SKOCZÓW"	19540216	0.5
249180120	"SKOCZÓW"	19540226	1.3
249180120	"SKOCZÓW"	19540301	0.5
249180120	"SKOCZÓW"	19540306	0.2
249180120	"SKOCZÓW"	19540324	2.1
249180120	"SKOCZÓW"	19540325	1.9
249180120	"SKOCZÓW"	19540326	5.1
249180120	"SKOCZÓW"	19540327	3.6
249180120	"SKOCZÓW"	19540328	3.3
249180120	"SKOCZÓW"	19540401	2.2
249180120	"SKOCZÓW"	19540402	3.4
249180120	"SKOCZÓW"	19540403	3.1
249180120	"SKOCZÓW"	19540404	1.8
249180120	"SKOCZÓW"	19540405	0.4
249180120	"SKOCZÓW"	19540406	1.6
249180120	"SKOCZÓW"	19540407	0.4
249180120	"SKOCZÓW"	19540408	0.3
249180120	"SKOCZÓW"	19540409	0.1
249180120	"SKOCZÓW"	19540410	0
249180120	"SKOCZÓW"	19540411	2.1
249180120	"SKOCZÓW"	19540412	2.2
249180120	"SKOCZÓW"	19540413	5.2
249180120	"SKOCZÓW"	19540414	7.9
249180120	"SKOCZÓW"	19540415	6.8
249180120	"SKOCZÓW"	19540416	0.7
249180120	"SKOCZÓW"	19540417	0.8
249180120	"SKOCZÓW"	19540418	19.3
249180120	"SKOCZÓW"	19540419	14.2
249180120	"SKOCZÓW"	19540420	7.3
249180120	"SKOCZÓW"	19540421	0.7
249180120	"SKOCZÓW"	19540422	0.1
249180120	"SKOCZÓW"	19540504	5.3
249180120	"SKOCZÓW"	19540505	0.6
249180120	"SKOCZÓW"	19540506	1
249180120	"SKOCZÓW"	19540507	4.3
249180120	"SKOCZÓW"	19540508	3.4
249180120	"SKOCZÓW"	19540510	1
249180120	"SKOCZÓW"	19540511	0.9
249180120	"SKOCZÓW"	19540513	0.1
249180120	"SKOCZÓW"	19540517	3.5
249180120	"SKOCZÓW"	19540518	31.5
249180120	"SKOCZÓW"	19540519	5.7
249180120	"SKOCZÓW"	19540520	0.1
249180120	"SKOCZÓW"	19540524	2.1
249180120	"SKOCZÓW"	19540525	6.7
249180120	"SKOCZÓW"	19540531	10.5
249180120	"SKOCZÓW"	19540601	8.2
249180120	"SKOCZÓW"	19540602	2.1
249180120	"SKOCZÓW"	19540607	12.3
249180120	"SKOCZÓW"	19540608	1.9
249180120	"SKOCZÓW"	19540610	27.9
249180120	"SKOCZÓW"	19540611	3.2
249180120	"SKOCZÓW"	19540614	4.8
249180120	"SKOCZÓW"	19540615	1.3
249180120	"SKOCZÓW"	19540617	7.7
249180120	"SKOCZÓW"	19540618	0.2
249180120	"SKOCZÓW"	19540619	3.1
249180120	"SKOCZÓW"	19540620	0.1
249180120	"SKOCZÓW"	19540623	0.9
249180120	"SKOCZÓW"	19540627	17.2
249180120	"SKOCZÓW"	19540628	8.3
249180120	"SKOCZÓW"	19540629	0.1
249180120	"SKOCZÓW"	19540701	15.9
249180120	"SKOCZÓW"	19540702	16.4
249180120	"SKOCZÓW"	19540703	11.8
249180120	"SKOCZÓW"	19540705	3.5
249180120	"SKOCZÓW"	19540706	0.2
249180120	"SKOCZÓW"	19540707	1.6
249180120	"SKOCZÓW"	19540708	8.5
249180120	"SKOCZÓW"	19540709	2.2
249180120	"SKOCZÓW"	19540712	0.2
249180120	"SKOCZÓW"	19540713	5.2
249180120	"SKOCZÓW"	19540714	1.2
249180120	"SKOCZÓW"	19540715	1.3
249180120	"SKOCZÓW"	19540718	5.2
249180120	"SKOCZÓW"	19540719	2.5
249180120	"SKOCZÓW"	19540720	1.7
249180120	"SKOCZÓW"	19540722	11.1
249180120	"SKOCZÓW"	19540723	0.1
249180120	"SKOCZÓW"	19540726	2.1
249180120	"SKOCZÓW"	19540727	2.6
249180120	"SKOCZÓW"	19540728	5.6
249180120	"SKOCZÓW"	19540729	0.2
249180120	"SKOCZÓW"	19540731	0.7
249180120	"SKOCZÓW"	19540807	2.6
249180120	"SKOCZÓW"	19540810	21.2
249180120	"SKOCZÓW"	19540815	5.2
249180120	"SKOCZÓW"	19540816	4.5
249180120	"SKOCZÓW"	19540817	0.4
249180120	"SKOCZÓW"	19540822	3.4
249180120	"SKOCZÓW"	19540828	2.1
249180120	"SKOCZÓW"	19540906	3.7
249180120	"SKOCZÓW"	19540912	4.1
249180120	"SKOCZÓW"	19540915	1.2
249180120	"SKOCZÓW"	19540916	0.9
249180120	"SKOCZÓW"	19540917	0.3
249180120	"SKOCZÓW"	19540918	0.2
249180120	"SKOCZÓW"	19540919	1.5
249180120	"SKOCZÓW"	19540920	0.6
249180120	"SKOCZÓW"	19540922	0.3
249180120	"SKOCZÓW"	19540926	0.3
249180120	"SKOCZÓW"	19540927	10.9
249180120	"SKOCZÓW"	19540928	2.5
249180120	"SKOCZÓW"	19540929	3.6
249180120	"SKOCZÓW"	19540930	8.4
249180120	"SKOCZÓW"	19541001	2.1
249180120	"SKOCZÓW"	19541002	1.2
249180120	"SKOCZÓW"	19541004	1.1
249180120	"SKOCZÓW"	19541005	7.2
249180120	"SKOCZÓW"	19541006	1.9
249180120	"SKOCZÓW"	19541007	1.7
249180120	"SKOCZÓW"	19541010	0
249180120	"SKOCZÓW"	19541019	0.8
249180120	"SKOCZÓW"	19541020	5.4
249180120	"SKOCZÓW"	19541022	0.5
249180120	"SKOCZÓW"	19541025	16.7
249180120	"SKOCZÓW"	19541026	1.5
249180120	"SKOCZÓW"	19541028	1.2
249180120	"SKOCZÓW"	19541103	7.5
249180120	"SKOCZÓW"	19541104	0.9
249180120	"SKOCZÓW"	19541109	2
249180120	"SKOCZÓW"	19541110	11
249180120	"SKOCZÓW"	19541111	0.9
249180120	"SKOCZÓW"	19541113	2
249180120	"SKOCZÓW"	19541115	3.1
249180120	"SKOCZÓW"	19541116	3.5
249180120	"SKOCZÓW"	19541117	2.3
249180120	"SKOCZÓW"	19541118	0.9
249180120	"SKOCZÓW"	19541119	0.7
249180120	"SKOCZÓW"	19541120	0.2
249180120	"SKOCZÓW"	19541130	1.9
249180120	"SKOCZÓW"	19541203	2.6
249180120	"SKOCZÓW"	19541205	5.9
249180120	"SKOCZÓW"	19541206	3.2
249180120	"SKOCZÓW"	19541207	1
249180120	"SKOCZÓW"	19541208	3.1
249180120	"SKOCZÓW"	19541212	2.2
249180120	"SKOCZÓW"	19541213	9
249180120	"SKOCZÓW"	19541214	4.1
249180120	"SKOCZÓW"	19541215	6.1
249180120	"SKOCZÓW"	19541216	0.7
249180120	"SKOCZÓW"	19541218	2.2
249180120	"SKOCZÓW"	19541221	1.1
249180120	"SKOCZÓW"	19541222	0
249180120	"SKOCZÓW"	19541224	2.3
249180120	"SKOCZÓW"	19541225	5.3
249180120	"SKOCZÓW"	19541226	5.8
249180120	"SKOCZÓW"	19541227	13.5
249180120	"SKOCZÓW"	19541228	22.3
249180120	"SKOCZÓW"	19541229	8.9
249180120	"SKOCZÓW"	19541230	1.8
249180120	"SKOCZÓW"	19541231	0.6
249180120	"SKOCZÓW"	19550101	7.6
249180120	"SKOCZÓW"	19550102	0.2
249180120	"SKOCZÓW"	19550108	3.2
249180120	"SKOCZÓW"	19550109	0.8
249180120	"SKOCZÓW"	19550111	9.3
249180120	"SKOCZÓW"	19550112	3.6
249180120	"SKOCZÓW"	19550114	5.1
249180120	"SKOCZÓW"	19550115	1.3
249180120	"SKOCZÓW"	19550116	0.9
249180120	"SKOCZÓW"	19550117	0.2
249180120	"SKOCZÓW"	19550118	0.9
249180120	"SKOCZÓW"	19550204	0.2
249180120	"SKOCZÓW"	19550206	1.1
249180120	"SKOCZÓW"	19550207	0.8
249180120	"SKOCZÓW"	19550208	2.3
249180120	"SKOCZÓW"	19550209	7.2
249180120	"SKOCZÓW"	19550210	6.3
249180120	"SKOCZÓW"	19550211	0.2
249180120	"SKOCZÓW"	19550212	0.5
249180120	"SKOCZÓW"	19550213	1
249180120	"SKOCZÓW"	19550214	0.1
249180120	"SKOCZÓW"	19550215	0.5
249180120	"SKOCZÓW"	19550217	1.8
249180120	"SKOCZÓW"	19550218	7.8
249180120	"SKOCZÓW"	19550219	1.1
249180120	"SKOCZÓW"	19550221	0.2
249180120	"SKOCZÓW"	19550224	5.3
249180120	"SKOCZÓW"	19550307	14.5
249180120	"SKOCZÓW"	19550308	5.6
249180120	"SKOCZÓW"	19550309	3.4
249180120	"SKOCZÓW"	19550310	2.3
249180120	"SKOCZÓW"	19550316	9.5
249180120	"SKOCZÓW"	19550317	2.7
249180120	"SKOCZÓW"	19550318	2.1
249180120	"SKOCZÓW"	19550319	3.3
249180120	"SKOCZÓW"	19550324	6.5
249180120	"SKOCZÓW"	19550326	1.2
249180120	"SKOCZÓW"	19550327	3.6
249180120	"SKOCZÓW"	19550328	0.1
249180120	"SKOCZÓW"	19550401	1
249180120	"SKOCZÓW"	19550402	0
249180120	"SKOCZÓW"	19550404	1.3
249180120	"SKOCZÓW"	19550405	2.7
249180120	"SKOCZÓW"	19550407	4.7
249180120	"SKOCZÓW"	19550408	12.7
249180120	"SKOCZÓW"	19550409	0.3
249180120	"SKOCZÓW"	19550410	2.8
249180120	"SKOCZÓW"	19550411	10.5
249180120	"SKOCZÓW"	19550412	8.4
249180120	"SKOCZÓW"	19550413	6.2
249180120	"SKOCZÓW"	19550414	6.5
249180120	"SKOCZÓW"	19550415	1.2
249180120	"SKOCZÓW"	19550416	31.2
249180120	"SKOCZÓW"	19550417	1.3
249180120	"SKOCZÓW"	19550418	2.6
249180120	"SKOCZÓW"	19550419	3.1
249180120	"SKOCZÓW"	19550420	4.9
249180120	"SKOCZÓW"	19550422	0.2
249180120	"SKOCZÓW"	19550424	5.5
249180120	"SKOCZÓW"	19550425	1.1
249180120	"SKOCZÓW"	19550427	0.5
249180120	"SKOCZÓW"	19550502	7
249180120	"SKOCZÓW"	19550503	0.4
249180120	"SKOCZÓW"	19550504	0
249180120	"SKOCZÓW"	19550505	1.4
249180120	"SKOCZÓW"	19550509	15.5
249180120	"SKOCZÓW"	19550511	8.4
249180120	"SKOCZÓW"	19550515	28.9
249180120	"SKOCZÓW"	19550516	0.7
249180120	"SKOCZÓW"	19550518	16.5
249180120	"SKOCZÓW"	19550519	3.9
249180120	"SKOCZÓW"	19550520	0.8
249180120	"SKOCZÓW"	19550521	0.2
249180120	"SKOCZÓW"	19550522	1.2
249180120	"SKOCZÓW"	19550525	3.1
249180120	"SKOCZÓW"	19550527	17.3
249180120	"SKOCZÓW"	19550601	11.2
249180120	"SKOCZÓW"	19550602	20.3
249180120	"SKOCZÓW"	19550603	60.2
249180120	"SKOCZÓW"	19550610	7.1
249180120	"SKOCZÓW"	19550611	1.7
249180120	"SKOCZÓW"	19550612	0
249180120	"SKOCZÓW"	19550613	5.4
249180120	"SKOCZÓW"	19550614	3.4
249180120	"SKOCZÓW"	19550620	15.2
249180120	"SKOCZÓW"	19550621	27.2
249180120	"SKOCZÓW"	19550622	0.6
249180120	"SKOCZÓW"	19550623	2.7
249180120	"SKOCZÓW"	19550626	1.4
249180120	"SKOCZÓW"	19550627	10.8
249180120	"SKOCZÓW"	19550628	1.1
249180120	"SKOCZÓW"	19550630	3
249180120	"SKOCZÓW"	19550702	2.3
249180120	"SKOCZÓW"	19550703	16
249180120	"SKOCZÓW"	19550704	1.7
249180120	"SKOCZÓW"	19550706	2.4
249180120	"SKOCZÓW"	19550707	46.8
249180120	"SKOCZÓW"	19550708	2.7
249180120	"SKOCZÓW"	19550709	13.8
249180120	"SKOCZÓW"	19550710	4.3
249180120	"SKOCZÓW"	19550711	11.7
249180120	"SKOCZÓW"	19550712	0.2
249180120	"SKOCZÓW"	19550716	1.5
249180120	"SKOCZÓW"	19550719	23.2
249180120	"SKOCZÓW"	19550720	2.4
249180120	"SKOCZÓW"	19550724	1.4
249180120	"SKOCZÓW"	19550725	0.9
249180120	"SKOCZÓW"	19550727	1.8
249180120	"SKOCZÓW"	19550729	7.3
249180120	"SKOCZÓW"	19550730	11.2
249180120	"SKOCZÓW"	19550731	33.6
249180120	"SKOCZÓW"	19550801	1.1
249180120	"SKOCZÓW"	19550802	20.3
249180120	"SKOCZÓW"	19550803	0.2
249180120	"SKOCZÓW"	19550805	12.2
249180120	"SKOCZÓW"	19550806	1.9
249180120	"SKOCZÓW"	19550808	8.2
249180120	"SKOCZÓW"	19550809	8.3
249180120	"SKOCZÓW"	19550810	0.5
249180120	"SKOCZÓW"	19550811	3.2
249180120	"SKOCZÓW"	19550812	7.9
249180120	"SKOCZÓW"	19550813	0.2
249180120	"SKOCZÓW"	19550814	31.7
249180120	"SKOCZÓW"	19550815	2.1
249180120	"SKOCZÓW"	19550816	17.2
249180120	"SKOCZÓW"	19550823	4.2
249180120	"SKOCZÓW"	19550824	7.4
249180120	"SKOCZÓW"	19550827	19.4
249180120	"SKOCZÓW"	19550828	17.1
249180120	"SKOCZÓW"	19550904	0
249180120	"SKOCZÓW"	19550906	5.1
249180120	"SKOCZÓW"	19550907	3.2
249180120	"SKOCZÓW"	19550913	11.3
249180120	"SKOCZÓW"	19550914	12.9
249180120	"SKOCZÓW"	19550915	0.2
249180120	"SKOCZÓW"	19550926	1.2
249180120	"SKOCZÓW"	19550927	15.1
249180120	"SKOCZÓW"	19550928	2.1
249180120	"SKOCZÓW"	19551006	4.5
249180120	"SKOCZÓW"	19551007	3.2
249180120	"SKOCZÓW"	19551009	0.8
249180120	"SKOCZÓW"	19551011	0.5
249180120	"SKOCZÓW"	19551012	0.2
249180120	"SKOCZÓW"	19551013	0.9
249180120	"SKOCZÓW"	19551014	0.1
249180120	"SKOCZÓW"	19551015	0.3
249180120	"SKOCZÓW"	19551018	8.6
249180120	"SKOCZÓW"	19551024	11.8
249180120	"SKOCZÓW"	19551025	5.2
249180120	"SKOCZÓW"	19551027	1.2
249180120	"SKOCZÓW"	19551028	7.1
249180120	"SKOCZÓW"	19551102	3.8
249180120	"SKOCZÓW"	19551113	2.3
249180120	"SKOCZÓW"	19551114	0.3
249180120	"SKOCZÓW"	19551115	0.6
249180120	"SKOCZÓW"	19551116	1.3
249180120	"SKOCZÓW"	19551117	3.2
249180120	"SKOCZÓW"	19551120	2.4
249180120	"SKOCZÓW"	19551121	2.6
249180120	"SKOCZÓW"	19551122	1.6
249180120	"SKOCZÓW"	19551123	3.3
249180120	"SKOCZÓW"	19551124	1.5
249180120	"SKOCZÓW"	19551125	0.6
249180120	"SKOCZÓW"	19551126	0.3
249180120	"SKOCZÓW"	19551127	1.6
249180120	"SKOCZÓW"	19551128	1.8
249180120	"SKOCZÓW"	19551203	1.2
249180120	"SKOCZÓW"	19551204	0.9
249180120	"SKOCZÓW"	19551205	1.5
249180120	"SKOCZÓW"	19551206	1.1
249180120	"SKOCZÓW"	19551207	2.3
249180120	"SKOCZÓW"	19551208	6.1
249180120	"SKOCZÓW"	19551209	2.1
249180120	"SKOCZÓW"	19551210	3.6
249180120	"SKOCZÓW"	19551211	1.2
249180120	"SKOCZÓW"	19551216	2.3
249180120	"SKOCZÓW"	19551217	3.4
249180120	"SKOCZÓW"	19551218	7.3
249180120	"SKOCZÓW"	19551220	0.3
249180120	"SKOCZÓW"	19551221	0.5
249180120	"SKOCZÓW"	19551222	1.8
249180120	"SKOCZÓW"	19551227	6.7
249180120	"SKOCZÓW"	19551228	2.9
249180120	"SKOCZÓW"	19551229	2.2
249180120	"SKOCZÓW"	19560101	2.8
249180120	"SKOCZÓW"	19560102	5.7
249180120	"SKOCZÓW"	19560103	0
249180120	"SKOCZÓW"	19560104	2.5
249180120	"SKOCZÓW"	19560105	1.3
249180120	"SKOCZÓW"	19560120	0
249180120	"SKOCZÓW"	19560122	0.7
249180120	"SKOCZÓW"	19560125	2.9
249180120	"SKOCZÓW"	19560126	0.3
249180120	"SKOCZÓW"	19560127	0.4
249180120	"SKOCZÓW"	19560128	0.2
249180120	"SKOCZÓW"	19560129	0.1
249180120	"SKOCZÓW"	19560201	2.1
249180120	"SKOCZÓW"	19560202	1
249180120	"SKOCZÓW"	19560203	0.3
249180120	"SKOCZÓW"	19560204	0.1
249180120	"SKOCZÓW"	19560205	3
249180120	"SKOCZÓW"	19560206	2.1
249180120	"SKOCZÓW"	19560207	2.1
249180120	"SKOCZÓW"	19560208	3.2
249180120	"SKOCZÓW"	19560209	0.7
249180120	"SKOCZÓW"	19560210	0.1
249180120	"SKOCZÓW"	19560211	3.4
249180120	"SKOCZÓW"	19560212	0.3
249180120	"SKOCZÓW"	19560214	4.9
249180120	"SKOCZÓW"	19560215	1.4
249180120	"SKOCZÓW"	19560216	0.4
249180120	"SKOCZÓW"	19560218	4.5
249180120	"SKOCZÓW"	19560220	7.3
249180120	"SKOCZÓW"	19560221	5
249180120	"SKOCZÓW"	19560222	2.1
249180120	"SKOCZÓW"	19560223	1
249180120	"SKOCZÓW"	19560224	0.3
249180120	"SKOCZÓW"	19560226	0.1
249180120	"SKOCZÓW"	19560228	6.1
249180120	"SKOCZÓW"	19560229	3.7
249180120	"SKOCZÓW"	19560301	2.3
249180120	"SKOCZÓW"	19560302	4.1
249180120	"SKOCZÓW"	19560303	0.1
249180120	"SKOCZÓW"	19560304	0
249180120	"SKOCZÓW"	19560305	0.7
249180120	"SKOCZÓW"	19560306	1.4
249180120	"SKOCZÓW"	19560307	7.2
249180120	"SKOCZÓW"	19560308	0.3
249180120	"SKOCZÓW"	19560309	2.8
249180120	"SKOCZÓW"	19560310	2.9
249180120	"SKOCZÓW"	19560311	1.2
249180120	"SKOCZÓW"	19560312	0.6
249180120	"SKOCZÓW"	19560325	0.2
249180120	"SKOCZÓW"	19560326	7.2
249180120	"SKOCZÓW"	19560404	5.6
249180120	"SKOCZÓW"	19560405	0.3
249180120	"SKOCZÓW"	19560406	1.2
249180120	"SKOCZÓW"	19560407	0
249180120	"SKOCZÓW"	19560409	8.1
249180120	"SKOCZÓW"	19560410	1.1
249180120	"SKOCZÓW"	19560411	6.6
249180120	"SKOCZÓW"	19560413	5
249180120	"SKOCZÓW"	19560414	0.1
249180120	"SKOCZÓW"	19560415	0.9
249180120	"SKOCZÓW"	19560417	1
249180120	"SKOCZÓW"	19560418	7.9
249180120	"SKOCZÓW"	19560420	4.5
249180120	"SKOCZÓW"	19560421	9.2
249180120	"SKOCZÓW"	19560422	0.3
249180120	"SKOCZÓW"	19560423	2.6
249180120	"SKOCZÓW"	19560426	13.4
249180120	"SKOCZÓW"	19560427	7.2
249180120	"SKOCZÓW"	19560428	0.2
249180120	"SKOCZÓW"	19560430	18.9
249180120	"SKOCZÓW"	19560501	1.5
249180120	"SKOCZÓW"	19560502	0.2
249180120	"SKOCZÓW"	19560503	0.1
249180120	"SKOCZÓW"	19560508	0.9
249180120	"SKOCZÓW"	19560509	0.2
249180120	"SKOCZÓW"	19560510	3.3
249180120	"SKOCZÓW"	19560511	5.6
249180120	"SKOCZÓW"	19560512	5.1
249180120	"SKOCZÓW"	19560513	11.2
249180120	"SKOCZÓW"	19560517	10.6
249180120	"SKOCZÓW"	19560518	8.7
249180120	"SKOCZÓW"	19560519	15.8
249180120	"SKOCZÓW"	19560526	25.6
249180120	"SKOCZÓW"	19560609	32.8
249180120	"SKOCZÓW"	19560612	6.5
249180120	"SKOCZÓW"	19560615	1.8
249180120	"SKOCZÓW"	19560616	0
249180120	"SKOCZÓW"	19560618	7.5
249180120	"SKOCZÓW"	19560619	9.1
249180120	"SKOCZÓW"	19560620	11.8
249180120	"SKOCZÓW"	19560621	0.8
249180120	"SKOCZÓW"	19560622	21.8
249180120	"SKOCZÓW"	19560623	31.6
249180120	"SKOCZÓW"	19560624	31
249180120	"SKOCZÓW"	19560625	6.7
249180120	"SKOCZÓW"	19560626	0.5
249180120	"SKOCZÓW"	19560627	2
249180120	"SKOCZÓW"	19560628	0.5
249180120	"SKOCZÓW"	19560629	10
249180120	"SKOCZÓW"	19560630	1.5
249180120	"SKOCZÓW"	19560702	5.1
249180120	"SKOCZÓW"	19560703	18.1
249180120	"SKOCZÓW"	19560704	2.8
249180120	"SKOCZÓW"	19560706	0.3
249180120	"SKOCZÓW"	19560708	0.7
249180120	"SKOCZÓW"	19560715	0.2
249180120	"SKOCZÓW"	19560716	2.6
249180120	"SKOCZÓW"	19560717	2.5
249180120	"SKOCZÓW"	19560719	3.6
249180120	"SKOCZÓW"	19560720	11.2
249180120	"SKOCZÓW"	19560722	0.9
249180120	"SKOCZÓW"	19560723	3.4
249180120	"SKOCZÓW"	19560724	1.6
249180120	"SKOCZÓW"	19560725	1.2
249180120	"SKOCZÓW"	19560726	0.1
249180120	"SKOCZÓW"	19560729	0.3
249180120	"SKOCZÓW"	19560730	18.5
249180120	"SKOCZÓW"	19560803	0.3
249180120	"SKOCZÓW"	19560804	7.1
249180120	"SKOCZÓW"	19560805	2.1
249180120	"SKOCZÓW"	19560807	13.3
249180120	"SKOCZÓW"	19560811	34.1
249180120	"SKOCZÓW"	19560812	19.2
249180120	"SKOCZÓW"	19560814	2.4
249180120	"SKOCZÓW"	19560817	0.4
249180120	"SKOCZÓW"	19560819	4.9
249180120	"SKOCZÓW"	19560821	18.5
249180120	"SKOCZÓW"	19560823	9.8
249180120	"SKOCZÓW"	19560824	1.4
249180120	"SKOCZÓW"	19560825	0.2
249180120	"SKOCZÓW"	19560828	0.3
249180120	"SKOCZÓW"	19560829	20.1
249180120	"SKOCZÓW"	19560830	1.6
249180120	"SKOCZÓW"	19560904	5.1
249180120	"SKOCZÓW"	19560906	0
249180120	"SKOCZÓW"	19560910	0.4
249180120	"SKOCZÓW"	19560911	17.7
249180120	"SKOCZÓW"	19560912	11.3
249180120	"SKOCZÓW"	19560913	10.6
249180120	"SKOCZÓW"	19560917	8.4
249180120	"SKOCZÓW"	19560927	5.4
249180120	"SKOCZÓW"	19560928	0
249180120	"SKOCZÓW"	19561003	7.6
249180120	"SKOCZÓW"	19561004	6.5
249180120	"SKOCZÓW"	19561005	9.8
249180120	"SKOCZÓW"	19561006	36.7
249180120	"SKOCZÓW"	19561007	0.9
249180120	"SKOCZÓW"	19561009	0.9
249180120	"SKOCZÓW"	19561013	0
249180120	"SKOCZÓW"	19561014	3.6
249180120	"SKOCZÓW"	19561015	0
249180120	"SKOCZÓW"	19561018	0.4
249180120	"SKOCZÓW"	19561019	7.6
249180120	"SKOCZÓW"	19561020	0.5
249180120	"SKOCZÓW"	19561025	0.5
249180120	"SKOCZÓW"	19561027	4.5
249180120	"SKOCZÓW"	19561028	8.5
249180120	"SKOCZÓW"	19561029	0.2
249180120	"SKOCZÓW"	19561030	0.2
249180120	"SKOCZÓW"	19561102	0.6
249180120	"SKOCZÓW"	19561103	0.8
249180120	"SKOCZÓW"	19561105	2.1
249180120	"SKOCZÓW"	19561106	9.3
249180120	"SKOCZÓW"	19561107	4.3
249180120	"SKOCZÓW"	19561112	3.4
249180120	"SKOCZÓW"	19561113	5.7
249180120	"SKOCZÓW"	19561114	1.1
249180120	"SKOCZÓW"	19561115	5
249180120	"SKOCZÓW"	19561116	0.6
249180120	"SKOCZÓW"	19561117	2.3
249180120	"SKOCZÓW"	19561118	0.7
249180120	"SKOCZÓW"	19561125	7.3
249180120	"SKOCZÓW"	19561126	10.3
249180120	"SKOCZÓW"	19561127	13.1
249180120	"SKOCZÓW"	19561128	0.8
249180120	"SKOCZÓW"	19561130	0
249180120	"SKOCZÓW"	19561202	0.4
249180120	"SKOCZÓW"	19561203	4.5
249180120	"SKOCZÓW"	19561204	9.3
249180120	"SKOCZÓW"	19561205	7.3
249180120	"SKOCZÓW"	19561206	3.3
249180120	"SKOCZÓW"	19561213	10.3
249180120	"SKOCZÓW"	19561218	1.8
249180120	"SKOCZÓW"	19561221	0.5
249180120	"SKOCZÓW"	19561223	0.7
249180120	"SKOCZÓW"	19561224	1.5
249180120	"SKOCZÓW"	19561225	1
249180120	"SKOCZÓW"	19570105	1.5
249180120	"SKOCZÓW"	19570106	5.4
249180120	"SKOCZÓW"	19570107	0.3
249180120	"SKOCZÓW"	19570110	3.3
249180120	"SKOCZÓW"	19570111	1.6
249180120	"SKOCZÓW"	19570112	1.5
249180120	"SKOCZÓW"	19570113	3.3
249180120	"SKOCZÓW"	19570114	0.2
249180120	"SKOCZÓW"	19570116	0.1
249180120	"SKOCZÓW"	19570126	0.5
249180120	"SKOCZÓW"	19570127	1.7
249180120	"SKOCZÓW"	19570128	4.6
249180120	"SKOCZÓW"	19570130	5.6
249180120	"SKOCZÓW"	19570201	2.7
249180120	"SKOCZÓW"	19570202	0
249180120	"SKOCZÓW"	19570206	0.5
249180120	"SKOCZÓW"	19570207	2
249180120	"SKOCZÓW"	19570208	1.5
249180120	"SKOCZÓW"	19570209	2.3
249180120	"SKOCZÓW"	19570211	0.3
249180120	"SKOCZÓW"	19570218	10.7
249180120	"SKOCZÓW"	19570219	1.9
249180120	"SKOCZÓW"	19570221	17.6
249180120	"SKOCZÓW"	19570222	0.4
249180120	"SKOCZÓW"	19570224	1.5
249180120	"SKOCZÓW"	19570225	11.5
249180120	"SKOCZÓW"	19570226	0.3
249180120	"SKOCZÓW"	19570228	2
249180120	"SKOCZÓW"	19570301	2.5
249180120	"SKOCZÓW"	19570302	0.5
249180120	"SKOCZÓW"	19570305	0
249180120	"SKOCZÓW"	19570315	5.1
249180120	"SKOCZÓW"	19570316	6.4
249180120	"SKOCZÓW"	19570317	12.6
249180120	"SKOCZÓW"	19570318	5.6
249180120	"SKOCZÓW"	19570319	6.5
249180120	"SKOCZÓW"	19570324	2.9
249180120	"SKOCZÓW"	19570325	0.8
249180120	"SKOCZÓW"	19570328	1.5
249180120	"SKOCZÓW"	19570329	0.2
249180120	"SKOCZÓW"	19570330	2.5
249180120	"SKOCZÓW"	19570331	0.4
249180120	"SKOCZÓW"	19570406	0.1
249180120	"SKOCZÓW"	19570407	19
249180120	"SKOCZÓW"	19570408	0.5
249180120	"SKOCZÓW"	19570410	6.2
249180120	"SKOCZÓW"	19570411	8.3
249180120	"SKOCZÓW"	19570412	0.1
249180120	"SKOCZÓW"	19570413	1.5
249180120	"SKOCZÓW"	19570414	0.3
249180120	"SKOCZÓW"	19570416	0
249180120	"SKOCZÓW"	19570417	6
249180120	"SKOCZÓW"	19570418	0
249180120	"SKOCZÓW"	19570421	10
249180120	"SKOCZÓW"	19570422	6
249180120	"SKOCZÓW"	19570423	5.2
249180120	"SKOCZÓW"	19570424	3.7
249180120	"SKOCZÓW"	19570425	1.3
249180120	"SKOCZÓW"	19570426	0.8
249180120	"SKOCZÓW"	19570427	0.3
249180120	"SKOCZÓW"	19570430	7.1
249180120	"SKOCZÓW"	19570501	0.2
249180120	"SKOCZÓW"	19570504	0.4
249180120	"SKOCZÓW"	19570505	0.7
249180120	"SKOCZÓW"	19570507	2.5
249180120	"SKOCZÓW"	19570508	5.3
249180120	"SKOCZÓW"	19570509	4.2
249180120	"SKOCZÓW"	19570510	11.5
249180120	"SKOCZÓW"	19570517	0.8
249180120	"SKOCZÓW"	19570518	0
249180120	"SKOCZÓW"	19570520	27.5
249180120	"SKOCZÓW"	19570521	1
249180120	"SKOCZÓW"	19570522	2.3
249180120	"SKOCZÓW"	19570523	2.2
249180120	"SKOCZÓW"	19570604	1.8
249180120	"SKOCZÓW"	19570605	7.9
249180120	"SKOCZÓW"	19570607	20.2
249180120	"SKOCZÓW"	19570608	2.2
249180120	"SKOCZÓW"	19570609	0.4
249180120	"SKOCZÓW"	19570610	0.2
249180120	"SKOCZÓW"	19570618	2
249180120	"SKOCZÓW"	19570619	1.3
249180120	"SKOCZÓW"	19570621	0
249180120	"SKOCZÓW"	19570622	2.3
249180120	"SKOCZÓW"	19570702	1.9
249180120	"SKOCZÓW"	19570705	14.6
249180120	"SKOCZÓW"	19570706	4.5
249180120	"SKOCZÓW"	19570707	4.3
249180120	"SKOCZÓW"	19570708	0.3
249180120	"SKOCZÓW"	19570710	9.7
249180120	"SKOCZÓW"	19570711	1
249180120	"SKOCZÓW"	19570712	1.1
249180120	"SKOCZÓW"	19570713	0.1
249180120	"SKOCZÓW"	19570714	2.6
249180120	"SKOCZÓW"	19570715	32.7
249180120	"SKOCZÓW"	19570716	46.4
249180120	"SKOCZÓW"	19570717	0.5
249180120	"SKOCZÓW"	19570720	37
249180120	"SKOCZÓW"	19570721	1.5
249180120	"SKOCZÓW"	19570722	22.6
249180120	"SKOCZÓW"	19570723	4.6
249180120	"SKOCZÓW"	19570724	14.2
249180120	"SKOCZÓW"	19570725	3.6
249180120	"SKOCZÓW"	19570726	4.3
249180120	"SKOCZÓW"	19570727	5.2
249180120	"SKOCZÓW"	19570730	2.2
249180120	"SKOCZÓW"	19570805	0.4
249180120	"SKOCZÓW"	19570807	0
249180120	"SKOCZÓW"	19570810	9.7
249180120	"SKOCZÓW"	19570812	2.1
249180120	"SKOCZÓW"	19570813	0.2
249180120	"SKOCZÓW"	19570814	1
249180120	"SKOCZÓW"	19570816	3.5
249180120	"SKOCZÓW"	19570817	5.6
249180120	"SKOCZÓW"	19570818	1.3
249180120	"SKOCZÓW"	19570819	0.6
249180120	"SKOCZÓW"	19570821	5.1
249180120	"SKOCZÓW"	19570822	8.3
249180120	"SKOCZÓW"	19570824	7.4
249180120	"SKOCZÓW"	19570827	6.3
249180120	"SKOCZÓW"	19570828	24.7
249180120	"SKOCZÓW"	19570829	1.2
249180120	"SKOCZÓW"	19570831	6.1
249180120	"SKOCZÓW"	19570902	8.4
249180120	"SKOCZÓW"	19570903	10.8
249180120	"SKOCZÓW"	19570904	8.1
249180120	"SKOCZÓW"	19570909	1.7
249180120	"SKOCZÓW"	19570910	4.5
249180120	"SKOCZÓW"	19570912	2.5
249180120	"SKOCZÓW"	19570914	11.3
249180120	"SKOCZÓW"	19570915	0.3
249180120	"SKOCZÓW"	19570916	2.1
249180120	"SKOCZÓW"	19570917	0.9
249180120	"SKOCZÓW"	19570918	5.6
249180120	"SKOCZÓW"	19570919	2.4
249180120	"SKOCZÓW"	19570922	1.4
249180120	"SKOCZÓW"	19570923	1.9
249180120	"SKOCZÓW"	19570924	8.7
249180120	"SKOCZÓW"	19570926	0.7
249180120	"SKOCZÓW"	19570927	1
249180120	"SKOCZÓW"	19570928	3.4
249180120	"SKOCZÓW"	19570929	19.2
249180120	"SKOCZÓW"	19571004	0.2
249180120	"SKOCZÓW"	19571020	8.6
249180120	"SKOCZÓW"	19571021	0.3
249180120	"SKOCZÓW"	19571022	7.3
249180120	"SKOCZÓW"	19571023	0.1
249180120	"SKOCZÓW"	19571024	0.4
249180120	"SKOCZÓW"	19571109	0.6
249180120	"SKOCZÓW"	19571110	1.5
249180120	"SKOCZÓW"	19571111	1.6
249180120	"SKOCZÓW"	19571112	0.6
249180120	"SKOCZÓW"	19571125	1.5
249180120	"SKOCZÓW"	19571126	0.3
249180120	"SKOCZÓW"	19571127	0.5
249180120	"SKOCZÓW"	19571128	6.1
249180120	"SKOCZÓW"	19571129	2.4
249180120	"SKOCZÓW"	19571130	0.3
249180120	"SKOCZÓW"	19571201	0.2
249180120	"SKOCZÓW"	19571202	0.3
249180120	"SKOCZÓW"	19571203	3.6
249180120	"SKOCZÓW"	19571204	4.6
249180120	"SKOCZÓW"	19571205	3.8
249180120	"SKOCZÓW"	19571206	0.4
249180120	"SKOCZÓW"	19571207	0.6
249180120	"SKOCZÓW"	19571208	6.6
249180120	"SKOCZÓW"	19571209	1.9
249180120	"SKOCZÓW"	19571210	0.2
249180120	"SKOCZÓW"	19571213	2.7
249180120	"SKOCZÓW"	19571214	8.5
249180120	"SKOCZÓW"	19571215	0.2
249180120	"SKOCZÓW"	19571216	0.1
249180120	"SKOCZÓW"	19571228	1.6
249180120	"SKOCZÓW"	19571230	0
249180120	"SKOCZÓW"	19580101	0.3
249180120	"SKOCZÓW"	19580102	0.1
249180120	"SKOCZÓW"	19580104	0.5
249180120	"SKOCZÓW"	19580105	0.3
249180120	"SKOCZÓW"	19580106	2.3
249180120	"SKOCZÓW"	19580107	6.2
249180120	"SKOCZÓW"	19580108	0.4
249180120	"SKOCZÓW"	19580109	0
249180120	"SKOCZÓW"	19580112	0.4
249180120	"SKOCZÓW"	19580113	2.4
249180120	"SKOCZÓW"	19580114	2
249180120	"SKOCZÓW"	19580115	1.5
249180120	"SKOCZÓW"	19580116	0.5
249180120	"SKOCZÓW"	19580117	3.5
249180120	"SKOCZÓW"	19580118	0.9
249180120	"SKOCZÓW"	19580119	1.1
249180120	"SKOCZÓW"	19580120	10.1
249180120	"SKOCZÓW"	19580121	4.3
249180120	"SKOCZÓW"	19580130	1.5
249180120	"SKOCZÓW"	19580131	0.4
249180120	"SKOCZÓW"	19580202	0.1
249180120	"SKOCZÓW"	19580203	6.3
249180120	"SKOCZÓW"	19580204	0.7
249180120	"SKOCZÓW"	19580205	4.2
249180120	"SKOCZÓW"	19580206	0.5
249180120	"SKOCZÓW"	19580207	3.4
249180120	"SKOCZÓW"	19580208	0.9
249180120	"SKOCZÓW"	19580209	0.1
249180120	"SKOCZÓW"	19580211	0
249180120	"SKOCZÓW"	19580213	0.2
249180120	"SKOCZÓW"	19580214	0.4
249180120	"SKOCZÓW"	19580215	0.6
249180120	"SKOCZÓW"	19580216	2.6
249180120	"SKOCZÓW"	19580217	1.2
249180120	"SKOCZÓW"	19580218	0
249180120	"SKOCZÓW"	19580219	0.2
249180120	"SKOCZÓW"	19580220	1.6
249180120	"SKOCZÓW"	19580221	1.2
249180120	"SKOCZÓW"	19580222	5.2
249180120	"SKOCZÓW"	19580223	1.1
249180120	"SKOCZÓW"	19580224	3.2
249180120	"SKOCZÓW"	19580226	1
249180120	"SKOCZÓW"	19580227	9.5
249180120	"SKOCZÓW"	19580228	0.2
249180120	"SKOCZÓW"	19580302	15.7
249180120	"SKOCZÓW"	19580303	7.2
249180120	"SKOCZÓW"	19580304	0.4
249180120	"SKOCZÓW"	19580306	13.2
249180120	"SKOCZÓW"	19580308	2.6
249180120	"SKOCZÓW"	19580309	0.1
249180120	"SKOCZÓW"	19580311	6.9
249180120	"SKOCZÓW"	19580312	9.8
249180120	"SKOCZÓW"	19580313	2.6
249180120	"SKOCZÓW"	19580314	1.6
249180120	"SKOCZÓW"	19580315	2.5
249180120	"SKOCZÓW"	19580316	2.4
249180120	"SKOCZÓW"	19580317	3.9
249180120	"SKOCZÓW"	19580318	0.2
249180120	"SKOCZÓW"	19580319	0.7
249180120	"SKOCZÓW"	19580320	2.5
249180120	"SKOCZÓW"	19580321	4.3
249180120	"SKOCZÓW"	19580322	1.4
249180120	"SKOCZÓW"	19580323	2.9
249180120	"SKOCZÓW"	19580324	0.2
249180120	"SKOCZÓW"	19580328	2.1
249180120	"SKOCZÓW"	19580329	0.4
249180120	"SKOCZÓW"	19580330	0.7
249180120	"SKOCZÓW"	19580331	0.5
249180120	"SKOCZÓW"	19580404	0.4
249180120	"SKOCZÓW"	19580405	0.4
249180120	"SKOCZÓW"	19580406	0.8
249180120	"SKOCZÓW"	19580407	1.2
249180120	"SKOCZÓW"	19580408	0.4
249180120	"SKOCZÓW"	19580409	4.4
249180120	"SKOCZÓW"	19580410	2.5
249180120	"SKOCZÓW"	19580411	10.6
249180120	"SKOCZÓW"	19580412	0.4
249180120	"SKOCZÓW"	19580413	0
249180120	"SKOCZÓW"	19580414	0
249180120	"SKOCZÓW"	19580415	0
249180120	"SKOCZÓW"	19580416	7.3
249180120	"SKOCZÓW"	19580417	27.3
249180120	"SKOCZÓW"	19580418	1.2
249180120	"SKOCZÓW"	19580419	5.7
249180120	"SKOCZÓW"	19580421	6.5
249180120	"SKOCZÓW"	19580422	8.3
249180120	"SKOCZÓW"	19580423	1.5
249180120	"SKOCZÓW"	19580427	2.1
249180120	"SKOCZÓW"	19580502	0.7
249180120	"SKOCZÓW"	19580503	1
249180120	"SKOCZÓW"	19580506	6.4
249180120	"SKOCZÓW"	19580507	2.8
249180120	"SKOCZÓW"	19580508	7.6
249180120	"SKOCZÓW"	19580509	0.5
249180120	"SKOCZÓW"	19580510	1.6
249180120	"SKOCZÓW"	19580512	0
249180120	"SKOCZÓW"	19580517	0.3
249180120	"SKOCZÓW"	19580518	0
249180120	"SKOCZÓW"	19580519	0
249180120	"SKOCZÓW"	19580521	0.1
249180120	"SKOCZÓW"	19580522	1.8
249180120	"SKOCZÓW"	19580523	23.1
249180120	"SKOCZÓW"	19580528	22.7
249180120	"SKOCZÓW"	19580530	0.3
249180120	"SKOCZÓW"	19580531	5.6
249180120	"SKOCZÓW"	19580603	0.9
249180120	"SKOCZÓW"	19580604	20.4
249180120	"SKOCZÓW"	19580605	4.1
249180120	"SKOCZÓW"	19580606	0.4
249180120	"SKOCZÓW"	19580609	0
249180120	"SKOCZÓW"	19580611	0.9
249180120	"SKOCZÓW"	19580612	0.3
249180120	"SKOCZÓW"	19580613	0
249180120	"SKOCZÓW"	19580618	2.5
249180120	"SKOCZÓW"	19580619	2.1
249180120	"SKOCZÓW"	19580620	0.5
249180120	"SKOCZÓW"	19580621	7.2
249180120	"SKOCZÓW"	19580622	3.1
249180120	"SKOCZÓW"	19580623	6
249180120	"SKOCZÓW"	19580624	5.2
249180120	"SKOCZÓW"	19580625	0.5
249180120	"SKOCZÓW"	19580627	19.5
249180120	"SKOCZÓW"	19580628	26
249180120	"SKOCZÓW"	19580629	39.4
249180120	"SKOCZÓW"	19580630	11.6
249180120	"SKOCZÓW"	19580702	9.5
249180120	"SKOCZÓW"	19580703	13.2
249180120	"SKOCZÓW"	19580704	10.5
249180120	"SKOCZÓW"	19580705	20.8
249180120	"SKOCZÓW"	19580706	3.4
249180120	"SKOCZÓW"	19580707	7
249180120	"SKOCZÓW"	19580708	2.2
249180120	"SKOCZÓW"	19580714	3.9
249180120	"SKOCZÓW"	19580717	6.7
249180120	"SKOCZÓW"	19580722	3
249180120	"SKOCZÓW"	19580723	20.5
249180120	"SKOCZÓW"	19580724	1
249180120	"SKOCZÓW"	19580725	2
249180120	"SKOCZÓW"	19580727	0.7
249180120	"SKOCZÓW"	19580729	6.2
249180120	"SKOCZÓW"	19580802	14.4
249180120	"SKOCZÓW"	19580803	5.7
249180120	"SKOCZÓW"	19580807	17.8
249180120	"SKOCZÓW"	19580808	23.4
249180120	"SKOCZÓW"	19580812	5.8
249180120	"SKOCZÓW"	19580813	6.7
249180120	"SKOCZÓW"	19580815	9
249180120	"SKOCZÓW"	19580816	1.2
249180120	"SKOCZÓW"	19580818	16.8
249180120	"SKOCZÓW"	19580820	35.4
249180120	"SKOCZÓW"	19580821	2.6
249180120	"SKOCZÓW"	19580822	6.9
249180120	"SKOCZÓW"	19580823	2.1
249180120	"SKOCZÓW"	19580824	0.6
249180120	"SKOCZÓW"	19580825	1.1
249180120	"SKOCZÓW"	19580826	0.2
249180120	"SKOCZÓW"	19580831	0
249180120	"SKOCZÓW"	19580910	1.2
249180120	"SKOCZÓW"	19580911	11.2
249180120	"SKOCZÓW"	19580912	2
249180120	"SKOCZÓW"	19580916	0.8
249180120	"SKOCZÓW"	19580917	0.2
249180120	"SKOCZÓW"	19580918	5.2
249180120	"SKOCZÓW"	19580921	14.8
249180120	"SKOCZÓW"	19580922	9.2
249180120	"SKOCZÓW"	19580923	10.7
249180120	"SKOCZÓW"	19580924	1.2
249180120	"SKOCZÓW"	19580925	1
249180120	"SKOCZÓW"	19580926	2.1
249180120	"SKOCZÓW"	19580927	1.5
249180120	"SKOCZÓW"	19581002	10.5
249180120	"SKOCZÓW"	19581003	6.5
249180120	"SKOCZÓW"	19581006	2.2
249180120	"SKOCZÓW"	19581007	4.2
249180120	"SKOCZÓW"	19581008	8.6
249180120	"SKOCZÓW"	19581012	7.4
249180120	"SKOCZÓW"	19581013	26.2
249180120	"SKOCZÓW"	19581014	13.7
249180120	"SKOCZÓW"	19581015	4.5
249180120	"SKOCZÓW"	19581016	15.6
249180120	"SKOCZÓW"	19581017	5.4
249180120	"SKOCZÓW"	19581018	7.8
249180120	"SKOCZÓW"	19581019	0.3
249180120	"SKOCZÓW"	19581022	0.3
249180120	"SKOCZÓW"	19581024	0.1
249180120	"SKOCZÓW"	19581101	9.8
249180120	"SKOCZÓW"	19581104	3.6
249180120	"SKOCZÓW"	19581107	0.3
249180120	"SKOCZÓW"	19581108	1.3
249180120	"SKOCZÓW"	19581109	3.5
249180120	"SKOCZÓW"	19581110	11.8
249180120	"SKOCZÓW"	19581115	10
249180120	"SKOCZÓW"	19581116	1.2
249180120	"SKOCZÓW"	19581119	0.1
249180120	"SKOCZÓW"	19581126	1
249180120	"SKOCZÓW"	19581127	0
249180120	"SKOCZÓW"	19581130	3
249180120	"SKOCZÓW"	19581201	4.6
249180120	"SKOCZÓW"	19581202	0.9
249180120	"SKOCZÓW"	19581205	0.6
249180120	"SKOCZÓW"	19581206	3.5
249180120	"SKOCZÓW"	19581207	0.3
249180120	"SKOCZÓW"	19581214	7.8
249180120	"SKOCZÓW"	19581217	0.2
249180120	"SKOCZÓW"	19581223	2.5
249180120	"SKOCZÓW"	19581224	2.4
249180120	"SKOCZÓW"	19581225	23.7
249180120	"SKOCZÓW"	19581226	3.3
249180120	"SKOCZÓW"	19581227	1.6
249180120	"SKOCZÓW"	19581228	3.2
249180120	"SKOCZÓW"	19581229	1.1
249180120	"SKOCZÓW"	19581230	0.5
249180120	"SKOCZÓW"	19590105	0.6
249180120	"SKOCZÓW"	19590108	1.3
249180120	"SKOCZÓW"	19590109	27.5
249180120	"SKOCZÓW"	19590110	1.6
249180120	"SKOCZÓW"	19590113	0.3
249180120	"SKOCZÓW"	19590115	0
249180120	"SKOCZÓW"	19590117	0.3
249180120	"SKOCZÓW"	19590123	2.3
249180120	"SKOCZÓW"	19590124	9.2
249180120	"SKOCZÓW"	19590125	1.4
249180120	"SKOCZÓW"	19590126	2.1
249180120	"SKOCZÓW"	19590127	7.2
249180120	"SKOCZÓW"	19590128	2.1
249180120	"SKOCZÓW"	19590131	1.7
249180120	"SKOCZÓW"	19590201	8.1
249180120	"SKOCZÓW"	19590202	2
249180120	"SKOCZÓW"	19590215	0.2
249180120	"SKOCZÓW"	19590217	1.9
249180120	"SKOCZÓW"	19590218	1
249180120	"SKOCZÓW"	19590220	1.5
249180120	"SKOCZÓW"	19590221	1.4
249180120	"SKOCZÓW"	19590222	1.5
249180120	"SKOCZÓW"	19590224	0.5
249180120	"SKOCZÓW"	19590304	0
249180120	"SKOCZÓW"	19590307	2
249180120	"SKOCZÓW"	19590308	36.6
249180120	"SKOCZÓW"	19590314	0
249180120	"SKOCZÓW"	19590315	0
249180120	"SKOCZÓW"	19590319	0.3
249180120	"SKOCZÓW"	19590324	3.1
249180120	"SKOCZÓW"	19590326	0.6
249180120	"SKOCZÓW"	19590328	1.1
249180120	"SKOCZÓW"	19590329	0.6
249180120	"SKOCZÓW"	19590405	7.6
249180120	"SKOCZÓW"	19590406	5.1
249180120	"SKOCZÓW"	19590407	2.7
249180120	"SKOCZÓW"	19590410	1.1
249180120	"SKOCZÓW"	19590411	9.5
249180120	"SKOCZÓW"	19590412	0.5
249180120	"SKOCZÓW"	19590417	2.8
249180120	"SKOCZÓW"	19590418	2.8
249180120	"SKOCZÓW"	19590419	14.7
249180120	"SKOCZÓW"	19590420	1.2
249180120	"SKOCZÓW"	19590423	3.6
249180120	"SKOCZÓW"	19590424	0.1
249180120	"SKOCZÓW"	19590427	0.3
249180120	"SKOCZÓW"	19590429	0.1
249180120	"SKOCZÓW"	19590501	16.2
249180120	"SKOCZÓW"	19590502	0.7
249180120	"SKOCZÓW"	19590503	3
249180120	"SKOCZÓW"	19590506	1.4
249180120	"SKOCZÓW"	19590507	3.5
249180120	"SKOCZÓW"	19590512	11.7
249180120	"SKOCZÓW"	19590513	1.2
249180120	"SKOCZÓW"	19590515	3.3
249180120	"SKOCZÓW"	19590517	5.1
249180120	"SKOCZÓW"	19590518	0.5
249180120	"SKOCZÓW"	19590520	0.4
249180120	"SKOCZÓW"	19590528	0
249180120	"SKOCZÓW"	19590530	1.2
249180120	"SKOCZÓW"	19590531	65.2
249180120	"SKOCZÓW"	19590601	7.9
249180120	"SKOCZÓW"	19590603	15.1
249180120	"SKOCZÓW"	19590604	1.8
249180120	"SKOCZÓW"	19590607	2.9
249180120	"SKOCZÓW"	19590608	0.8
249180120	"SKOCZÓW"	19590610	23.7
249180120	"SKOCZÓW"	19590611	11.2
249180120	"SKOCZÓW"	19590612	2.7
249180120	"SKOCZÓW"	19590613	8.5
249180120	"SKOCZÓW"	19590614	5.4
249180120	"SKOCZÓW"	19590615	1.1
249180120	"SKOCZÓW"	19590616	1.8
249180120	"SKOCZÓW"	19590619	0.2
249180120	"SKOCZÓW"	19590625	14.9
249180120	"SKOCZÓW"	19590628	12.1
249180120	"SKOCZÓW"	19590629	38.2
249180120	"SKOCZÓW"	19590630	66
249180120	"SKOCZÓW"	19590701	25.4
249180120	"SKOCZÓW"	19590703	14.5
249180120	"SKOCZÓW"	19590704	0.2
249180120	"SKOCZÓW"	19590716	3.7
249180120	"SKOCZÓW"	19590717	7.5
249180120	"SKOCZÓW"	19590718	18.5
249180120	"SKOCZÓW"	19590719	0
249180120	"SKOCZÓW"	19590721	0.7
249180120	"SKOCZÓW"	19590722	2.9
249180120	"SKOCZÓW"	19590724	16.5
249180120	"SKOCZÓW"	19590729	46.8
249180120	"SKOCZÓW"	19590730	16.8
249180120	"SKOCZÓW"	19590731	6.2
249180120	"SKOCZÓW"	19590801	1.5
249180120	"SKOCZÓW"	19590805	1.8
249180120	"SKOCZÓW"	19590811	37.1
249180120	"SKOCZÓW"	19590812	2.1
249180120	"SKOCZÓW"	19590813	0
249180120	"SKOCZÓW"	19590816	11.9
249180120	"SKOCZÓW"	19590817	4.9
249180120	"SKOCZÓW"	19590819	0.5
249180120	"SKOCZÓW"	19590826	0.2
249180120	"SKOCZÓW"	19590828	0.9
249180120	"SKOCZÓW"	19590829	0
249180120	"SKOCZÓW"	19590913	1.3
249180120	"SKOCZÓW"	19590922	1.1
249180120	"SKOCZÓW"	19590924	0.5
249180120	"SKOCZÓW"	19590928	0.6
249180120	"SKOCZÓW"	19591003	0.3
249180120	"SKOCZÓW"	19591022	3.1
249180120	"SKOCZÓW"	19591023	4.6
249180120	"SKOCZÓW"	19591024	0.9
249180120	"SKOCZÓW"	19591029	0
249180120	"SKOCZÓW"	19591104	0
249180120	"SKOCZÓW"	19591105	0
249180120	"SKOCZÓW"	19591106	5.4
249180120	"SKOCZÓW"	19591107	9.6
249180120	"SKOCZÓW"	19591108	10.2
249180120	"SKOCZÓW"	19591109	2.2
249180120	"SKOCZÓW"	19591110	0.1
249180120	"SKOCZÓW"	19591115	1.1
249180120	"SKOCZÓW"	19591116	5.4
249180120	"SKOCZÓW"	19591117	0.8
249180120	"SKOCZÓW"	19591204	5.2
249180120	"SKOCZÓW"	19591205	7.6
249180120	"SKOCZÓW"	19591206	1.4
249180120	"SKOCZÓW"	19591213	10.2
249180120	"SKOCZÓW"	19591214	3.5
249180120	"SKOCZÓW"	19591215	2.5
249180120	"SKOCZÓW"	19591218	5.6
249180120	"SKOCZÓW"	19591221	2.2
249180120	"SKOCZÓW"	19591224	10.8
249180120	"SKOCZÓW"	19591225	7.3
249180120	"SKOCZÓW"	19591226	1.7
249180120	"SKOCZÓW"	19591228	7.7
249180120	"SKOCZÓW"	19591229	3.3
249180120	"SKOCZÓW"	19591230	2.1
249180120	"SKOCZÓW"	19600105	7.1
249180120	"SKOCZÓW"	19600106	5.2
249180120	"SKOCZÓW"	19600107	1
249180120	"SKOCZÓW"	19600108	3.4
249180120	"SKOCZÓW"	19600109	0.1
249180120	"SKOCZÓW"	19600112	5.4
249180120	"SKOCZÓW"	19600113	0.8
249180120	"SKOCZÓW"	19600114	0.3
249180120	"SKOCZÓW"	19600120	2.5
249180120	"SKOCZÓW"	19600121	2.4
249180120	"SKOCZÓW"	19600122	0.2
249180120	"SKOCZÓW"	19600128	3.5
249180120	"SKOCZÓW"	19600129	0.2
249180120	"SKOCZÓW"	19600130	9.4
249180120	"SKOCZÓW"	19600131	0.4
249180120	"SKOCZÓW"	19600212	12.3
249180120	"SKOCZÓW"	19600213	2.3
249180120	"SKOCZÓW"	19600218	1.6
249180120	"SKOCZÓW"	19600219	0.1
249180120	"SKOCZÓW"	19600223	1.2
249180120	"SKOCZÓW"	19600224	4.2
249180120	"SKOCZÓW"	19600225	0.4
249180120	"SKOCZÓW"	19600228	0.3
249180120	"SKOCZÓW"	19600229	0.2
249180120	"SKOCZÓW"	19600301	1.7
249180120	"SKOCZÓW"	19600302	0.3
249180120	"SKOCZÓW"	19600303	1.1
249180120	"SKOCZÓW"	19600307	0.2
249180120	"SKOCZÓW"	19600315	0
249180120	"SKOCZÓW"	19600316	3.5
249180120	"SKOCZÓW"	19600317	10.8
249180120	"SKOCZÓW"	19600318	14.2
249180120	"SKOCZÓW"	19600319	3.6
249180120	"SKOCZÓW"	19600404	0
249180120	"SKOCZÓW"	19600407	3.4
249180120	"SKOCZÓW"	19600408	12.6
249180120	"SKOCZÓW"	19600409	0.2
249180120	"SKOCZÓW"	19600412	0.2
249180120	"SKOCZÓW"	19600414	13
249180120	"SKOCZÓW"	19600415	0
249180120	"SKOCZÓW"	19600416	0.6
249180120	"SKOCZÓW"	19600421	0.3
249180120	"SKOCZÓW"	19600422	2.6
249180120	"SKOCZÓW"	19600423	0.4
249180120	"SKOCZÓW"	19600424	11.1
249180120	"SKOCZÓW"	19600425	1.2
249180120	"SKOCZÓW"	19600426	2.6
249180120	"SKOCZÓW"	19600428	2.1
249180120	"SKOCZÓW"	19600429	6.4
249180120	"SKOCZÓW"	19600430	0.6
249180120	"SKOCZÓW"	19600501	5.9
249180120	"SKOCZÓW"	19600502	1.1
249180120	"SKOCZÓW"	19600508	1.2
249180120	"SKOCZÓW"	19600509	5.2
249180120	"SKOCZÓW"	19600513	1
249180120	"SKOCZÓW"	19600517	5.2
249180120	"SKOCZÓW"	19600519	14.6
249180120	"SKOCZÓW"	19600520	16.7
249180120	"SKOCZÓW"	19600521	2.4
249180120	"SKOCZÓW"	19600522	15.6
249180120	"SKOCZÓW"	19600523	34.3
249180120	"SKOCZÓW"	19600524	6.8
249180120	"SKOCZÓW"	19600525	4.3
249180120	"SKOCZÓW"	19600526	14.1
249180120	"SKOCZÓW"	19600527	0.2
249180120	"SKOCZÓW"	19600529	4.5
249180120	"SKOCZÓW"	19600530	0.6
249180120	"SKOCZÓW"	19600531	2.6
249180120	"SKOCZÓW"	19600601	0.2
249180120	"SKOCZÓW"	19600602	7.2
249180120	"SKOCZÓW"	19600603	19.5
249180120	"SKOCZÓW"	19600604	8.9
249180120	"SKOCZÓW"	19600605	0
249180120	"SKOCZÓW"	19600606	3.5
249180120	"SKOCZÓW"	19600609	0.3
249180120	"SKOCZÓW"	19600610	27.5
249180120	"SKOCZÓW"	19600611	10.2
249180120	"SKOCZÓW"	19600614	17.3
249180120	"SKOCZÓW"	19600615	10.2
249180120	"SKOCZÓW"	19600617	2.7
249180120	"SKOCZÓW"	19600618	0.3
249180120	"SKOCZÓW"	19600619	36.2
249180120	"SKOCZÓW"	19600620	8.2
249180120	"SKOCZÓW"	19600621	2.9
249180120	"SKOCZÓW"	19600625	4.3
249180120	"SKOCZÓW"	19600626	14.4
249180120	"SKOCZÓW"	19600627	18.2
249180120	"SKOCZÓW"	19600628	3.2
249180120	"SKOCZÓW"	19600629	2.9
249180120	"SKOCZÓW"	19600701	6.5
249180120	"SKOCZÓW"	19600702	7.5
249180120	"SKOCZÓW"	19600703	1.2
249180120	"SKOCZÓW"	19600704	3.1
249180120	"SKOCZÓW"	19600705	1
249180120	"SKOCZÓW"	19600706	29.8
249180120	"SKOCZÓW"	19600707	9.8
249180120	"SKOCZÓW"	19600708	7.9
249180120	"SKOCZÓW"	19600709	40.6
249180120	"SKOCZÓW"	19600712	29.3
249180120	"SKOCZÓW"	19600713	61
249180120	"SKOCZÓW"	19600716	0.2
249180120	"SKOCZÓW"	19600717	15.3
249180120	"SKOCZÓW"	19600720	10.8
249180120	"SKOCZÓW"	19600721	6.3
249180120	"SKOCZÓW"	19600722	1.2
249180120	"SKOCZÓW"	19600723	31.9
249180120	"SKOCZÓW"	19600724	26.8
249180120	"SKOCZÓW"	19600725	41.1
249180120	"SKOCZÓW"	19600726	6.2
249180120	"SKOCZÓW"	19600727	4.2
249180120	"SKOCZÓW"	19600802	8.6
249180120	"SKOCZÓW"	19600805	6.6
249180120	"SKOCZÓW"	19600806	16.7
249180120	"SKOCZÓW"	19600807	0.9
249180120	"SKOCZÓW"	19600808	14.5
249180120	"SKOCZÓW"	19600809	6
249180120	"SKOCZÓW"	19600810	0
249180120	"SKOCZÓW"	19600813	38.5
249180120	"SKOCZÓW"	19600815	4.6
249180120	"SKOCZÓW"	19600816	0
249180120	"SKOCZÓW"	19600818	0
249180120	"SKOCZÓW"	19600819	4.8
249180120	"SKOCZÓW"	19600820	1.1
249180120	"SKOCZÓW"	19600821	0.8
249180120	"SKOCZÓW"	19600828	4.2
249180120	"SKOCZÓW"	19600829	32.4
249180120	"SKOCZÓW"	19600830	1
249180120	"SKOCZÓW"	19600902	4.3
249180120	"SKOCZÓW"	19600904	5.1
249180120	"SKOCZÓW"	19600905	21.9
249180120	"SKOCZÓW"	19600906	7.8
249180120	"SKOCZÓW"	19600907	2.4
249180120	"SKOCZÓW"	19600908	3.9
249180120	"SKOCZÓW"	19600909	0.7
249180120	"SKOCZÓW"	19600921	0
249180120	"SKOCZÓW"	19600922	0
249180120	"SKOCZÓW"	19600923	0.7
249180120	"SKOCZÓW"	19600926	5.3
249180120	"SKOCZÓW"	19600927	6.5
249180120	"SKOCZÓW"	19600928	1.3
249180120	"SKOCZÓW"	19601001	15.3
249180120	"SKOCZÓW"	19601002	0.5
249180120	"SKOCZÓW"	19601007	5.5
249180120	"SKOCZÓW"	19601008	4.6
249180120	"SKOCZÓW"	19601010	1.2
249180120	"SKOCZÓW"	19601015	2.4
249180120	"SKOCZÓW"	19601016	0.9
249180120	"SKOCZÓW"	19601017	2.5
249180120	"SKOCZÓW"	19601018	2.1
249180120	"SKOCZÓW"	19601021	9.6
249180120	"SKOCZÓW"	19601022	1.5
249180120	"SKOCZÓW"	19601025	1.1
249180120	"SKOCZÓW"	19601030	0
249180120	"SKOCZÓW"	19601101	1.1
249180120	"SKOCZÓW"	19601102	2.1
249180120	"SKOCZÓW"	19601105	5.8
249180120	"SKOCZÓW"	19601112	0.5
249180120	"SKOCZÓW"	19601113	5.5
249180120	"SKOCZÓW"	19601114	1.5
249180120	"SKOCZÓW"	19601116	7
249180120	"SKOCZÓW"	19601118	2.3
249180120	"SKOCZÓW"	19601119	20.5
249180120	"SKOCZÓW"	19601120	5.1
249180120	"SKOCZÓW"	19601125	1.9
249180120	"SKOCZÓW"	19601127	0
249180120	"SKOCZÓW"	19601128	1.1
249180120	"SKOCZÓW"	19601130	0.3
249180120	"SKOCZÓW"	19601203	2.2
249180120	"SKOCZÓW"	19601207	0.4
249180120	"SKOCZÓW"	19601208	4.6
249180120	"SKOCZÓW"	19601209	1.8
249180120	"SKOCZÓW"	19601210	0.2
249180120	"SKOCZÓW"	19601211	33.8
249180120	"SKOCZÓW"	19601212	3.3
249180120	"SKOCZÓW"	19601213	0.9
249180120	"SKOCZÓW"	19601214	3.1
249180120	"SKOCZÓW"	19601215	0.2
249180120	"SKOCZÓW"	19601216	0.1
249180120	"SKOCZÓW"	19601219	9.5
249180120	"SKOCZÓW"	19601220	0.3
249180120	"SKOCZÓW"	19601229	1.9
249180120	"SKOCZÓW"	19601230	0.3
