"V1"	"V2"	"V3"	"V4"
249180210	"SZCZYRK"	19510809	7.2
249180210	"SZCZYRK"	19510810	2.5
249180210	"SZCZYRK"	19510811	2.1
249180210	"SZCZYRK"	19510814	4.3
249180210	"SZCZYRK"	19510816	4.3
249180210	"SZCZYRK"	19510817	6.8
249180210	"SZCZYRK"	19510822	4.2
249180210	"SZCZYRK"	19510823	5.8
249180210	"SZCZYRK"	19510825	0
249180210	"SZCZYRK"	19510826	1
249180210	"SZCZYRK"	19510827	2.3
249180210	"SZCZYRK"	19510908	13.5
249180210	"SZCZYRK"	19510918	2.2
249180210	"SZCZYRK"	19510919	7.1
249180210	"SZCZYRK"	19510920	15.2
249180210	"SZCZYRK"	19510921	10.2
249180210	"SZCZYRK"	19510922	0.3
249180210	"SZCZYRK"	19510926	2.1
249180210	"SZCZYRK"	19510927	6.3
249180210	"SZCZYRK"	19510928	2.1
249180210	"SZCZYRK"	19511008	0
249180210	"SZCZYRK"	19511012	0.3
249180210	"SZCZYRK"	19511016	0
249180210	"SZCZYRK"	19511022	0.3
249180210	"SZCZYRK"	19511023	0
249180210	"SZCZYRK"	19511024	2.5
249180210	"SZCZYRK"	19511028	0
249180210	"SZCZYRK"	19511102	4.5
249180210	"SZCZYRK"	19511103	4.1
249180210	"SZCZYRK"	19511114	4.3
249180210	"SZCZYRK"	19511115	1.2
249180210	"SZCZYRK"	19511116	4
249180210	"SZCZYRK"	19511117	5
249180210	"SZCZYRK"	19511121	9.1
249180210	"SZCZYRK"	19511122	10.5
249180210	"SZCZYRK"	19511123	16.4
249180210	"SZCZYRK"	19511124	0.4
249180210	"SZCZYRK"	19511127	2.5
249180210	"SZCZYRK"	19511128	7.4
249180210	"SZCZYRK"	19511129	14.1
249180210	"SZCZYRK"	19511130	2.4
249180210	"SZCZYRK"	19511202	1.9
249180210	"SZCZYRK"	19511203	0.6
249180210	"SZCZYRK"	19511204	23.1
249180210	"SZCZYRK"	19511207	0.4
249180210	"SZCZYRK"	19511210	6.5
249180210	"SZCZYRK"	19511211	0.4
249180210	"SZCZYRK"	19511212	1.5
249180210	"SZCZYRK"	19511213	19.2
249180210	"SZCZYRK"	19511214	7.2
249180210	"SZCZYRK"	19511215	5.1
249180210	"SZCZYRK"	19511216	4.9
249180210	"SZCZYRK"	19511228	2.3
249180210	"SZCZYRK"	19511229	7.9
249180210	"SZCZYRK"	19511230	7.1
249180210	"SZCZYRK"	19520104	0.6
249180210	"SZCZYRK"	19520105	1.1
249180210	"SZCZYRK"	19520106	1.9
249180210	"SZCZYRK"	19520107	2.3
249180210	"SZCZYRK"	19520108	3.1
249180210	"SZCZYRK"	19520111	6.6
249180210	"SZCZYRK"	19520112	2.3
249180210	"SZCZYRK"	19520113	9.5
249180210	"SZCZYRK"	19520116	2.3
249180210	"SZCZYRK"	19520117	2.4
249180210	"SZCZYRK"	19520118	1.6
249180210	"SZCZYRK"	19520120	11.2
249180210	"SZCZYRK"	19520122	2.1
249180210	"SZCZYRK"	19520123	2.2
249180210	"SZCZYRK"	19520125	2.4
249180210	"SZCZYRK"	19520127	3
249180210	"SZCZYRK"	19520129	1.1
249180210	"SZCZYRK"	19520130	2.1
249180210	"SZCZYRK"	19520201	3.1
249180210	"SZCZYRK"	19520202	5.2
249180210	"SZCZYRK"	19520203	4.7
249180210	"SZCZYRK"	19520204	3.2
249180210	"SZCZYRK"	19520205	5.2
249180210	"SZCZYRK"	19520206	1.1
249180210	"SZCZYRK"	19520207	1.2
249180210	"SZCZYRK"	19520209	1.1
249180210	"SZCZYRK"	19520210	0
249180210	"SZCZYRK"	19520211	6.8
249180210	"SZCZYRK"	19520212	5.2
249180210	"SZCZYRK"	19520213	1.2
249180210	"SZCZYRK"	19520214	4.3
249180210	"SZCZYRK"	19520215	10.2
249180210	"SZCZYRK"	19520216	14.3
249180210	"SZCZYRK"	19520217	2.1
249180210	"SZCZYRK"	19520218	5.2
249180210	"SZCZYRK"	19520219	6.3
249180210	"SZCZYRK"	19520222	24.1
249180210	"SZCZYRK"	19520225	2.6
249180210	"SZCZYRK"	19520226	2.7
249180210	"SZCZYRK"	19520227	2.4
249180210	"SZCZYRK"	19520228	3.9
249180210	"SZCZYRK"	19520229	1.3
249180210	"SZCZYRK"	19520301	4.1
249180210	"SZCZYRK"	19520302	6.2
249180210	"SZCZYRK"	19520303	7.5
249180210	"SZCZYRK"	19520304	10.1
249180210	"SZCZYRK"	19520305	4.2
249180210	"SZCZYRK"	19520306	7
249180210	"SZCZYRK"	19520307	1.1
249180210	"SZCZYRK"	19520318	3.9
249180210	"SZCZYRK"	19520319	1.1
249180210	"SZCZYRK"	19520322	2.1
249180210	"SZCZYRK"	19520324	8.2
249180210	"SZCZYRK"	19520325	8.7
249180210	"SZCZYRK"	19520326	4.2
249180210	"SZCZYRK"	19520327	5.1
249180210	"SZCZYRK"	19520401	10.8
249180210	"SZCZYRK"	19520402	3.1
249180210	"SZCZYRK"	19520426	1.4
249180210	"SZCZYRK"	19520428	5.8
249180210	"SZCZYRK"	19520501	7.2
249180210	"SZCZYRK"	19520505	4.1
249180210	"SZCZYRK"	19520508	1.5
249180210	"SZCZYRK"	19520509	4.3
249180210	"SZCZYRK"	19520510	4.1
249180210	"SZCZYRK"	19520512	5.2
249180210	"SZCZYRK"	19520514	8.2
249180210	"SZCZYRK"	19520515	4.2
249180210	"SZCZYRK"	19520516	3.5
249180210	"SZCZYRK"	19520522	2.1
249180210	"SZCZYRK"	19520523	3.3
249180210	"SZCZYRK"	19520524	1.5
249180210	"SZCZYRK"	19520525	4.4
249180210	"SZCZYRK"	19520526	3.7
249180210	"SZCZYRK"	19520528	2.3
249180210	"SZCZYRK"	19520530	4.1
249180210	"SZCZYRK"	19520601	1.8
249180210	"SZCZYRK"	19520602	9.5
249180210	"SZCZYRK"	19520603	3.2
249180210	"SZCZYRK"	19520604	2.1
249180210	"SZCZYRK"	19520610	4.2
249180210	"SZCZYRK"	19520611	13.2
249180210	"SZCZYRK"	19520613	2.3
249180210	"SZCZYRK"	19520614	1.6
249180210	"SZCZYRK"	19520616	9.2
249180210	"SZCZYRK"	19520620	2.3
249180210	"SZCZYRK"	19520624	2.5
249180210	"SZCZYRK"	19520625	7.6
249180210	"SZCZYRK"	19520627	4.2
249180210	"SZCZYRK"	19520628	5.4
249180210	"SZCZYRK"	19520713	2.3
249180210	"SZCZYRK"	19520714	1.2
249180210	"SZCZYRK"	19520718	1.2
249180210	"SZCZYRK"	19520723	2.4
249180210	"SZCZYRK"	19520724	5.3
249180210	"SZCZYRK"	19520725	3.2
249180210	"SZCZYRK"	19520726	2.3
249180210	"SZCZYRK"	19520801	2.3
249180210	"SZCZYRK"	19520819	2.5
249180210	"SZCZYRK"	19520820	3.2
249180210	"SZCZYRK"	19520822	8.4
249180210	"SZCZYRK"	19520823	2.1
249180210	"SZCZYRK"	19520824	1.2
249180210	"SZCZYRK"	19520825	3.1
249180210	"SZCZYRK"	19520829	0
249180210	"SZCZYRK"	19520830	4.3
249180210	"SZCZYRK"	19520901	2.1
249180210	"SZCZYRK"	19520902	1.2
249180210	"SZCZYRK"	19520903	2.5
249180210	"SZCZYRK"	19520904	3.2
249180210	"SZCZYRK"	19520906	13.8
249180210	"SZCZYRK"	19520907	0
249180210	"SZCZYRK"	19520908	5.8
249180210	"SZCZYRK"	19520909	2.3
249180210	"SZCZYRK"	19520910	1.9
249180210	"SZCZYRK"	19520911	4.2
249180210	"SZCZYRK"	19520912	2.3
249180210	"SZCZYRK"	19520915	2.3
249180210	"SZCZYRK"	19520918	3.2
249180210	"SZCZYRK"	19520919	8.4
249180210	"SZCZYRK"	19520920	2.1
249180210	"SZCZYRK"	19520922	1.4
249180210	"SZCZYRK"	19520923	3.9
249180210	"SZCZYRK"	19520924	2.3
249180210	"SZCZYRK"	19520925	1.3
249180210	"SZCZYRK"	19520926	0
249180210	"SZCZYRK"	19520927	2.4
249180210	"SZCZYRK"	19520928	3.8
249180210	"SZCZYRK"	19520929	2.1
249180210	"SZCZYRK"	19521001	1.2
249180210	"SZCZYRK"	19521002	2.1
249180210	"SZCZYRK"	19521006	2.4
249180210	"SZCZYRK"	19521007	3.2
249180210	"SZCZYRK"	19521012	1.9
249180210	"SZCZYRK"	19521013	2.4
249180210	"SZCZYRK"	19521015	2.1
249180210	"SZCZYRK"	19521018	2.8
249180210	"SZCZYRK"	19521020	1.2
249180210	"SZCZYRK"	19521021	2.1
249180210	"SZCZYRK"	19521022	7.5
249180210	"SZCZYRK"	19521023	5.3
249180210	"SZCZYRK"	19521024	1.4
249180210	"SZCZYRK"	19521025	0
249180210	"SZCZYRK"	19521026	6.3
249180210	"SZCZYRK"	19521027	2.4
249180210	"SZCZYRK"	19521028	3.9
249180210	"SZCZYRK"	19521029	4.8
249180210	"SZCZYRK"	19521031	6.3
249180210	"SZCZYRK"	19521101	15.2
249180210	"SZCZYRK"	19521102	2.3
249180210	"SZCZYRK"	19521104	4.8
249180210	"SZCZYRK"	19521106	2.1
249180210	"SZCZYRK"	19521107	8.7
249180210	"SZCZYRK"	19521108	4.9
249180210	"SZCZYRK"	19521109	12.2
249180210	"SZCZYRK"	19521111	1.2
249180210	"SZCZYRK"	19521113	2.2
249180210	"SZCZYRK"	19521114	1.2
249180210	"SZCZYRK"	19521118	1.2
249180210	"SZCZYRK"	19521122	1.4
249180210	"SZCZYRK"	19521123	2.1
249180210	"SZCZYRK"	19521124	1.2
249180210	"SZCZYRK"	19521128	2.1
249180210	"SZCZYRK"	19521129	1.4
249180210	"SZCZYRK"	19521130	8.5
249180210	"SZCZYRK"	19521202	1.1
249180210	"SZCZYRK"	19521209	2.1
249180210	"SZCZYRK"	19521211	2.1
249180210	"SZCZYRK"	19521213	1.3
249180210	"SZCZYRK"	19521221	1.2
249180210	"SZCZYRK"	19521224	0.7
249180210	"SZCZYRK"	19521225	2.1
249180210	"SZCZYRK"	19521228	1.2
249180210	"SZCZYRK"	19521229	1.6
249180210	"SZCZYRK"	19521230	2.4
249180210	"SZCZYRK"	19521231	3.1
249180210	"SZCZYRK"	19530103	2.3
249180210	"SZCZYRK"	19530106	1.2
249180210	"SZCZYRK"	19530108	1.2
249180210	"SZCZYRK"	19530109	2.1
249180210	"SZCZYRK"	19530114	3.1
249180210	"SZCZYRK"	19530115	0
249180210	"SZCZYRK"	19530116	2.2
249180210	"SZCZYRK"	19530118	6.9
249180210	"SZCZYRK"	19530121	1.5
249180210	"SZCZYRK"	19530124	1.3
249180210	"SZCZYRK"	19530125	5.6
249180210	"SZCZYRK"	19530126	2.3
249180210	"SZCZYRK"	19530130	0.2
249180210	"SZCZYRK"	19530202	7.1
249180210	"SZCZYRK"	19530206	4.2
249180210	"SZCZYRK"	19530207	1.3
249180210	"SZCZYRK"	19530211	0.7
249180210	"SZCZYRK"	19530215	2.4
249180210	"SZCZYRK"	19530216	0
249180210	"SZCZYRK"	19530218	1.4
249180210	"SZCZYRK"	19530221	2.3
249180210	"SZCZYRK"	19530224	1.2
249180210	"SZCZYRK"	19530301	6.2
249180210	"SZCZYRK"	19530303	1.2
249180210	"SZCZYRK"	19530304	7.5
249180210	"SZCZYRK"	19530308	8.1
249180210	"SZCZYRK"	19530309	0
249180210	"SZCZYRK"	19530312	1.1
249180210	"SZCZYRK"	19530316	0.2
249180210	"SZCZYRK"	19530319	2.3
249180210	"SZCZYRK"	19530321	1.3
249180210	"SZCZYRK"	19530323	0
249180210	"SZCZYRK"	19530424	3.2
249180210	"SZCZYRK"	19530425	5.6
249180210	"SZCZYRK"	19530426	4.3
249180210	"SZCZYRK"	19530429	0.4
249180210	"SZCZYRK"	19530430	7.4
249180210	"SZCZYRK"	19530504	5.8
249180210	"SZCZYRK"	19530505	1.2
249180210	"SZCZYRK"	19530506	2.3
249180210	"SZCZYRK"	19530509	1.2
249180210	"SZCZYRK"	19530510	6.5
249180210	"SZCZYRK"	19530511	0
249180210	"SZCZYRK"	19530515	0
249180210	"SZCZYRK"	19530521	2.1
249180210	"SZCZYRK"	19530522	1.4
249180210	"SZCZYRK"	19530524	1.2
249180210	"SZCZYRK"	19530526	1.7
249180210	"SZCZYRK"	19530527	2.3
249180210	"SZCZYRK"	19530528	0.3
249180210	"SZCZYRK"	19530530	2.1
249180210	"SZCZYRK"	19530531	13.2
249180210	"SZCZYRK"	19530601	8.7
249180210	"SZCZYRK"	19530604	5.3
249180210	"SZCZYRK"	19530608	4.8
249180210	"SZCZYRK"	19530609	2.4
249180210	"SZCZYRK"	19530610	3.6
249180210	"SZCZYRK"	19530611	2.4
249180210	"SZCZYRK"	19530612	25.2
249180210	"SZCZYRK"	19530613	1.2
249180210	"SZCZYRK"	19530616	1.4
249180210	"SZCZYRK"	19530618	3.2
249180210	"SZCZYRK"	19530619	1.2
249180210	"SZCZYRK"	19530620	0.5
249180210	"SZCZYRK"	19530622	1.2
249180210	"SZCZYRK"	19530624	3.7
249180210	"SZCZYRK"	19530625	8.7
249180210	"SZCZYRK"	19530626	1.3
249180210	"SZCZYRK"	19530628	1.5
249180210	"SZCZYRK"	19530629	2.3
249180210	"SZCZYRK"	19530702	3.4
249180210	"SZCZYRK"	19530704	2.3
249180210	"SZCZYRK"	19530705	18.3
249180210	"SZCZYRK"	19530707	3.5
249180210	"SZCZYRK"	19530708	7.2
249180210	"SZCZYRK"	19530709	6.3
249180210	"SZCZYRK"	19530710	1.3
249180210	"SZCZYRK"	19530711	2.4
249180210	"SZCZYRK"	19530712	3.2
249180210	"SZCZYRK"	19530713	1.2
249180210	"SZCZYRK"	19530714	1.5
249180210	"SZCZYRK"	19530715	5.8
249180210	"SZCZYRK"	19530716	8.7
249180210	"SZCZYRK"	19530720	2.1
249180210	"SZCZYRK"	19530721	2.3
249180210	"SZCZYRK"	19530722	2.6
249180210	"SZCZYRK"	19530723	3.9
249180210	"SZCZYRK"	19530724	0
249180210	"SZCZYRK"	19530727	1.2
249180210	"SZCZYRK"	19530728	8.1
249180210	"SZCZYRK"	19530730	2.3
249180210	"SZCZYRK"	19530801	2.4
249180210	"SZCZYRK"	19530803	1.2
249180210	"SZCZYRK"	19530806	3.2
249180210	"SZCZYRK"	19530807	4.5
249180210	"SZCZYRK"	19530825	1.5
249180210	"SZCZYRK"	19530827	2.1
249180210	"SZCZYRK"	19530914	1.2
249180210	"SZCZYRK"	19530921	2.1
249180210	"SZCZYRK"	19530929	1.3
249180210	"SZCZYRK"	19530930	0.2
249180210	"SZCZYRK"	19531003	0.5
249180210	"SZCZYRK"	19531004	0.1
249180210	"SZCZYRK"	19531005	2.1
249180210	"SZCZYRK"	19531006	6.3
249180210	"SZCZYRK"	19531009	1.2
249180210	"SZCZYRK"	19531010	0
249180210	"SZCZYRK"	19531012	3.2
249180210	"SZCZYRK"	19531015	4.1
249180210	"SZCZYRK"	19531016	2.3
249180210	"SZCZYRK"	19531019	2.5
249180210	"SZCZYRK"	19531020	1.3
249180210	"SZCZYRK"	19531022	1.1
249180210	"SZCZYRK"	19531023	3.6
249180210	"SZCZYRK"	19531024	2.3
249180210	"SZCZYRK"	19531027	2.3
249180210	"SZCZYRK"	19531106	2.1
249180210	"SZCZYRK"	19531110	2.3
249180210	"SZCZYRK"	19531112	3.4
249180210	"SZCZYRK"	19531113	2.1
249180210	"SZCZYRK"	19531115	4.3
249180210	"SZCZYRK"	19531116	1.1
249180210	"SZCZYRK"	19531119	0.3
249180210	"SZCZYRK"	19531121	2.6
249180210	"SZCZYRK"	19531124	0
249180210	"SZCZYRK"	19531128	4.8
249180210	"SZCZYRK"	19531129	1.3
249180210	"SZCZYRK"	19531130	1.5
249180210	"SZCZYRK"	19531201	0
249180210	"SZCZYRK"	19531216	2.1
249180210	"SZCZYRK"	19531226	2.4
249180210	"SZCZYRK"	19531227	1.9
249180210	"SZCZYRK"	19531228	4.3
249180210	"SZCZYRK"	19531230	2.5
249180210	"SZCZYRK"	19531231	3.6
249180210	"SZCZYRK"	19540102	0
249180210	"SZCZYRK"	19540103	2.4
249180210	"SZCZYRK"	19540106	4.3
249180210	"SZCZYRK"	19540107	2.5
249180210	"SZCZYRK"	19540108	1.3
249180210	"SZCZYRK"	19540114	4.4
249180210	"SZCZYRK"	19540115	3.7
249180210	"SZCZYRK"	19540117	1.2
249180210	"SZCZYRK"	19540120	3.4
249180210	"SZCZYRK"	19540121	3.4
249180210	"SZCZYRK"	19540125	8.7
249180210	"SZCZYRK"	19540126	2.3
249180210	"SZCZYRK"	19540130	1.3
249180210	"SZCZYRK"	19540131	0.8
249180210	"SZCZYRK"	19540202	0.8
249180210	"SZCZYRK"	19540204	0.2
249180210	"SZCZYRK"	19540205	0
249180210	"SZCZYRK"	19540206	0.3
249180210	"SZCZYRK"	19540212	0.2
249180210	"SZCZYRK"	19540213	0.4
249180210	"SZCZYRK"	19540215	0.1
249180210	"SZCZYRK"	19540216	0.2
249180210	"SZCZYRK"	19540217	0.2
249180210	"SZCZYRK"	19540218	0.1
249180210	"SZCZYRK"	19540219	0.9
249180210	"SZCZYRK"	19540224	0.3
249180210	"SZCZYRK"	19540227	1.2
249180210	"SZCZYRK"	19540228	0.8
249180210	"SZCZYRK"	19540301	0.6
249180210	"SZCZYRK"	19540302	0.9
249180210	"SZCZYRK"	19540303	0.4
249180210	"SZCZYRK"	19540305	0.6
249180210	"SZCZYRK"	19540306	0.3
249180210	"SZCZYRK"	19540307	0.1
249180210	"SZCZYRK"	19540308	0.2
249180210	"SZCZYRK"	19540324	0.3
249180210	"SZCZYRK"	19540325	0.3
249180210	"SZCZYRK"	19540326	6.9
249180210	"SZCZYRK"	19540327	6.5
249180210	"SZCZYRK"	19540328	3.4
249180210	"SZCZYRK"	19540329	5
249180210	"SZCZYRK"	19540401	0.4
249180210	"SZCZYRK"	19540402	2.4
249180210	"SZCZYRK"	19540404	2.3
249180210	"SZCZYRK"	19540405	3.4
249180210	"SZCZYRK"	19540406	2.3
249180210	"SZCZYRK"	19540407	2.1
249180210	"SZCZYRK"	19540408	2.2
249180210	"SZCZYRK"	19540409	0.6
249180210	"SZCZYRK"	19540410	0.8
249180210	"SZCZYRK"	19540411	9.3
249180210	"SZCZYRK"	19540412	3.1
249180210	"SZCZYRK"	19540413	4.3
249180210	"SZCZYRK"	19540414	1.3
249180210	"SZCZYRK"	19540415	2.9
249180210	"SZCZYRK"	19540416	3.4
249180210	"SZCZYRK"	19540417	1.3
249180210	"SZCZYRK"	19540418	7.9
249180210	"SZCZYRK"	19540419	1.9
249180210	"SZCZYRK"	19540420	1.4
249180210	"SZCZYRK"	19540421	1.9
249180210	"SZCZYRK"	19540422	1.1
249180210	"SZCZYRK"	19540604	3.2
249180210	"SZCZYRK"	19540605	4.2
249180210	"SZCZYRK"	19540606	1.4
249180210	"SZCZYRK"	19540607	6.3
249180210	"SZCZYRK"	19540610	14.3
249180210	"SZCZYRK"	19540611	8.6
249180210	"SZCZYRK"	19540614	15.3
249180210	"SZCZYRK"	19540615	3.2
249180210	"SZCZYRK"	19540616	2.2
249180210	"SZCZYRK"	19540617	2.7
249180210	"SZCZYRK"	19540622	1.3
249180210	"SZCZYRK"	19540623	2.4
249180210	"SZCZYRK"	19540627	2.3
249180210	"SZCZYRK"	19540628	18.7
249180210	"SZCZYRK"	19540629	7.2
249180210	"SZCZYRK"	19540702	13.3
249180210	"SZCZYRK"	19540703	10.1
249180210	"SZCZYRK"	19540704	2.3
249180210	"SZCZYRK"	19540705	0.6
249180210	"SZCZYRK"	19540706	9.7
249180210	"SZCZYRK"	19540707	1.2
249180210	"SZCZYRK"	19540708	4.3
249180210	"SZCZYRK"	19540709	8.4
249180210	"SZCZYRK"	19540710	6.2
249180210	"SZCZYRK"	19540714	4.3
249180210	"SZCZYRK"	19540715	3.1
249180210	"SZCZYRK"	19540716	1.4
249180210	"SZCZYRK"	19540717	2.3
249180210	"SZCZYRK"	19540718	3.4
249180210	"SZCZYRK"	19540719	6.2
249180210	"SZCZYRK"	19540720	3
249180210	"SZCZYRK"	19540721	2.4
249180210	"SZCZYRK"	19540723	1
249180210	"SZCZYRK"	19540727	2.4
249180210	"SZCZYRK"	19540728	1.3
249180210	"SZCZYRK"	19540730	1
249180210	"SZCZYRK"	19540731	0.6
249180210	"SZCZYRK"	19540801	0.6
249180210	"SZCZYRK"	19540802	0
249180210	"SZCZYRK"	19540813	1.3
249180210	"SZCZYRK"	19540814	0.1
249180210	"SZCZYRK"	19540818	2.1
249180210	"SZCZYRK"	19540819	0
249180210	"SZCZYRK"	19540826	0.2
249180210	"SZCZYRK"	19540913	1.7
249180210	"SZCZYRK"	19540916	0
249180210	"SZCZYRK"	19540917	3.5
249180210	"SZCZYRK"	19540920	2.4
249180210	"SZCZYRK"	19540927	2.4
249180210	"SZCZYRK"	19541004	1.2
249180210	"SZCZYRK"	19541005	2.3
249180210	"SZCZYRK"	19541006	0.6
249180210	"SZCZYRK"	19541008	1.8
249180210	"SZCZYRK"	19541014	4.6
249180210	"SZCZYRK"	19541019	1.2
249180210	"SZCZYRK"	19541027	3.2
249180210	"SZCZYRK"	19541028	0
249180210	"SZCZYRK"	19541031	2.4
249180210	"SZCZYRK"	19541101	1.2
249180210	"SZCZYRK"	19541102	0.5
249180210	"SZCZYRK"	19541103	2.6
249180210	"SZCZYRK"	19541104	4.3
249180210	"SZCZYRK"	19541105	1.2
249180210	"SZCZYRK"	19541110	0.4
249180210	"SZCZYRK"	19541111	1.3
249180210	"SZCZYRK"	19541112	2.6
249180210	"SZCZYRK"	19541113	4.2
249180210	"SZCZYRK"	19541114	0.3
249180210	"SZCZYRK"	19541115	0.3
249180210	"SZCZYRK"	19541116	1.2
249180210	"SZCZYRK"	19541117	1.6
249180210	"SZCZYRK"	19541118	2.7
249180210	"SZCZYRK"	19541119	1.4
249180210	"SZCZYRK"	19541120	1.8
249180210	"SZCZYRK"	19541121	1
249180210	"SZCZYRK"	19541122	1
249180210	"SZCZYRK"	19541130	1.3
249180210	"SZCZYRK"	19541201	2.4
249180210	"SZCZYRK"	19541202	0.5
249180210	"SZCZYRK"	19541203	2.3
249180210	"SZCZYRK"	19541204	3.2
249180210	"SZCZYRK"	19541205	2.6
249180210	"SZCZYRK"	19541206	1
249180210	"SZCZYRK"	19541207	1.4
249180210	"SZCZYRK"	19541208	1
249180210	"SZCZYRK"	19541211	1.2
249180210	"SZCZYRK"	19541212	1.5
249180210	"SZCZYRK"	19541213	2.3
249180210	"SZCZYRK"	19541214	1.2
249180210	"SZCZYRK"	19541215	2.6
249180210	"SZCZYRK"	19541217	0.4
249180210	"SZCZYRK"	19541218	0.6
249180210	"SZCZYRK"	19541221	1.3
249180210	"SZCZYRK"	19541222	1.4
249180210	"SZCZYRK"	19541223	1.5
249180210	"SZCZYRK"	19541224	1.9
249180210	"SZCZYRK"	19541225	1
249180210	"SZCZYRK"	19541226	1
249180210	"SZCZYRK"	19541227	6.9
249180210	"SZCZYRK"	19541228	10.6
249180210	"SZCZYRK"	19541229	6.4
249180210	"SZCZYRK"	19541230	3.6
249180210	"SZCZYRK"	19541231	1.6
249180210	"SZCZYRK"	19550301	3.1
249180210	"SZCZYRK"	19550302	0
249180210	"SZCZYRK"	19550303	0.6
249180210	"SZCZYRK"	19550305	1.3
249180210	"SZCZYRK"	19550306	2.4
249180210	"SZCZYRK"	19550307	2.6
249180210	"SZCZYRK"	19550308	3.2
249180210	"SZCZYRK"	19550309	1.3
249180210	"SZCZYRK"	19550310	0.4
249180210	"SZCZYRK"	19550312	2.1
249180210	"SZCZYRK"	19550313	1.4
249180210	"SZCZYRK"	19550314	1.6
249180210	"SZCZYRK"	19550315	0.3
249180210	"SZCZYRK"	19550316	2.4
249180210	"SZCZYRK"	19550317	4.3
249180210	"SZCZYRK"	19550322	2.3
249180210	"SZCZYRK"	19550323	0.7
249180210	"SZCZYRK"	19550325	4.1
249180210	"SZCZYRK"	19550326	2.3
249180210	"SZCZYRK"	19550329	0
249180210	"SZCZYRK"	19550401	0
249180210	"SZCZYRK"	19550402	1.3
249180210	"SZCZYRK"	19550403	4.6
249180210	"SZCZYRK"	19550404	1.2
249180210	"SZCZYRK"	19550405	0
249180210	"SZCZYRK"	19550407	1
249180210	"SZCZYRK"	19550408	4.1
249180210	"SZCZYRK"	19550409	3.9
249180210	"SZCZYRK"	19550410	7.2
249180210	"SZCZYRK"	19550413	0
249180210	"SZCZYRK"	19550414	1.3
249180210	"SZCZYRK"	19550415	2.3
249180210	"SZCZYRK"	19550416	10.4
249180210	"SZCZYRK"	19550417	0.2
249180210	"SZCZYRK"	19550419	0
249180210	"SZCZYRK"	19550420	0
249180210	"SZCZYRK"	19550421	2.3
249180210	"SZCZYRK"	19550422	0.8
249180210	"SZCZYRK"	19550426	0
249180210	"SZCZYRK"	19550427	0.1
249180210	"SZCZYRK"	19550501	3.4
249180210	"SZCZYRK"	19550502	2.8
249180210	"SZCZYRK"	19550505	1.4
249180210	"SZCZYRK"	19550506	3.5
249180210	"SZCZYRK"	19550507	1.6
249180210	"SZCZYRK"	19550511	2.3
249180210	"SZCZYRK"	19550512	3.6
249180210	"SZCZYRK"	19550513	0.2
249180210	"SZCZYRK"	19550515	2.5
249180210	"SZCZYRK"	19550516	0
249180210	"SZCZYRK"	19550517	1.4
249180210	"SZCZYRK"	19550518	0.4
249180210	"SZCZYRK"	19550519	1.2
249180210	"SZCZYRK"	19550520	0.5
249180210	"SZCZYRK"	19550521	1.3
249180210	"SZCZYRK"	19550522	0
249180210	"SZCZYRK"	19550523	0
249180210	"SZCZYRK"	19550524	3.7
249180210	"SZCZYRK"	19550525	8.3
249180210	"SZCZYRK"	19550526	1.2
249180210	"SZCZYRK"	19550527	0.7
249180210	"SZCZYRK"	19550529	2.4
249180210	"SZCZYRK"	19550601	1.2
249180210	"SZCZYRK"	19550602	3.7
249180210	"SZCZYRK"	19550603	2.3
249180210	"SZCZYRK"	19550604	4.1
249180210	"SZCZYRK"	19550605	1.5
249180210	"SZCZYRK"	19550606	0
249180210	"SZCZYRK"	19550609	1.7
249180210	"SZCZYRK"	19550610	2.3
249180210	"SZCZYRK"	19550611	3.2
249180210	"SZCZYRK"	19550612	0
249180210	"SZCZYRK"	19550613	0
249180210	"SZCZYRK"	19550614	0
249180210	"SZCZYRK"	19550617	1.3
249180210	"SZCZYRK"	19550618	2.4
249180210	"SZCZYRK"	19550619	3.1
249180210	"SZCZYRK"	19550621	8.7
249180210	"SZCZYRK"	19550625	0
249180210	"SZCZYRK"	19550626	0
249180210	"SZCZYRK"	19550628	2.3
249180210	"SZCZYRK"	19550629	1.1
249180210	"SZCZYRK"	19550630	1.3
249180210	"SZCZYRK"	19550705	4.3
249180210	"SZCZYRK"	19550708	1.2
249180210	"SZCZYRK"	19550711	2.1
249180210	"SZCZYRK"	19550715	1.3
249180210	"SZCZYRK"	19550716	0.6
249180210	"SZCZYRK"	19550717	0.9
249180210	"SZCZYRK"	19550718	0
249180210	"SZCZYRK"	19550719	2.2
249180210	"SZCZYRK"	19550726	1.2
249180210	"SZCZYRK"	19550727	0.4
249180210	"SZCZYRK"	19550728	3.2
249180210	"SZCZYRK"	19550729	0
249180210	"SZCZYRK"	19550730	2.4
249180210	"SZCZYRK"	19550731	19.3
249180210	"SZCZYRK"	19550801	1.1
249180210	"SZCZYRK"	19550802	2.5
249180210	"SZCZYRK"	19550803	4.1
249180210	"SZCZYRK"	19550804	3.7
249180210	"SZCZYRK"	19550805	1.4
249180210	"SZCZYRK"	19550806	0.9
249180210	"SZCZYRK"	19550809	3.2
249180210	"SZCZYRK"	19550811	2.4
249180210	"SZCZYRK"	19550812	0.7
249180210	"SZCZYRK"	19550814	11.2
249180210	"SZCZYRK"	19550816	0
249180210	"SZCZYRK"	19550817	3.3
249180210	"SZCZYRK"	19550821	2.9
249180210	"SZCZYRK"	19550828	0.5
249180210	"SZCZYRK"	19550829	0.9
249180210	"SZCZYRK"	19550831	1.2
249180210	"SZCZYRK"	19550906	0.4
249180210	"SZCZYRK"	19550907	12.9
249180210	"SZCZYRK"	19550908	0
249180210	"SZCZYRK"	19550910	0.4
249180210	"SZCZYRK"	19550911	0
249180210	"SZCZYRK"	19550912	0.1
249180210	"SZCZYRK"	19550913	8.5
249180210	"SZCZYRK"	19550914	2.1
249180210	"SZCZYRK"	19550917	0
249180210	"SZCZYRK"	19550918	0.4
249180210	"SZCZYRK"	19550926	0
249180210	"SZCZYRK"	19550928	2.4
249180210	"SZCZYRK"	19550929	0.7
249180210	"SZCZYRK"	19551006	1.3
249180210	"SZCZYRK"	19551009	2.7
249180210	"SZCZYRK"	19551014	1.9
249180210	"SZCZYRK"	19551018	2.5
249180210	"SZCZYRK"	19551019	1.3
249180210	"SZCZYRK"	19551020	0.6
249180210	"SZCZYRK"	19551025	1.2
249180210	"SZCZYRK"	19551026	1.3
249180210	"SZCZYRK"	19551027	1.4
249180210	"SZCZYRK"	19551028	9.5
249180210	"SZCZYRK"	19551101	0
249180210	"SZCZYRK"	19551105	0
249180210	"SZCZYRK"	19551106	1.3
249180210	"SZCZYRK"	19551107	1.4
249180210	"SZCZYRK"	19551108	0.8
249180210	"SZCZYRK"	19551109	3.1
249180210	"SZCZYRK"	19551110	1.2
249180210	"SZCZYRK"	19551111	2.1
249180210	"SZCZYRK"	19551112	0
249180210	"SZCZYRK"	19551113	1
249180210	"SZCZYRK"	19551114	3.1
249180210	"SZCZYRK"	19551115	1.3
249180210	"SZCZYRK"	19551116	2.4
249180210	"SZCZYRK"	19551117	1.7
249180210	"SZCZYRK"	19551118	1.5
249180210	"SZCZYRK"	19551119	0
249180210	"SZCZYRK"	19551120	0.7
249180210	"SZCZYRK"	19551121	4.3
249180210	"SZCZYRK"	19551122	1.6
249180210	"SZCZYRK"	19551123	2.3
249180210	"SZCZYRK"	19551124	3.4
249180210	"SZCZYRK"	19551125	5.3
249180210	"SZCZYRK"	19551126	0.5
249180210	"SZCZYRK"	19551127	0.4
249180210	"SZCZYRK"	19551128	0
249180210	"SZCZYRK"	19551129	4.5
249180210	"SZCZYRK"	19551130	0.7
249180210	"SZCZYRK"	19551201	0.4
249180210	"SZCZYRK"	19551202	2.3
249180210	"SZCZYRK"	19551203	3.4
249180210	"SZCZYRK"	19551204	5.7
249180210	"SZCZYRK"	19551205	0.9
249180210	"SZCZYRK"	19551206	0
249180210	"SZCZYRK"	19551207	3.2
249180210	"SZCZYRK"	19551208	1.4
249180210	"SZCZYRK"	19551209	2.6
249180210	"SZCZYRK"	19551210	3.2
249180210	"SZCZYRK"	19551211	1.5
249180210	"SZCZYRK"	19551212	2.3
249180210	"SZCZYRK"	19551213	0.5
249180210	"SZCZYRK"	19551214	1.2
249180210	"SZCZYRK"	19551215	3.1
249180210	"SZCZYRK"	19551216	0.8
249180210	"SZCZYRK"	19551217	1.3
249180210	"SZCZYRK"	19551218	1
249180210	"SZCZYRK"	19551219	2.6
249180210	"SZCZYRK"	19551220	0.2
249180210	"SZCZYRK"	19551221	3.2
249180210	"SZCZYRK"	19551222	2.5
249180210	"SZCZYRK"	19551223	1.4
249180210	"SZCZYRK"	19551224	0.9
249180210	"SZCZYRK"	19551225	2.7
249180210	"SZCZYRK"	19551226	1.4
249180210	"SZCZYRK"	19551227	0.3
249180210	"SZCZYRK"	19551228	3.6
249180210	"SZCZYRK"	19551229	1.4
249180210	"SZCZYRK"	19551230	3.2
249180210	"SZCZYRK"	19551231	0.6
249180210	"SZCZYRK"	19560101	3.6
249180210	"SZCZYRK"	19560102	0.5
249180210	"SZCZYRK"	19560104	3.4
249180210	"SZCZYRK"	19560105	4.6
249180210	"SZCZYRK"	19560107	1.5
249180210	"SZCZYRK"	19560108	0.7
249180210	"SZCZYRK"	19560109	0.8
249180210	"SZCZYRK"	19560111	0.6
249180210	"SZCZYRK"	19560113	0
249180210	"SZCZYRK"	19560114	0.3
249180210	"SZCZYRK"	19560115	1.2
249180210	"SZCZYRK"	19560116	1.4
249180210	"SZCZYRK"	19560119	1.3
249180210	"SZCZYRK"	19560120	2.1
249180210	"SZCZYRK"	19560121	0.3
249180210	"SZCZYRK"	19560122	0.4
249180210	"SZCZYRK"	19560123	5.2
249180210	"SZCZYRK"	19560124	3.1
249180210	"SZCZYRK"	19560125	4.6
249180210	"SZCZYRK"	19560126	4.9
249180210	"SZCZYRK"	19560127	3.7
249180210	"SZCZYRK"	19560128	4.2
249180210	"SZCZYRK"	19560129	2.5
249180210	"SZCZYRK"	19560130	1.2
249180210	"SZCZYRK"	19560131	0.8
249180210	"SZCZYRK"	19560201	2.4
249180210	"SZCZYRK"	19560202	3.1
249180210	"SZCZYRK"	19560203	2.9
249180210	"SZCZYRK"	19560204	2.5
249180210	"SZCZYRK"	19560205	3.2
249180210	"SZCZYRK"	19560206	2.7
249180210	"SZCZYRK"	19560207	1.4
249180210	"SZCZYRK"	19560208	3.5
249180210	"SZCZYRK"	19560209	2.1
249180210	"SZCZYRK"	19560210	1.2
249180210	"SZCZYRK"	19560211	2.4
249180210	"SZCZYRK"	19560212	3.1
249180210	"SZCZYRK"	19560213	2.9
249180210	"SZCZYRK"	19560214	0.8
249180210	"SZCZYRK"	19560215	1.3
249180210	"SZCZYRK"	19560216	0.4
249180210	"SZCZYRK"	19560217	0.8
249180210	"SZCZYRK"	19560218	3
249180210	"SZCZYRK"	19560219	2.5
249180210	"SZCZYRK"	19560221	0.2
249180210	"SZCZYRK"	19560222	0.5
249180210	"SZCZYRK"	19560223	5.1
249180210	"SZCZYRK"	19560224	2.3
249180210	"SZCZYRK"	19560225	3.4
249180210	"SZCZYRK"	19560226	2.5
249180210	"SZCZYRK"	19560227	1.8
249180210	"SZCZYRK"	19560228	6.2
249180210	"SZCZYRK"	19560229	8.3
249180210	"SZCZYRK"	19560601	1.3
249180210	"SZCZYRK"	19560602	0.7
249180210	"SZCZYRK"	19560603	0.8
249180210	"SZCZYRK"	19560604	0
249180210	"SZCZYRK"	19560608	1.2
249180210	"SZCZYRK"	19560611	0.7
249180210	"SZCZYRK"	19560612	0.4
249180210	"SZCZYRK"	19560613	1.5
249180210	"SZCZYRK"	19560614	0
249180210	"SZCZYRK"	19560617	0
249180210	"SZCZYRK"	19560618	3.2
249180210	"SZCZYRK"	19560619	4.6
249180210	"SZCZYRK"	19560620	5.4
249180210	"SZCZYRK"	19560621	8.4
249180210	"SZCZYRK"	19560622	9.2
249180210	"SZCZYRK"	19560623	7.3
249180210	"SZCZYRK"	19560624	3.8
249180210	"SZCZYRK"	19560625	10.7
249180210	"SZCZYRK"	19560626	6.5
249180210	"SZCZYRK"	19560627	12.3
249180210	"SZCZYRK"	19560628	2.9
249180210	"SZCZYRK"	19560629	1.1
249180210	"SZCZYRK"	19560630	0
249180210	"SZCZYRK"	19560701	3.4
249180210	"SZCZYRK"	19560702	1.3
249180210	"SZCZYRK"	19560707	0.2
249180210	"SZCZYRK"	19560708	1.6
249180210	"SZCZYRK"	19560709	0
249180210	"SZCZYRK"	19560715	3.4
249180210	"SZCZYRK"	19560716	2.1
249180210	"SZCZYRK"	19560717	0.3
249180210	"SZCZYRK"	19560721	0.4
249180210	"SZCZYRK"	19560722	0.6
249180210	"SZCZYRK"	19560723	2.7
249180210	"SZCZYRK"	19560728	1.9
249180210	"SZCZYRK"	19560729	0.7
249180210	"SZCZYRK"	19560730	3.2
249180210	"SZCZYRK"	19560802	2.1
249180210	"SZCZYRK"	19560803	1.8
249180210	"SZCZYRK"	19560804	3
249180210	"SZCZYRK"	19560805	6
249180210	"SZCZYRK"	19560807	9
249180210	"SZCZYRK"	19560811	33
249180210	"SZCZYRK"	19560812	13
249180210	"SZCZYRK"	19560814	6.8
249180210	"SZCZYRK"	19560819	5.6
249180210	"SZCZYRK"	19560821	17
249180210	"SZCZYRK"	19560823	19
249180210	"SZCZYRK"	19560825	9
249180210	"SZCZYRK"	19560829	23
249180210	"SZCZYRK"	19560904	12
249180210	"SZCZYRK"	19560910	0
249180210	"SZCZYRK"	19560911	30
249180210	"SZCZYRK"	19560912	26
249180210	"SZCZYRK"	19560913	25
249180210	"SZCZYRK"	19560917	25
249180210	"SZCZYRK"	19560927	6
249180210	"SZCZYRK"	19561004	22
249180210	"SZCZYRK"	19561005	20
249180210	"SZCZYRK"	19561006	16
249180210	"SZCZYRK"	19561009	5.5
249180210	"SZCZYRK"	19561013	3
249180210	"SZCZYRK"	19561014	12
249180210	"SZCZYRK"	19561019	8
249180210	"SZCZYRK"	19561029	16
249180210	"SZCZYRK"	19561105	11.4
249180210	"SZCZYRK"	19561106	8.8
249180210	"SZCZYRK"	19561107	6.1
249180210	"SZCZYRK"	19561112	5.6
249180210	"SZCZYRK"	19561113	5.6
249180210	"SZCZYRK"	19561114	0.9
249180210	"SZCZYRK"	19561116	3.1
249180210	"SZCZYRK"	19561117	4.7
249180210	"SZCZYRK"	19561118	6.8
249180210	"SZCZYRK"	19561126	27.9
249180210	"SZCZYRK"	19561127	13.2
249180210	"SZCZYRK"	19561128	1
249180210	"SZCZYRK"	19561202	1.6
249180210	"SZCZYRK"	19561203	8.5
249180210	"SZCZYRK"	19561204	37.7
249180210	"SZCZYRK"	19561205	33
249180210	"SZCZYRK"	19561206	8.8
249180210	"SZCZYRK"	19561210	2.2
249180210	"SZCZYRK"	19561212	2.7
249180210	"SZCZYRK"	19561214	0.6
249180210	"SZCZYRK"	19561223	2.4
249180210	"SZCZYRK"	19561224	3.9
249180210	"SZCZYRK"	19561225	3
249180210	"SZCZYRK"	19570105	4.6
249180210	"SZCZYRK"	19570106	21.5
249180210	"SZCZYRK"	19570107	4.7
249180210	"SZCZYRK"	19570110	2.3
249180210	"SZCZYRK"	19570111	2.7
249180210	"SZCZYRK"	19570112	0.4
249180210	"SZCZYRK"	19570113	2.5
249180210	"SZCZYRK"	19570127	5
249180210	"SZCZYRK"	19570128	10
249180210	"SZCZYRK"	19570130	1.2
249180210	"SZCZYRK"	19570201	5
249180210	"SZCZYRK"	19570206	2.6
249180210	"SZCZYRK"	19570207	6.8
249180210	"SZCZYRK"	19570208	6.3
249180210	"SZCZYRK"	19570209	13.1
249180210	"SZCZYRK"	19570211	4
249180210	"SZCZYRK"	19570214	1.2
249180210	"SZCZYRK"	19570218	7.7
249180210	"SZCZYRK"	19570219	4.6
249180210	"SZCZYRK"	19570221	12.2
249180210	"SZCZYRK"	19570224	5.8
249180210	"SZCZYRK"	19570225	12.5
249180210	"SZCZYRK"	19570226	2
249180210	"SZCZYRK"	19570301	0.7
249180210	"SZCZYRK"	19570302	0.6
249180210	"SZCZYRK"	19570314	2.9
249180210	"SZCZYRK"	19570315	3.5
249180210	"SZCZYRK"	19570316	23.1
249180210	"SZCZYRK"	19570317	23.5
249180210	"SZCZYRK"	19570318	13.9
249180210	"SZCZYRK"	19570319	12.5
249180210	"SZCZYRK"	19570324	0.4
249180210	"SZCZYRK"	19570328	9.1
249180210	"SZCZYRK"	19570329	6.1
249180210	"SZCZYRK"	19570330	1.5
249180210	"SZCZYRK"	19570407	16
249180210	"SZCZYRK"	19570408	1.9
249180210	"SZCZYRK"	19570410	7.5
249180210	"SZCZYRK"	19570411	6.1
249180210	"SZCZYRK"	19570412	0.4
249180210	"SZCZYRK"	19570413	0.5
249180210	"SZCZYRK"	19570414	0
249180210	"SZCZYRK"	19570417	5.3
249180210	"SZCZYRK"	19570418	0.3
249180210	"SZCZYRK"	19570419	1.1
249180210	"SZCZYRK"	19570420	0.6
249180210	"SZCZYRK"	19570421	9.4
249180210	"SZCZYRK"	19570422	3
249180210	"SZCZYRK"	19570423	4.9
249180210	"SZCZYRK"	19570424	1.8
249180210	"SZCZYRK"	19570425	1.9
249180210	"SZCZYRK"	19570430	1.9
249180210	"SZCZYRK"	19570503	0.2
249180210	"SZCZYRK"	19570504	0.6
249180210	"SZCZYRK"	19570506	0.5
249180210	"SZCZYRK"	19570507	4.3
249180210	"SZCZYRK"	19570508	15.8
249180210	"SZCZYRK"	19570509	6
249180210	"SZCZYRK"	19570520	23.3
249180210	"SZCZYRK"	19570521	0.9
249180210	"SZCZYRK"	19570523	0.3
249180210	"SZCZYRK"	19570524	5
249180210	"SZCZYRK"	19570604	6.8
249180210	"SZCZYRK"	19570607	18
249180210	"SZCZYRK"	19570608	3.6
249180210	"SZCZYRK"	19570609	3.8
249180210	"SZCZYRK"	19570618	2.1
249180210	"SZCZYRK"	19570622	2.1
249180210	"SZCZYRK"	19570625	0.8
249180210	"SZCZYRK"	19570702	8.6
249180210	"SZCZYRK"	19570705	5.5
249180210	"SZCZYRK"	19570706	19.2
249180210	"SZCZYRK"	19570707	6.5
249180210	"SZCZYRK"	19570708	0.5
249180210	"SZCZYRK"	19570710	16.5
249180210	"SZCZYRK"	19570711	3.9
249180210	"SZCZYRK"	19570712	5.9
249180210	"SZCZYRK"	19570714	4.3
249180210	"SZCZYRK"	19570715	76
249180210	"SZCZYRK"	19570716	85.5
249180210	"SZCZYRK"	19570717	15.6
249180210	"SZCZYRK"	19570720	14.8
249180210	"SZCZYRK"	19570721	4.5
249180210	"SZCZYRK"	19570722	5.7
249180210	"SZCZYRK"	19570723	23.3
249180210	"SZCZYRK"	19570724	28.9
249180210	"SZCZYRK"	19570725	8.9
249180210	"SZCZYRK"	19570727	6.8
249180210	"SZCZYRK"	19570728	0.8
249180210	"SZCZYRK"	19570730	3.1
249180210	"SZCZYRK"	19570731	1
249180210	"SZCZYRK"	19570810	2.6
249180210	"SZCZYRK"	19570814	7
249180210	"SZCZYRK"	19570815	9.4
249180210	"SZCZYRK"	19570816	6.3
249180210	"SZCZYRK"	19570817	3.1
249180210	"SZCZYRK"	19570818	5.9
249180210	"SZCZYRK"	19570819	6.9
249180210	"SZCZYRK"	19570821	2.9
249180210	"SZCZYRK"	19570822	7.7
249180210	"SZCZYRK"	19570824	11.1
249180210	"SZCZYRK"	19570828	41.5
249180210	"SZCZYRK"	19570829	3.3
249180210	"SZCZYRK"	19570901	3.6
249180210	"SZCZYRK"	19570902	7.3
249180210	"SZCZYRK"	19570903	30.5
249180210	"SZCZYRK"	19570904	30
249180210	"SZCZYRK"	19570911	0.6
249180210	"SZCZYRK"	19570912	9.1
249180210	"SZCZYRK"	19570914	13.6
249180210	"SZCZYRK"	19570917	2.7
249180210	"SZCZYRK"	19570923	4.2
249180210	"SZCZYRK"	19570924	18.3
249180210	"SZCZYRK"	19570926	1.3
249180210	"SZCZYRK"	19570927	3.4
249180210	"SZCZYRK"	19570928	9.4
249180210	"SZCZYRK"	19570929	30
249180210	"SZCZYRK"	19571004	4.4
249180210	"SZCZYRK"	19571012	0.6
249180210	"SZCZYRK"	19571014	0.6
249180210	"SZCZYRK"	19571022	7.1
249180210	"SZCZYRK"	19571024	0.7
249180210	"SZCZYRK"	19571110	0.2
249180210	"SZCZYRK"	19571125	7.4
249180210	"SZCZYRK"	19571126	0.5
249180210	"SZCZYRK"	19571127	3.5
249180210	"SZCZYRK"	19571128	20.4
249180210	"SZCZYRK"	19571129	6.6
249180210	"SZCZYRK"	19571130	0.3
249180210	"SZCZYRK"	19571203	6.4
249180210	"SZCZYRK"	19571204	5.5
249180210	"SZCZYRK"	19571205	4.3
249180210	"SZCZYRK"	19571207	0.8
249180210	"SZCZYRK"	19571208	5.6
249180210	"SZCZYRK"	19571209	3
249180210	"SZCZYRK"	19571210	3.1
249180210	"SZCZYRK"	19571213	3
249180210	"SZCZYRK"	19571214	3.1
249180210	"SZCZYRK"	19571229	2
249180210	"SZCZYRK"	19571231	2.2
249180210	"SZCZYRK"	19580101	3.7
249180210	"SZCZYRK"	19580102	2.1
249180210	"SZCZYRK"	19580103	2.6
249180210	"SZCZYRK"	19580105	0.4
249180210	"SZCZYRK"	19580106	2.7
249180210	"SZCZYRK"	19580107	19.2
249180210	"SZCZYRK"	19580108	1.6
249180210	"SZCZYRK"	19580109	0.4
249180210	"SZCZYRK"	19580110	0.7
249180210	"SZCZYRK"	19580113	1.6
249180210	"SZCZYRK"	19580115	2.1
249180210	"SZCZYRK"	19580116	1.3
249180210	"SZCZYRK"	19580117	2.8
249180210	"SZCZYRK"	19580118	0.6
249180210	"SZCZYRK"	19580119	3.8
249180210	"SZCZYRK"	19580120	8.7
249180210	"SZCZYRK"	19580121	3.4
249180210	"SZCZYRK"	19580130	0.9
249180210	"SZCZYRK"	19580203	6.1
249180210	"SZCZYRK"	19580204	0.7
249180210	"SZCZYRK"	19580205	6.6
249180210	"SZCZYRK"	19580206	1.1
249180210	"SZCZYRK"	19580207	5.2
249180210	"SZCZYRK"	19580208	1.3
249180210	"SZCZYRK"	19580211	0.4
249180210	"SZCZYRK"	19580215	5
249180210	"SZCZYRK"	19580216	9.7
249180210	"SZCZYRK"	19580217	1.2
249180210	"SZCZYRK"	19580218	0.5
249180210	"SZCZYRK"	19580219	1
249180210	"SZCZYRK"	19580220	8
249180210	"SZCZYRK"	19580221	1.5
249180210	"SZCZYRK"	19580222	6.1
249180210	"SZCZYRK"	19580223	2.1
249180210	"SZCZYRK"	19580224	1.7
249180210	"SZCZYRK"	19580226	0.7
249180210	"SZCZYRK"	19580227	8.5
249180210	"SZCZYRK"	19580302	16.3
249180210	"SZCZYRK"	19580303	17
249180210	"SZCZYRK"	19580307	6.8
249180210	"SZCZYRK"	19580308	3.7
249180210	"SZCZYRK"	19580309	0.7
249180210	"SZCZYRK"	19580311	12.5
249180210	"SZCZYRK"	19580312	9.3
249180210	"SZCZYRK"	19580313	2.1
249180210	"SZCZYRK"	19580314	2.9
249180210	"SZCZYRK"	19580315	4.1
249180210	"SZCZYRK"	19580316	4.5
249180210	"SZCZYRK"	19580317	5.7
249180210	"SZCZYRK"	19580318	0.2
249180210	"SZCZYRK"	19580319	0.9
249180210	"SZCZYRK"	19580320	4.1
249180210	"SZCZYRK"	19580321	5
249180210	"SZCZYRK"	19580322	0.6
249180210	"SZCZYRK"	19580323	3.3
249180210	"SZCZYRK"	19580328	2.4
249180210	"SZCZYRK"	19580330	3.7
249180210	"SZCZYRK"	19580331	1.2
249180210	"SZCZYRK"	19580406	0.6
249180210	"SZCZYRK"	19580407	2.9
249180210	"SZCZYRK"	19580409	6
249180210	"SZCZYRK"	19580410	0.5
249180210	"SZCZYRK"	19580411	8.3
249180210	"SZCZYRK"	19580416	5
249180210	"SZCZYRK"	19580417	14.6
249180210	"SZCZYRK"	19580418	2
249180210	"SZCZYRK"	19580419	21.8
249180210	"SZCZYRK"	19580420	4.5
249180210	"SZCZYRK"	19580421	24.5
249180210	"SZCZYRK"	19580422	9.7
249180210	"SZCZYRK"	19580427	5.5
249180210	"SZCZYRK"	19580502	1.8
249180210	"SZCZYRK"	19580503	2.8
249180210	"SZCZYRK"	19580504	3
249180210	"SZCZYRK"	19580506	8.9
249180210	"SZCZYRK"	19580507	10.6
249180210	"SZCZYRK"	19580508	10.8
249180210	"SZCZYRK"	19580510	1.9
249180210	"SZCZYRK"	19580517	0.8
249180210	"SZCZYRK"	19580523	0.8
249180210	"SZCZYRK"	19580528	21.7
249180210	"SZCZYRK"	19580529	1.5
249180210	"SZCZYRK"	19580531	7.5
249180210	"SZCZYRK"	19580603	0.4
249180210	"SZCZYRK"	19580604	6.8
249180210	"SZCZYRK"	19580609	2.8
249180210	"SZCZYRK"	19580610	0.9
249180210	"SZCZYRK"	19580611	0.9
249180210	"SZCZYRK"	19580613	2
249180210	"SZCZYRK"	19580621	0.5
249180210	"SZCZYRK"	19580622	9.4
249180210	"SZCZYRK"	19580623	7.9
249180210	"SZCZYRK"	19580625	3.6
249180210	"SZCZYRK"	19580626	0.2
249180210	"SZCZYRK"	19580627	17.8
249180210	"SZCZYRK"	19580628	45
249180210	"SZCZYRK"	19580629	161.7
249180210	"SZCZYRK"	19580702	8.7
249180210	"SZCZYRK"	19580703	14.3
249180210	"SZCZYRK"	19580704	41.3
249180210	"SZCZYRK"	19580705	38
249180210	"SZCZYRK"	19580706	7.3
249180210	"SZCZYRK"	19580707	0.7
249180210	"SZCZYRK"	19580708	7.8
249180210	"SZCZYRK"	19580714	3
249180210	"SZCZYRK"	19580717	8.5
249180210	"SZCZYRK"	19580719	1.2
249180210	"SZCZYRK"	19580722	6.7
249180210	"SZCZYRK"	19580723	28
249180210	"SZCZYRK"	19580724	2.6
249180210	"SZCZYRK"	19580725	4.9
249180210	"SZCZYRK"	19580729	6.3
249180210	"SZCZYRK"	19580802	6.6
249180210	"SZCZYRK"	19580803	8.6
249180210	"SZCZYRK"	19580807	7.2
249180210	"SZCZYRK"	19580808	26.5
249180210	"SZCZYRK"	19580812	7.5
249180210	"SZCZYRK"	19580813	6.2
249180210	"SZCZYRK"	19580818	22.2
249180210	"SZCZYRK"	19580820	17.3
249180210	"SZCZYRK"	19580821	7.6
249180210	"SZCZYRK"	19580822	17.2
249180210	"SZCZYRK"	19580823	1.4
249180210	"SZCZYRK"	19580824	1.9
249180210	"SZCZYRK"	19580825	0.8
249180210	"SZCZYRK"	19580826	5
249180210	"SZCZYRK"	19580830	3.1
249180210	"SZCZYRK"	19580910	3.5
249180210	"SZCZYRK"	19580911	8.9
249180210	"SZCZYRK"	19580915	1.4
249180210	"SZCZYRK"	19580918	6.2
249180210	"SZCZYRK"	19580921	5.8
249180210	"SZCZYRK"	19580922	14
249180210	"SZCZYRK"	19580923	6.6
249180210	"SZCZYRK"	19580924	4.6
249180210	"SZCZYRK"	19580925	2.3
249180210	"SZCZYRK"	19580926	1.4
249180210	"SZCZYRK"	19580927	12.1
249180210	"SZCZYRK"	19581002	13.1
249180210	"SZCZYRK"	19581003	4.4
249180210	"SZCZYRK"	19581006	1
249180210	"SZCZYRK"	19581007	2.2
249180210	"SZCZYRK"	19581008	10
249180210	"SZCZYRK"	19581012	3.2
249180210	"SZCZYRK"	19581013	28.2
249180210	"SZCZYRK"	19581014	25.3
249180210	"SZCZYRK"	19581015	16.1
249180210	"SZCZYRK"	19581016	12.8
249180210	"SZCZYRK"	19581017	14.1
249180210	"SZCZYRK"	19581019	16.2
249180210	"SZCZYRK"	19581020	1
249180210	"SZCZYRK"	19581023	1.7
249180210	"SZCZYRK"	19581024	1.3
249180210	"SZCZYRK"	19581025	4.6
249180210	"SZCZYRK"	19581028	0.8
249180210	"SZCZYRK"	19581101	10.5
249180210	"SZCZYRK"	19581102	0.5
249180210	"SZCZYRK"	19581104	5.2
249180210	"SZCZYRK"	19581107	0.5
249180210	"SZCZYRK"	19581109	7.8
249180210	"SZCZYRK"	19581110	5.8
249180210	"SZCZYRK"	19581115	7.8
249180210	"SZCZYRK"	19581126	1.5
249180210	"SZCZYRK"	19581130	2.5
249180210	"SZCZYRK"	19581201	9.6
249180210	"SZCZYRK"	19581202	7.3
249180210	"SZCZYRK"	19581205	5.4
249180210	"SZCZYRK"	19581206	10.2
249180210	"SZCZYRK"	19581207	1.7
249180210	"SZCZYRK"	19581210	0.9
249180210	"SZCZYRK"	19581214	15.7
249180210	"SZCZYRK"	19581223	4.7
249180210	"SZCZYRK"	19581224	1.2
249180210	"SZCZYRK"	19581225	11.9
249180210	"SZCZYRK"	19581226	4
249180210	"SZCZYRK"	19581227	1.4
249180210	"SZCZYRK"	19581228	12.1
249180210	"SZCZYRK"	19581229	2.1
249180210	"SZCZYRK"	19581230	4.7
249180210	"SZCZYRK"	19590105	4
249180210	"SZCZYRK"	19590107	0.9
249180210	"SZCZYRK"	19590108	3.3
249180210	"SZCZYRK"	19590109	23.8
249180210	"SZCZYRK"	19590110	2.1
249180210	"SZCZYRK"	19590113	0.9
249180210	"SZCZYRK"	19590115	0.9
249180210	"SZCZYRK"	19590123	3.3
249180210	"SZCZYRK"	19590124	21.4
249180210	"SZCZYRK"	19590126	5.1
249180210	"SZCZYRK"	19590127	6
249180210	"SZCZYRK"	19590131	1.4
249180210	"SZCZYRK"	19590201	8.8
249180210	"SZCZYRK"	19590202	1.3
249180210	"SZCZYRK"	19590215	2.5
249180210	"SZCZYRK"	19590216	1.1
249180210	"SZCZYRK"	19590218	1.4
249180210	"SZCZYRK"	19590220	2.4
249180210	"SZCZYRK"	19590221	5.4
249180210	"SZCZYRK"	19590222	4
249180210	"SZCZYRK"	19590223	0.4
249180210	"SZCZYRK"	19590224	5.3
249180210	"SZCZYRK"	19590307	1.7
249180210	"SZCZYRK"	19590308	67
249180210	"SZCZYRK"	19590325	2
249180210	"SZCZYRK"	19590326	0.2
249180210	"SZCZYRK"	19590327	0.5
249180210	"SZCZYRK"	19590328	3.8
249180210	"SZCZYRK"	19590329	0.8
249180210	"SZCZYRK"	19590405	10.4
249180210	"SZCZYRK"	19590406	2.2
249180210	"SZCZYRK"	19590407	3.4
249180210	"SZCZYRK"	19590411	27.1
249180210	"SZCZYRK"	19590412	0.2
249180210	"SZCZYRK"	19590417	0.8
249180210	"SZCZYRK"	19590418	16.5
249180210	"SZCZYRK"	19590419	27.3
249180210	"SZCZYRK"	19590420	4.7
249180210	"SZCZYRK"	19590423	3.6
249180210	"SZCZYRK"	19590502	1.7
249180210	"SZCZYRK"	19590506	4.8
249180210	"SZCZYRK"	19590507	8.1
249180210	"SZCZYRK"	19590512	7.2
249180210	"SZCZYRK"	19590515	1.8
249180210	"SZCZYRK"	19590516	3.3
249180210	"SZCZYRK"	19590517	6.1
249180210	"SZCZYRK"	19590518	1.7
249180210	"SZCZYRK"	19590520	2.3
249180210	"SZCZYRK"	19590530	1.4
249180210	"SZCZYRK"	19590531	58
249180210	"SZCZYRK"	19590601	16.5
249180210	"SZCZYRK"	19590602	15
249180210	"SZCZYRK"	19590603	28.8
249180210	"SZCZYRK"	19590604	8.2
249180210	"SZCZYRK"	19590608	0.9
249180210	"SZCZYRK"	19590609	2.6
249180210	"SZCZYRK"	19590610	11
249180210	"SZCZYRK"	19590611	27
249180210	"SZCZYRK"	19590612	1
249180210	"SZCZYRK"	19590613	6.8
249180210	"SZCZYRK"	19590614	2.1
249180210	"SZCZYRK"	19590615	1.2
249180210	"SZCZYRK"	19590619	2.2
249180210	"SZCZYRK"	19590622	0
249180210	"SZCZYRK"	19590626	9.2
249180210	"SZCZYRK"	19590628	0
249180210	"SZCZYRK"	19590629	30
249180210	"SZCZYRK"	19590630	89.2
249180210	"SZCZYRK"	19590701	45
249180210	"SZCZYRK"	19590702	0.5
249180210	"SZCZYRK"	19590703	11.2
249180210	"SZCZYRK"	19590705	1.2
249180210	"SZCZYRK"	19590716	4.6
249180210	"SZCZYRK"	19590717	10.7
249180210	"SZCZYRK"	19590718	9.2
249180210	"SZCZYRK"	19590720	0.7
249180210	"SZCZYRK"	19590721	1.1
249180210	"SZCZYRK"	19590722	0.4
249180210	"SZCZYRK"	19590724	1.9
249180210	"SZCZYRK"	19590728	5.6
249180210	"SZCZYRK"	19590729	30.5
249180210	"SZCZYRK"	19590730	35.1
249180210	"SZCZYRK"	19590731	17.4
249180210	"SZCZYRK"	19590801	2.7
249180210	"SZCZYRK"	19590802	2.3
249180210	"SZCZYRK"	19590804	0.3
249180210	"SZCZYRK"	19590805	2.8
249180210	"SZCZYRK"	19590808	0.7
249180210	"SZCZYRK"	19590811	11
249180210	"SZCZYRK"	19590812	3.5
249180210	"SZCZYRK"	19590813	13.3
249180210	"SZCZYRK"	19590814	34.3
249180210	"SZCZYRK"	19590815	5.4
249180210	"SZCZYRK"	19590816	8.6
249180210	"SZCZYRK"	19590817	5.6
249180210	"SZCZYRK"	19590818	0
249180210	"SZCZYRK"	19590823	0
249180210	"SZCZYRK"	19590824	0
249180210	"SZCZYRK"	19590825	0
249180210	"SZCZYRK"	19590826	1.3
249180210	"SZCZYRK"	19590828	1
249180210	"SZCZYRK"	19590829	1.3
249180210	"SZCZYRK"	19590830	0
249180210	"SZCZYRK"	19590902	0
249180210	"SZCZYRK"	19590910	0
249180210	"SZCZYRK"	19590921	2.8
249180210	"SZCZYRK"	19590924	2
249180210	"SZCZYRK"	19590928	1.8
249180210	"SZCZYRK"	19590929	0.7
249180210	"SZCZYRK"	19591012	0.2
249180210	"SZCZYRK"	19591022	11.2
249180210	"SZCZYRK"	19591023	21.6
249180210	"SZCZYRK"	19591024	1.2
249180210	"SZCZYRK"	19591104	1
249180210	"SZCZYRK"	19591105	0.4
249180210	"SZCZYRK"	19591106	8
249180210	"SZCZYRK"	19591107	4.3
249180210	"SZCZYRK"	19591108	3.9
249180210	"SZCZYRK"	19591109	1.3
249180210	"SZCZYRK"	19591115	0.4
249180210	"SZCZYRK"	19591116	4.4
249180210	"SZCZYRK"	19591204	5.6
249180210	"SZCZYRK"	19591205	6.2
249180210	"SZCZYRK"	19591206	1
249180210	"SZCZYRK"	19591212	0.2
249180210	"SZCZYRK"	19591213	13.9
249180210	"SZCZYRK"	19591214	4.1
249180210	"SZCZYRK"	19591218	7.8
249180210	"SZCZYRK"	19591219	4.3
249180210	"SZCZYRK"	19591222	0.8
249180210	"SZCZYRK"	19591224	15.7
249180210	"SZCZYRK"	19591225	4
249180210	"SZCZYRK"	19591226	0.6
249180210	"SZCZYRK"	19591228	18.7
249180210	"SZCZYRK"	19591229	15.4
249180210	"SZCZYRK"	19591230	9.3
249180210	"SZCZYRK"	19591231	0.9
249180210	"SZCZYRK"	19600101	5
249180210	"SZCZYRK"	19600104	0.3
249180210	"SZCZYRK"	19600105	4.3
249180210	"SZCZYRK"	19600106	19.2
249180210	"SZCZYRK"	19600107	7.3
249180210	"SZCZYRK"	19600108	2.9
249180210	"SZCZYRK"	19600109	3.2
249180210	"SZCZYRK"	19600112	10.8
249180210	"SZCZYRK"	19600113	1.1
249180210	"SZCZYRK"	19600120	5
249180210	"SZCZYRK"	19600121	16.1
249180210	"SZCZYRK"	19600128	6.4
249180210	"SZCZYRK"	19600130	17.4
249180210	"SZCZYRK"	19600131	0.6
249180210	"SZCZYRK"	19600213	21.1
249180210	"SZCZYRK"	19600217	1
249180210	"SZCZYRK"	19600219	0.7
249180210	"SZCZYRK"	19600222	1.4
249180210	"SZCZYRK"	19600224	7.2
249180210	"SZCZYRK"	19600227	1.7
249180210	"SZCZYRK"	19600229	1
249180210	"SZCZYRK"	19600301	1.1
249180210	"SZCZYRK"	19600302	0.1
249180210	"SZCZYRK"	19600303	0.5
249180210	"SZCZYRK"	19600307	0.5
249180210	"SZCZYRK"	19600315	0.2
249180210	"SZCZYRK"	19600316	3.1
249180210	"SZCZYRK"	19600317	3.7
249180210	"SZCZYRK"	19600318	4.1
249180210	"SZCZYRK"	19600319	2.3
249180210	"SZCZYRK"	19600404	2.5
249180210	"SZCZYRK"	19600406	0.8
249180210	"SZCZYRK"	19600407	3.7
249180210	"SZCZYRK"	19600408	23.1
249180210	"SZCZYRK"	19600414	8.1
249180210	"SZCZYRK"	19600416	1.7
249180210	"SZCZYRK"	19600421	0.2
249180210	"SZCZYRK"	19600422	16.3
249180210	"SZCZYRK"	19600423	4.2
249180210	"SZCZYRK"	19600424	14.3
249180210	"SZCZYRK"	19600425	8.4
249180210	"SZCZYRK"	19600426	0.5
249180210	"SZCZYRK"	19600427	2.5
249180210	"SZCZYRK"	19600428	3.5
249180210	"SZCZYRK"	19600430	0.5
249180210	"SZCZYRK"	19600501	7.3
249180210	"SZCZYRK"	19600502	0.7
249180210	"SZCZYRK"	19600508	1.5
249180210	"SZCZYRK"	19600509	7.4
249180210	"SZCZYRK"	19600514	0
249180210	"SZCZYRK"	19600517	11.5
249180210	"SZCZYRK"	19600519	14.2
249180210	"SZCZYRK"	19600520	8.8
249180210	"SZCZYRK"	19600521	2
249180210	"SZCZYRK"	19600523	16.1
249180210	"SZCZYRK"	19600525	11.3
249180210	"SZCZYRK"	19600526	9
249180210	"SZCZYRK"	19600529	5.7
249180210	"SZCZYRK"	19600530	0.4
249180210	"SZCZYRK"	19600531	3.5
249180210	"SZCZYRK"	19600602	11
249180210	"SZCZYRK"	19600603	18.7
249180210	"SZCZYRK"	19600604	8.4
249180210	"SZCZYRK"	19600610	14.2
249180210	"SZCZYRK"	19600611	25.5
249180210	"SZCZYRK"	19600617	8.5
249180210	"SZCZYRK"	19600618	0.5
249180210	"SZCZYRK"	19600619	37.9
249180210	"SZCZYRK"	19600620	24
249180210	"SZCZYRK"	19600621	4.5
249180210	"SZCZYRK"	19600625	6.4
249180210	"SZCZYRK"	19600626	8.9
249180210	"SZCZYRK"	19600627	7.6
249180210	"SZCZYRK"	19600628	6.1
249180210	"SZCZYRK"	19600629	10.7
249180210	"SZCZYRK"	19600630	0.8
249180210	"SZCZYRK"	19600701	6.2
249180210	"SZCZYRK"	19600702	0.4
249180210	"SZCZYRK"	19600704	13.5
249180210	"SZCZYRK"	19600705	1
249180210	"SZCZYRK"	19600707	16.6
249180210	"SZCZYRK"	19600708	15.2
249180210	"SZCZYRK"	19600709	29.9
249180210	"SZCZYRK"	19600712	42.7
249180210	"SZCZYRK"	19600713	38
249180210	"SZCZYRK"	19600717	16.7
249180210	"SZCZYRK"	19600719	2
249180210	"SZCZYRK"	19600720	24.3
249180210	"SZCZYRK"	19600722	2
249180210	"SZCZYRK"	19600723	21.5
249180210	"SZCZYRK"	19600724	41.8
249180210	"SZCZYRK"	19600725	117
249180210	"SZCZYRK"	19600726	14.8
249180210	"SZCZYRK"	19600727	12.6
249180210	"SZCZYRK"	19600728	0.1
249180210	"SZCZYRK"	19600802	6.1
249180210	"SZCZYRK"	19600803	0.2
249180210	"SZCZYRK"	19600805	8.7
249180210	"SZCZYRK"	19600806	8.8
249180210	"SZCZYRK"	19600808	14.2
249180210	"SZCZYRK"	19600809	7
249180210	"SZCZYRK"	19600813	58
249180210	"SZCZYRK"	19600815	6.2
249180210	"SZCZYRK"	19600816	2
249180210	"SZCZYRK"	19600818	1
249180210	"SZCZYRK"	19600819	16.5
249180210	"SZCZYRK"	19600820	0.4
249180210	"SZCZYRK"	19600821	1
249180210	"SZCZYRK"	19600823	0
249180210	"SZCZYRK"	19600824	0
249180210	"SZCZYRK"	19600825	0
249180210	"SZCZYRK"	19600826	0
249180210	"SZCZYRK"	19600827	0
249180210	"SZCZYRK"	19600829	31.8
249180210	"SZCZYRK"	19600830	0.4
249180210	"SZCZYRK"	19600831	0.3
249180210	"SZCZYRK"	19600902	12.8
249180210	"SZCZYRK"	19600904	2.1
249180210	"SZCZYRK"	19600905	30.6
249180210	"SZCZYRK"	19600906	12.3
249180210	"SZCZYRK"	19600907	2.9
249180210	"SZCZYRK"	19600908	9.6
249180210	"SZCZYRK"	19600911	1.2
249180210	"SZCZYRK"	19600912	0
249180210	"SZCZYRK"	19600913	0
249180210	"SZCZYRK"	19600914	0
249180210	"SZCZYRK"	19600921	1.6
249180210	"SZCZYRK"	19600923	0.5
249180210	"SZCZYRK"	19600926	4.9
249180210	"SZCZYRK"	19600927	1.1
249180210	"SZCZYRK"	19600928	3.8
249180210	"SZCZYRK"	19601001	16.3
249180210	"SZCZYRK"	19601002	1
249180210	"SZCZYRK"	19601007	4.2
249180210	"SZCZYRK"	19601008	5.9
249180210	"SZCZYRK"	19601015	2
249180210	"SZCZYRK"	19601016	0.7
249180210	"SZCZYRK"	19601017	7.8
249180210	"SZCZYRK"	19601021	11.5
249180210	"SZCZYRK"	19601022	2.1
249180210	"SZCZYRK"	19601027	2.3
249180210	"SZCZYRK"	19601031	2
249180210	"SZCZYRK"	19601101	3.6
249180210	"SZCZYRK"	19601102	2.2
249180210	"SZCZYRK"	19601105	5.1
249180210	"SZCZYRK"	19601107	0.2
249180210	"SZCZYRK"	19601109	0.9
249180210	"SZCZYRK"	19601111	0.5
249180210	"SZCZYRK"	19601113	3.4
249180210	"SZCZYRK"	19601114	8.7
249180210	"SZCZYRK"	19601116	17.5
249180210	"SZCZYRK"	19601118	5.5
249180210	"SZCZYRK"	19601119	9.2
249180210	"SZCZYRK"	19601120	4.4
249180210	"SZCZYRK"	19601125	0.9
249180210	"SZCZYRK"	19601127	0.5
249180210	"SZCZYRK"	19601128	4.7
249180210	"SZCZYRK"	19601129	1.3
249180210	"SZCZYRK"	19601130	1.7
249180210	"SZCZYRK"	19601203	3.2
249180210	"SZCZYRK"	19601204	1
249180210	"SZCZYRK"	19601208	4.1
249180210	"SZCZYRK"	19601209	1.2
249180210	"SZCZYRK"	19601211	12
249180210	"SZCZYRK"	19601212	3.2
249180210	"SZCZYRK"	19601213	2
249180210	"SZCZYRK"	19601214	2.3
249180210	"SZCZYRK"	19601219	8.6
249180210	"SZCZYRK"	19601229	0.3
249180210	"SZCZYRK"	19601231	0.1
