"V1"	"V2"	"V3"	"V4"
249189995	"WAPIENICA"	19510103	2.2
249189995	"WAPIENICA"	19510104	1.5
249189995	"WAPIENICA"	19510105	1.8
249189995	"WAPIENICA"	19510106	0.4
249189995	"WAPIENICA"	19510108	0.8
249189995	"WAPIENICA"	19510113	8
249189995	"WAPIENICA"	19510115	6
249189995	"WAPIENICA"	19510116	1.9
249189995	"WAPIENICA"	19510118	6.3
249189995	"WAPIENICA"	19510119	16.4
249189995	"WAPIENICA"	19510120	23.8
249189995	"WAPIENICA"	19510121	11
249189995	"WAPIENICA"	19510122	1.7
249189995	"WAPIENICA"	19510123	0.5
249189995	"WAPIENICA"	19510125	0.7
249189995	"WAPIENICA"	19510214	5.3
249189995	"WAPIENICA"	19510217	0.2
249189995	"WAPIENICA"	19510218	1.2
249189995	"WAPIENICA"	19510219	0.8
249189995	"WAPIENICA"	19510221	3
249189995	"WAPIENICA"	19510222	0.5
249189995	"WAPIENICA"	19510223	0.4
249189995	"WAPIENICA"	19510225	4.3
249189995	"WAPIENICA"	19510226	30.2
249189995	"WAPIENICA"	19510227	3.7
249189995	"WAPIENICA"	19510228	4.2
249189995	"WAPIENICA"	19510301	0
249189995	"WAPIENICA"	19510303	4.9
249189995	"WAPIENICA"	19510304	0.4
249189995	"WAPIENICA"	19510305	3.2
249189995	"WAPIENICA"	19510306	4.2
249189995	"WAPIENICA"	19510307	0.5
249189995	"WAPIENICA"	19510308	0.9
249189995	"WAPIENICA"	19510309	4.9
249189995	"WAPIENICA"	19510310	0.4
249189995	"WAPIENICA"	19510314	1.9
249189995	"WAPIENICA"	19510315	0.1
249189995	"WAPIENICA"	19510317	4.2
249189995	"WAPIENICA"	19510318	9.1
249189995	"WAPIENICA"	19510319	5.4
249189995	"WAPIENICA"	19510320	0.8
249189995	"WAPIENICA"	19510321	0.8
249189995	"WAPIENICA"	19510323	0.5
249189995	"WAPIENICA"	19510324	6.6
249189995	"WAPIENICA"	19510325	15.1
249189995	"WAPIENICA"	19510326	0.8
249189995	"WAPIENICA"	19510327	1.7
249189995	"WAPIENICA"	19510328	2.6
249189995	"WAPIENICA"	19510329	1.5
249189995	"WAPIENICA"	19510331	9
249189995	"WAPIENICA"	19510401	43.7
249189995	"WAPIENICA"	19510405	0.4
249189995	"WAPIENICA"	19510408	7.8
249189995	"WAPIENICA"	19510409	6.2
249189995	"WAPIENICA"	19510410	0.2
249189995	"WAPIENICA"	19510414	4
249189995	"WAPIENICA"	19510415	3.6
249189995	"WAPIENICA"	19510417	0.2
249189995	"WAPIENICA"	19510419	7.1
249189995	"WAPIENICA"	19510421	19.4
249189995	"WAPIENICA"	19510422	0.6
249189995	"WAPIENICA"	19510430	2.1
249189995	"WAPIENICA"	19510502	4.1
249189995	"WAPIENICA"	19510503	7.4
249189995	"WAPIENICA"	19510504	6.8
249189995	"WAPIENICA"	19510505	9.1
249189995	"WAPIENICA"	19510506	32.3
249189995	"WAPIENICA"	19510507	0.1
249189995	"WAPIENICA"	19510508	2.3
249189995	"WAPIENICA"	19510509	4.2
249189995	"WAPIENICA"	19510510	63.7
249189995	"WAPIENICA"	19510511	78.6
249189995	"WAPIENICA"	19510514	10.4
249189995	"WAPIENICA"	19510515	6.2
249189995	"WAPIENICA"	19510516	19.1
249189995	"WAPIENICA"	19510517	0.2
249189995	"WAPIENICA"	19510518	17.6
249189995	"WAPIENICA"	19510520	0.6
249189995	"WAPIENICA"	19510521	2.9
249189995	"WAPIENICA"	19510522	8.7
249189995	"WAPIENICA"	19510523	3.6
249189995	"WAPIENICA"	19510528	10.3
249189995	"WAPIENICA"	19510529	0.3
249189995	"WAPIENICA"	19510530	0.4
249189995	"WAPIENICA"	19510603	1.2
249189995	"WAPIENICA"	19510604	2.8
249189995	"WAPIENICA"	19510605	5.6
249189995	"WAPIENICA"	19510606	2.2
249189995	"WAPIENICA"	19510607	11.8
249189995	"WAPIENICA"	19510608	2.4
249189995	"WAPIENICA"	19510609	3.3
249189995	"WAPIENICA"	19510610	4.2
249189995	"WAPIENICA"	19510613	12.8
249189995	"WAPIENICA"	19510618	3
249189995	"WAPIENICA"	19510619	2.6
249189995	"WAPIENICA"	19510624	23.4
249189995	"WAPIENICA"	19510625	6.2
249189995	"WAPIENICA"	19510628	3.3
249189995	"WAPIENICA"	19510629	1.7
249189995	"WAPIENICA"	19510703	9.7
249189995	"WAPIENICA"	19510705	3.2
249189995	"WAPIENICA"	19510709	46.8
249189995	"WAPIENICA"	19510712	14.4
249189995	"WAPIENICA"	19510713	23.3
249189995	"WAPIENICA"	19510716	6.4
249189995	"WAPIENICA"	19510717	1.6
249189995	"WAPIENICA"	19510718	0.4
249189995	"WAPIENICA"	19510719	0
249189995	"WAPIENICA"	19510721	0.9
249189995	"WAPIENICA"	19510723	2.6
249189995	"WAPIENICA"	19510724	12
249189995	"WAPIENICA"	19510725	13
249189995	"WAPIENICA"	19510726	23.5
249189995	"WAPIENICA"	19510727	25.4
249189995	"WAPIENICA"	19510730	0.3
249189995	"WAPIENICA"	19510805	8.8
249189995	"WAPIENICA"	19510809	4.4
249189995	"WAPIENICA"	19510811	4.2
249189995	"WAPIENICA"	19510814	22
249189995	"WAPIENICA"	19510816	1.1
249189995	"WAPIENICA"	19510817	3.5
249189995	"WAPIENICA"	19510822	5.7
249189995	"WAPIENICA"	19510823	9.7
249189995	"WAPIENICA"	19510824	7
249189995	"WAPIENICA"	19510826	1.2
249189995	"WAPIENICA"	19510827	19.5
249189995	"WAPIENICA"	19510903	0.7
249189995	"WAPIENICA"	19510904	7.8
249189995	"WAPIENICA"	19510907	9.8
249189995	"WAPIENICA"	19510908	4.7
249189995	"WAPIENICA"	19510914	0.2
249189995	"WAPIENICA"	19510915	0.6
249189995	"WAPIENICA"	19510917	3.6
249189995	"WAPIENICA"	19510919	5.4
249189995	"WAPIENICA"	19510920	14.2
249189995	"WAPIENICA"	19510921	3.3
249189995	"WAPIENICA"	19510922	0.2
249189995	"WAPIENICA"	19510924	2.2
249189995	"WAPIENICA"	19510926	0.1
249189995	"WAPIENICA"	19510927	32.4
249189995	"WAPIENICA"	19510928	8.8
249189995	"WAPIENICA"	19510929	2.2
249189995	"WAPIENICA"	19510930	0.5
249189995	"WAPIENICA"	19511023	0.3
249189995	"WAPIENICA"	19511102	6
249189995	"WAPIENICA"	19511103	9.5
249189995	"WAPIENICA"	19511104	1.6
249189995	"WAPIENICA"	19511114	0.9
249189995	"WAPIENICA"	19511115	15.4
249189995	"WAPIENICA"	19511121	5.1
249189995	"WAPIENICA"	19511122	24.8
249189995	"WAPIENICA"	19511123	13.4
249189995	"WAPIENICA"	19511124	1.1
249189995	"WAPIENICA"	19511125	13.3
249189995	"WAPIENICA"	19511126	2.3
249189995	"WAPIENICA"	19511127	2
249189995	"WAPIENICA"	19511128	1.9
249189995	"WAPIENICA"	19511129	2
249189995	"WAPIENICA"	19511130	12.8
249189995	"WAPIENICA"	19511203	1.5
249189995	"WAPIENICA"	19511204	10.6
249189995	"WAPIENICA"	19511205	0.6
249189995	"WAPIENICA"	19511209	4.8
249189995	"WAPIENICA"	19511210	5
249189995	"WAPIENICA"	19511211	1.5
249189995	"WAPIENICA"	19511212	1.3
249189995	"WAPIENICA"	19511213	17.1
249189995	"WAPIENICA"	19511214	6.8
249189995	"WAPIENICA"	19511215	1.5
249189995	"WAPIENICA"	19511216	0.5
249189995	"WAPIENICA"	19511217	0.2
249189995	"WAPIENICA"	19511221	0.2
249189995	"WAPIENICA"	19511227	1
249189995	"WAPIENICA"	19511228	4.4
249189995	"WAPIENICA"	19511229	3.3
249189995	"WAPIENICA"	19511230	7.1
249189995	"WAPIENICA"	19520101	4.8
249189995	"WAPIENICA"	19520104	2.2
249189995	"WAPIENICA"	19520105	1.9
249189995	"WAPIENICA"	19520106	4
249189995	"WAPIENICA"	19520107	1.5
249189995	"WAPIENICA"	19520108	5.3
249189995	"WAPIENICA"	19520111	6.5
249189995	"WAPIENICA"	19520112	2.1
249189995	"WAPIENICA"	19520113	1.4
249189995	"WAPIENICA"	19520114	1
249189995	"WAPIENICA"	19520116	0.3
249189995	"WAPIENICA"	19520117	2.4
249189995	"WAPIENICA"	19520118	13.5
249189995	"WAPIENICA"	19520119	17.8
249189995	"WAPIENICA"	19520120	14.5
249189995	"WAPIENICA"	19520121	18.7
249189995	"WAPIENICA"	19520126	5.7
249189995	"WAPIENICA"	19520127	11.4
249189995	"WAPIENICA"	19520128	3.4
249189995	"WAPIENICA"	19520201	12.7
249189995	"WAPIENICA"	19520202	6.7
249189995	"WAPIENICA"	19520203	3.5
249189995	"WAPIENICA"	19520204	13.7
249189995	"WAPIENICA"	19520205	2.4
249189995	"WAPIENICA"	19520206	2.3
249189995	"WAPIENICA"	19520208	9
249189995	"WAPIENICA"	19520209	1.6
249189995	"WAPIENICA"	19520210	1.5
249189995	"WAPIENICA"	19520211	9.5
249189995	"WAPIENICA"	19520212	0.1
249189995	"WAPIENICA"	19520214	22.7
249189995	"WAPIENICA"	19520215	19
249189995	"WAPIENICA"	19520216	2.8
249189995	"WAPIENICA"	19520217	12
249189995	"WAPIENICA"	19520218	5.7
249189995	"WAPIENICA"	19520219	3.3
249189995	"WAPIENICA"	19520220	5
249189995	"WAPIENICA"	19520221	13.5
249189995	"WAPIENICA"	19520222	19.2
249189995	"WAPIENICA"	19520223	3.9
249189995	"WAPIENICA"	19520224	2.3
249189995	"WAPIENICA"	19520225	0.3
249189995	"WAPIENICA"	19520226	16.8
249189995	"WAPIENICA"	19520227	7.4
249189995	"WAPIENICA"	19520228	5.8
249189995	"WAPIENICA"	19520229	3.7
249189995	"WAPIENICA"	19520301	4.2
249189995	"WAPIENICA"	19520302	2.7
249189995	"WAPIENICA"	19520303	1
249189995	"WAPIENICA"	19520304	0.8
249189995	"WAPIENICA"	19520305	5.5
249189995	"WAPIENICA"	19520306	10.8
249189995	"WAPIENICA"	19520307	3
249189995	"WAPIENICA"	19520313	14.4
249189995	"WAPIENICA"	19520314	1.7
249189995	"WAPIENICA"	19520322	3.6
249189995	"WAPIENICA"	19520323	2.3
249189995	"WAPIENICA"	19520324	9
249189995	"WAPIENICA"	19520325	3.2
249189995	"WAPIENICA"	19520326	23
249189995	"WAPIENICA"	19520327	2.7
249189995	"WAPIENICA"	19520329	1.2
249189995	"WAPIENICA"	19520401	21.5
249189995	"WAPIENICA"	19520402	4.3
249189995	"WAPIENICA"	19520408	0.1
249189995	"WAPIENICA"	19520409	2.7
249189995	"WAPIENICA"	19520416	6.3
249189995	"WAPIENICA"	19520421	0.6
249189995	"WAPIENICA"	19520425	4
249189995	"WAPIENICA"	19520426	5.3
249189995	"WAPIENICA"	19520427	1.2
249189995	"WAPIENICA"	19520428	6.6
249189995	"WAPIENICA"	19520429	6.5
249189995	"WAPIENICA"	19520501	7.5
249189995	"WAPIENICA"	19520506	1.7
249189995	"WAPIENICA"	19520507	18.6
249189995	"WAPIENICA"	19520508	0.6
249189995	"WAPIENICA"	19520509	0.6
249189995	"WAPIENICA"	19520510	0.6
249189995	"WAPIENICA"	19520511	0.5
249189995	"WAPIENICA"	19520512	17.1
249189995	"WAPIENICA"	19520513	1.4
249189995	"WAPIENICA"	19520514	4.6
249189995	"WAPIENICA"	19520515	5.6
249189995	"WAPIENICA"	19520516	7.7
249189995	"WAPIENICA"	19520517	0.2
249189995	"WAPIENICA"	19520518	0
249189995	"WAPIENICA"	19520519	4
249189995	"WAPIENICA"	19520520	8.3
249189995	"WAPIENICA"	19520521	2.8
249189995	"WAPIENICA"	19520523	2.5
249189995	"WAPIENICA"	19520524	28.5
249189995	"WAPIENICA"	19520525	4.2
249189995	"WAPIENICA"	19520526	9.2
249189995	"WAPIENICA"	19520527	0.5
249189995	"WAPIENICA"	19520528	0.2
249189995	"WAPIENICA"	19520529	2.6
249189995	"WAPIENICA"	19520601	3.1
249189995	"WAPIENICA"	19520602	1.7
249189995	"WAPIENICA"	19520603	16.5
249189995	"WAPIENICA"	19520604	0.6
249189995	"WAPIENICA"	19520606	0.3
249189995	"WAPIENICA"	19520607	12.2
249189995	"WAPIENICA"	19520608	4.4
249189995	"WAPIENICA"	19520609	9.8
249189995	"WAPIENICA"	19520610	8.8
249189995	"WAPIENICA"	19520611	18.1
249189995	"WAPIENICA"	19520614	2.2
249189995	"WAPIENICA"	19520616	21.5
249189995	"WAPIENICA"	19520618	4
249189995	"WAPIENICA"	19520619	4.2
249189995	"WAPIENICA"	19520620	24
249189995	"WAPIENICA"	19520623	13.5
249189995	"WAPIENICA"	19520624	8.5
249189995	"WAPIENICA"	19520625	7.8
249189995	"WAPIENICA"	19520626	10.6
249189995	"WAPIENICA"	19520627	8.3
249189995	"WAPIENICA"	19520712	2
249189995	"WAPIENICA"	19520714	6.5
249189995	"WAPIENICA"	19520716	1.6
249189995	"WAPIENICA"	19520718	8.3
249189995	"WAPIENICA"	19520719	0.2
249189995	"WAPIENICA"	19520720	0.6
249189995	"WAPIENICA"	19520725	19.4
249189995	"WAPIENICA"	19520726	1.1
249189995	"WAPIENICA"	19520729	4.7
249189995	"WAPIENICA"	19520803	1.5
249189995	"WAPIENICA"	19520804	0.2
249189995	"WAPIENICA"	19520807	0.4
249189995	"WAPIENICA"	19520808	5.8
249189995	"WAPIENICA"	19520816	16.7
249189995	"WAPIENICA"	19520817	4
249189995	"WAPIENICA"	19520818	3.6
249189995	"WAPIENICA"	19520819	0.9
249189995	"WAPIENICA"	19520820	30.4
249189995	"WAPIENICA"	19520821	0.3
249189995	"WAPIENICA"	19520822	21.8
249189995	"WAPIENICA"	19520825	4
249189995	"WAPIENICA"	19520831	15.1
249189995	"WAPIENICA"	19520901	3.3
249189995	"WAPIENICA"	19520902	3.2
249189995	"WAPIENICA"	19520903	1
249189995	"WAPIENICA"	19520904	12
249189995	"WAPIENICA"	19520906	22.1
249189995	"WAPIENICA"	19520907	24.3
249189995	"WAPIENICA"	19520908	14.9
249189995	"WAPIENICA"	19520909	29.6
249189995	"WAPIENICA"	19520910	2.1
249189995	"WAPIENICA"	19520911	1.9
249189995	"WAPIENICA"	19520912	5.9
249189995	"WAPIENICA"	19520913	5
249189995	"WAPIENICA"	19520917	0.4
249189995	"WAPIENICA"	19520918	2.8
249189995	"WAPIENICA"	19520919	29.2
249189995	"WAPIENICA"	19520920	5.2
249189995	"WAPIENICA"	19520922	5.6
249189995	"WAPIENICA"	19520923	13.2
249189995	"WAPIENICA"	19520924	3
249189995	"WAPIENICA"	19520926	0.3
249189995	"WAPIENICA"	19520927	4
249189995	"WAPIENICA"	19520928	14.7
249189995	"WAPIENICA"	19520929	6.3
249189995	"WAPIENICA"	19520930	0.1
249189995	"WAPIENICA"	19521002	11.1
249189995	"WAPIENICA"	19521003	1
249189995	"WAPIENICA"	19521004	5.3
249189995	"WAPIENICA"	19521005	23.5
249189995	"WAPIENICA"	19521007	3.5
249189995	"WAPIENICA"	19521008	3.4
249189995	"WAPIENICA"	19521010	1.6
249189995	"WAPIENICA"	19521011	2.7
249189995	"WAPIENICA"	19521012	13.1
249189995	"WAPIENICA"	19521013	3.3
249189995	"WAPIENICA"	19521015	1
249189995	"WAPIENICA"	19521016	4.1
249189995	"WAPIENICA"	19521017	1.4
249189995	"WAPIENICA"	19521018	0.4
249189995	"WAPIENICA"	19521019	1
249189995	"WAPIENICA"	19521020	4.8
249189995	"WAPIENICA"	19521021	3.2
249189995	"WAPIENICA"	19521023	17.6
249189995	"WAPIENICA"	19521025	4.7
249189995	"WAPIENICA"	19521026	11.5
249189995	"WAPIENICA"	19521027	10.5
249189995	"WAPIENICA"	19521029	0.3
249189995	"WAPIENICA"	19521030	0.9
249189995	"WAPIENICA"	19521031	35
249189995	"WAPIENICA"	19521101	25.3
249189995	"WAPIENICA"	19521103	11
249189995	"WAPIENICA"	19521104	0.5
249189995	"WAPIENICA"	19521106	3.6
249189995	"WAPIENICA"	19521107	10.3
249189995	"WAPIENICA"	19521108	63
249189995	"WAPIENICA"	19521109	9.4
249189995	"WAPIENICA"	19521110	0
249189995	"WAPIENICA"	19521111	1.2
249189995	"WAPIENICA"	19521113	6.1
249189995	"WAPIENICA"	19521114	0.2
249189995	"WAPIENICA"	19521115	4.1
249189995	"WAPIENICA"	19521120	0.1
249189995	"WAPIENICA"	19521121	4.3
249189995	"WAPIENICA"	19521122	6
249189995	"WAPIENICA"	19521123	2.6
249189995	"WAPIENICA"	19521124	0.5
249189995	"WAPIENICA"	19521127	1.6
249189995	"WAPIENICA"	19521128	11.8
249189995	"WAPIENICA"	19521130	3.7
249189995	"WAPIENICA"	19521201	2
249189995	"WAPIENICA"	19521204	0.8
249189995	"WAPIENICA"	19521213	0.8
249189995	"WAPIENICA"	19521214	0.5
249189995	"WAPIENICA"	19521215	8.2
249189995	"WAPIENICA"	19521216	3.2
249189995	"WAPIENICA"	19521217	0.1
249189995	"WAPIENICA"	19521221	0.6
249189995	"WAPIENICA"	19521222	2.6
249189995	"WAPIENICA"	19521223	0.2
249189995	"WAPIENICA"	19521225	3.9
249189995	"WAPIENICA"	19521227	2.6
249189995	"WAPIENICA"	19521228	0.6
249189995	"WAPIENICA"	19521229	1
249189995	"WAPIENICA"	19521230	3.7
249189995	"WAPIENICA"	19521231	1.3
249189995	"WAPIENICA"	19530102	15
249189995	"WAPIENICA"	19530103	3.7
249189995	"WAPIENICA"	19530107	4.5
249189995	"WAPIENICA"	19530108	11.5
249189995	"WAPIENICA"	19530109	4.7
249189995	"WAPIENICA"	19530110	3.9
249189995	"WAPIENICA"	19530111	8
249189995	"WAPIENICA"	19530112	2.7
249189995	"WAPIENICA"	19530116	0.5
249189995	"WAPIENICA"	19530118	2.7
249189995	"WAPIENICA"	19530119	7.2
249189995	"WAPIENICA"	19530121	3
249189995	"WAPIENICA"	19530122	14.6
249189995	"WAPIENICA"	19530123	3.5
249189995	"WAPIENICA"	19530124	0.4
249189995	"WAPIENICA"	19530125	0.2
249189995	"WAPIENICA"	19530126	0.4
249189995	"WAPIENICA"	19530127	8.5
249189995	"WAPIENICA"	19530128	4.3
249189995	"WAPIENICA"	19530129	10
249189995	"WAPIENICA"	19530131	0.6
249189995	"WAPIENICA"	19530202	11
249189995	"WAPIENICA"	19530203	1.5
249189995	"WAPIENICA"	19530204	0.2
249189995	"WAPIENICA"	19530205	0.5
249189995	"WAPIENICA"	19530206	2.2
249189995	"WAPIENICA"	19530207	1.5
249189995	"WAPIENICA"	19530208	5.1
249189995	"WAPIENICA"	19530213	0.5
249189995	"WAPIENICA"	19530215	0.3
249189995	"WAPIENICA"	19530216	1.8
249189995	"WAPIENICA"	19530217	1.3
249189995	"WAPIENICA"	19530218	1.2
249189995	"WAPIENICA"	19530219	1.2
249189995	"WAPIENICA"	19530220	3.3
249189995	"WAPIENICA"	19530222	1.4
249189995	"WAPIENICA"	19530223	0.4
249189995	"WAPIENICA"	19530224	0.1
249189995	"WAPIENICA"	19530228	18.7
249189995	"WAPIENICA"	19530303	0.2
249189995	"WAPIENICA"	19530304	14.2
249189995	"WAPIENICA"	19530307	13.7
249189995	"WAPIENICA"	19530308	2.2
249189995	"WAPIENICA"	19530309	3.1
249189995	"WAPIENICA"	19530310	5.3
249189995	"WAPIENICA"	19530311	12.2
249189995	"WAPIENICA"	19530312	5.9
249189995	"WAPIENICA"	19530313	0.5
249189995	"WAPIENICA"	19530327	5.3
249189995	"WAPIENICA"	19530331	0
249189995	"WAPIENICA"	19530405	5
249189995	"WAPIENICA"	19530406	3.1
249189995	"WAPIENICA"	19530407	2.4
249189995	"WAPIENICA"	19530410	0
249189995	"WAPIENICA"	19530417	5.5
249189995	"WAPIENICA"	19530418	1.4
249189995	"WAPIENICA"	19530428	9.9
249189995	"WAPIENICA"	19530429	37.7
249189995	"WAPIENICA"	19530430	25.6
249189995	"WAPIENICA"	19530501	4.5
249189995	"WAPIENICA"	19530503	0.6
249189995	"WAPIENICA"	19530504	7
249189995	"WAPIENICA"	19530505	10
249189995	"WAPIENICA"	19530506	16.8
249189995	"WAPIENICA"	19530507	13.7
249189995	"WAPIENICA"	19530509	7.5
249189995	"WAPIENICA"	19530510	37.7
249189995	"WAPIENICA"	19530511	10
249189995	"WAPIENICA"	19530512	7
249189995	"WAPIENICA"	19530513	1.3
249189995	"WAPIENICA"	19530514	0.1
249189995	"WAPIENICA"	19530520	2.3
249189995	"WAPIENICA"	19530522	14.3
249189995	"WAPIENICA"	19530524	1
249189995	"WAPIENICA"	19530526	2
249189995	"WAPIENICA"	19530527	11.8
249189995	"WAPIENICA"	19530528	3.8
249189995	"WAPIENICA"	19530530	1.5
249189995	"WAPIENICA"	19530531	13.8
249189995	"WAPIENICA"	19530601	4.2
249189995	"WAPIENICA"	19530603	5.3
249189995	"WAPIENICA"	19530604	1.2
249189995	"WAPIENICA"	19530608	3.2
249189995	"WAPIENICA"	19530609	8
249189995	"WAPIENICA"	19530610	3.2
249189995	"WAPIENICA"	19530611	1.5
249189995	"WAPIENICA"	19530612	21.5
249189995	"WAPIENICA"	19530616	2.7
249189995	"WAPIENICA"	19530617	3.8
249189995	"WAPIENICA"	19530618	2.5
249189995	"WAPIENICA"	19530619	1.7
249189995	"WAPIENICA"	19530624	7
249189995	"WAPIENICA"	19530625	7.9
249189995	"WAPIENICA"	19530626	9.7
249189995	"WAPIENICA"	19530627	9
249189995	"WAPIENICA"	19530628	2.4
249189995	"WAPIENICA"	19530702	6
249189995	"WAPIENICA"	19530704	7.6
249189995	"WAPIENICA"	19530705	28.4
249189995	"WAPIENICA"	19530708	3.9
249189995	"WAPIENICA"	19530709	0.5
249189995	"WAPIENICA"	19530710	13.3
249189995	"WAPIENICA"	19530711	1.3
249189995	"WAPIENICA"	19530713	9
249189995	"WAPIENICA"	19530714	6.5
249189995	"WAPIENICA"	19530715	1.4
249189995	"WAPIENICA"	19530716	0.6
249189995	"WAPIENICA"	19530718	5.2
249189995	"WAPIENICA"	19530719	41.5
249189995	"WAPIENICA"	19530720	0.7
249189995	"WAPIENICA"	19530723	2.2
249189995	"WAPIENICA"	19530727	34.7
249189995	"WAPIENICA"	19530728	2.3
249189995	"WAPIENICA"	19530729	0.6
249189995	"WAPIENICA"	19530730	11
249189995	"WAPIENICA"	19530731	0.8
249189995	"WAPIENICA"	19530801	6.1
249189995	"WAPIENICA"	19530802	0.2
249189995	"WAPIENICA"	19530803	5.8
249189995	"WAPIENICA"	19530805	13.9
249189995	"WAPIENICA"	19530806	5.8
249189995	"WAPIENICA"	19530807	29
249189995	"WAPIENICA"	19530808	4.8
249189995	"WAPIENICA"	19530821	5.2
249189995	"WAPIENICA"	19530822	22.2
249189995	"WAPIENICA"	19530823	5.3
249189995	"WAPIENICA"	19530825	0.5
249189995	"WAPIENICA"	19530827	1.4
249189995	"WAPIENICA"	19530903	1.8
249189995	"WAPIENICA"	19530910	6.1
249189995	"WAPIENICA"	19530912	15.8
249189995	"WAPIENICA"	19530913	29.2
249189995	"WAPIENICA"	19530914	8
249189995	"WAPIENICA"	19530920	3.8
249189995	"WAPIENICA"	19530921	0.3
249189995	"WAPIENICA"	19530922	0.5
249189995	"WAPIENICA"	19530925	0.5
249189995	"WAPIENICA"	19530929	23.5
249189995	"WAPIENICA"	19530930	11.4
249189995	"WAPIENICA"	19531004	16
249189995	"WAPIENICA"	19531005	3.6
249189995	"WAPIENICA"	19531006	3.6
249189995	"WAPIENICA"	19531007	5.6
249189995	"WAPIENICA"	19531018	0.5
249189995	"WAPIENICA"	19531020	0.5
249189995	"WAPIENICA"	19531029	0.3
249189995	"WAPIENICA"	19531030	4.1
249189995	"WAPIENICA"	19531104	0.6
249189995	"WAPIENICA"	19531106	12.4
249189995	"WAPIENICA"	19531107	5.1
249189995	"WAPIENICA"	19531113	0.5
249189995	"WAPIENICA"	19531114	5.6
249189995	"WAPIENICA"	19531115	2.6
249189995	"WAPIENICA"	19531119	0.2
249189995	"WAPIENICA"	19531120	10.3
249189995	"WAPIENICA"	19531121	3.5
249189995	"WAPIENICA"	19531122	11.3
249189995	"WAPIENICA"	19531129	2.3
249189995	"WAPIENICA"	19531210	0.1
249189995	"WAPIENICA"	19531222	3.4
249189995	"WAPIENICA"	19531223	2.7
249189995	"WAPIENICA"	19531227	3.8
249189995	"WAPIENICA"	19531228	3.3
249189995	"WAPIENICA"	19531229	6.7
249189995	"WAPIENICA"	19531230	2.8
249189995	"WAPIENICA"	19531231	6.6
249189995	"WAPIENICA"	19540101	0.5
249189995	"WAPIENICA"	19540102	1.1
249189995	"WAPIENICA"	19540103	0.2
249189995	"WAPIENICA"	19540106	0.2
249189995	"WAPIENICA"	19540108	2.9
249189995	"WAPIENICA"	19540109	2.8
249189995	"WAPIENICA"	19540110	3.9
249189995	"WAPIENICA"	19540111	2.7
249189995	"WAPIENICA"	19540112	1
249189995	"WAPIENICA"	19540114	2.3
249189995	"WAPIENICA"	19540117	4
249189995	"WAPIENICA"	19540118	0.5
249189995	"WAPIENICA"	19540119	1.3
249189995	"WAPIENICA"	19540120	13
249189995	"WAPIENICA"	19540121	2.9
249189995	"WAPIENICA"	19540122	4.8
249189995	"WAPIENICA"	19540123	3.2
249189995	"WAPIENICA"	19540124	3.3
249189995	"WAPIENICA"	19540125	1.7
249189995	"WAPIENICA"	19540129	1.4
249189995	"WAPIENICA"	19540130	0.3
249189995	"WAPIENICA"	19540131	0.8
249189995	"WAPIENICA"	19540202	0.4
249189995	"WAPIENICA"	19540203	0.2
249189995	"WAPIENICA"	19540211	1.3
249189995	"WAPIENICA"	19540212	0.7
249189995	"WAPIENICA"	19540213	0.2
249189995	"WAPIENICA"	19540215	0.1
249189995	"WAPIENICA"	19540216	9.7
249189995	"WAPIENICA"	19540217	1.3
249189995	"WAPIENICA"	19540227	0.5
249189995	"WAPIENICA"	19540301	0.2
249189995	"WAPIENICA"	19540302	0.2
249189995	"WAPIENICA"	19540303	0.2
249189995	"WAPIENICA"	19540305	2.1
249189995	"WAPIENICA"	19540306	5.9
249189995	"WAPIENICA"	19540312	0.4
249189995	"WAPIENICA"	19540324	3.6
249189995	"WAPIENICA"	19540325	4.5
249189995	"WAPIENICA"	19540326	5.5
249189995	"WAPIENICA"	19540327	10.1
249189995	"WAPIENICA"	19540328	7
249189995	"WAPIENICA"	19540401	3.6
249189995	"WAPIENICA"	19540402	5.4
249189995	"WAPIENICA"	19540403	3.4
249189995	"WAPIENICA"	19540404	1.7
249189995	"WAPIENICA"	19540405	0.2
249189995	"WAPIENICA"	19540406	1.7
249189995	"WAPIENICA"	19540407	2.1
249189995	"WAPIENICA"	19540408	2.1
249189995	"WAPIENICA"	19540409	0.3
249189995	"WAPIENICA"	19540410	0
249189995	"WAPIENICA"	19540411	1.3
249189995	"WAPIENICA"	19540412	3.3
249189995	"WAPIENICA"	19540413	3.5
249189995	"WAPIENICA"	19540414	15.6
249189995	"WAPIENICA"	19540415	24.7
249189995	"WAPIENICA"	19540416	4.1
249189995	"WAPIENICA"	19540417	0.4
249189995	"WAPIENICA"	19540418	42.7
249189995	"WAPIENICA"	19540419	15.5
249189995	"WAPIENICA"	19540420	5.2
249189995	"WAPIENICA"	19540421	2.1
249189995	"WAPIENICA"	19540422	0.3
249189995	"WAPIENICA"	19540423	0
249189995	"WAPIENICA"	19540424	0.2
249189995	"WAPIENICA"	19540425	0.1
249189995	"WAPIENICA"	19540426	0
249189995	"WAPIENICA"	19540503	0
249189995	"WAPIENICA"	19540504	4.9
249189995	"WAPIENICA"	19540505	4.5
249189995	"WAPIENICA"	19540506	1.5
249189995	"WAPIENICA"	19540507	4.2
249189995	"WAPIENICA"	19540508	0.4
249189995	"WAPIENICA"	19540509	0
249189995	"WAPIENICA"	19540510	1.5
249189995	"WAPIENICA"	19540511	0.6
249189995	"WAPIENICA"	19540513	0.4
249189995	"WAPIENICA"	19540516	0
249189995	"WAPIENICA"	19540517	3
249189995	"WAPIENICA"	19540518	34.5
249189995	"WAPIENICA"	19540519	24
249189995	"WAPIENICA"	19540524	7.1
249189995	"WAPIENICA"	19540526	0
249189995	"WAPIENICA"	19540529	4
249189995	"WAPIENICA"	19540530	3.4
249189995	"WAPIENICA"	19540531	1.6
249189995	"WAPIENICA"	19540601	8.3
249189995	"WAPIENICA"	19540602	0.5
249189995	"WAPIENICA"	19540606	0
249189995	"WAPIENICA"	19540607	9.6
249189995	"WAPIENICA"	19540608	3.2
249189995	"WAPIENICA"	19540610	12.2
249189995	"WAPIENICA"	19540611	4.6
249189995	"WAPIENICA"	19540612	0
249189995	"WAPIENICA"	19540614	3.6
249189995	"WAPIENICA"	19540615	1.5
249189995	"WAPIENICA"	19540617	13.8
249189995	"WAPIENICA"	19540619	10.9
249189995	"WAPIENICA"	19540620	8.1
249189995	"WAPIENICA"	19540621	0
249189995	"WAPIENICA"	19540622	10.1
249189995	"WAPIENICA"	19540623	0.2
249189995	"WAPIENICA"	19540627	15.1
249189995	"WAPIENICA"	19540628	17.2
249189995	"WAPIENICA"	19540701	13.6
249189995	"WAPIENICA"	19540702	31.5
249189995	"WAPIENICA"	19540703	9.3
249189995	"WAPIENICA"	19540705	1.3
249189995	"WAPIENICA"	19540706	1
249189995	"WAPIENICA"	19540707	1.7
249189995	"WAPIENICA"	19540708	13.7
249189995	"WAPIENICA"	19540709	2.2
249189995	"WAPIENICA"	19540712	0.3
249189995	"WAPIENICA"	19540713	6.4
249189995	"WAPIENICA"	19540714	2.8
249189995	"WAPIENICA"	19540715	5.8
249189995	"WAPIENICA"	19540716	0.5
249189995	"WAPIENICA"	19540718	9.5
249189995	"WAPIENICA"	19540719	4.8
249189995	"WAPIENICA"	19540720	26.9
249189995	"WAPIENICA"	19540722	7.8
249189995	"WAPIENICA"	19540723	1.1
249189995	"WAPIENICA"	19540726	2
249189995	"WAPIENICA"	19540727	4
249189995	"WAPIENICA"	19540728	10.7
249189995	"WAPIENICA"	19540729	1.3
249189995	"WAPIENICA"	19540731	0
249189995	"WAPIENICA"	19540805	2.5
249189995	"WAPIENICA"	19540807	5.4
249189995	"WAPIENICA"	19540810	15.3
249189995	"WAPIENICA"	19540811	2.4
249189995	"WAPIENICA"	19540812	0.3
249189995	"WAPIENICA"	19540815	9.2
249189995	"WAPIENICA"	19540816	7.5
249189995	"WAPIENICA"	19540817	1.1
249189995	"WAPIENICA"	19540818	0.8
249189995	"WAPIENICA"	19540822	4.6
249189995	"WAPIENICA"	19540824	5
249189995	"WAPIENICA"	19540828	1.7
249189995	"WAPIENICA"	19540829	0.1
249189995	"WAPIENICA"	19540906	2
249189995	"WAPIENICA"	19540912	4.2
249189995	"WAPIENICA"	19540915	0.6
249189995	"WAPIENICA"	19540916	0.3
249189995	"WAPIENICA"	19540917	0.3
249189995	"WAPIENICA"	19540918	0.1
249189995	"WAPIENICA"	19540919	1.5
249189995	"WAPIENICA"	19540921	0.5
249189995	"WAPIENICA"	19540922	0
249189995	"WAPIENICA"	19540923	0.3
249189995	"WAPIENICA"	19540926	0.2
249189995	"WAPIENICA"	19540927	16.7
249189995	"WAPIENICA"	19540928	1.5
249189995	"WAPIENICA"	19540929	9.6
249189995	"WAPIENICA"	19540930	15.4
249189995	"WAPIENICA"	19541001	5.3
249189995	"WAPIENICA"	19541002	2
249189995	"WAPIENICA"	19541005	16.8
249189995	"WAPIENICA"	19541006	2.9
249189995	"WAPIENICA"	19541011	0.4
249189995	"WAPIENICA"	19541017	0.1
249189995	"WAPIENICA"	19541019	4
249189995	"WAPIENICA"	19541020	5.8
249189995	"WAPIENICA"	19541021	0
249189995	"WAPIENICA"	19541025	24
249189995	"WAPIENICA"	19541026	0.3
249189995	"WAPIENICA"	19541028	0.8
249189995	"WAPIENICA"	19541101	0.1
249189995	"WAPIENICA"	19541103	6.8
249189995	"WAPIENICA"	19541104	2.6
249189995	"WAPIENICA"	19541109	3
249189995	"WAPIENICA"	19541110	11.7
249189995	"WAPIENICA"	19541111	4.4
249189995	"WAPIENICA"	19541113	1.7
249189995	"WAPIENICA"	19541114	0.2
249189995	"WAPIENICA"	19541115	6.7
249189995	"WAPIENICA"	19541116	16.2
249189995	"WAPIENICA"	19541117	2.2
249189995	"WAPIENICA"	19541118	2.9
249189995	"WAPIENICA"	19541119	2.1
249189995	"WAPIENICA"	19541120	0.5
249189995	"WAPIENICA"	19541121	0.2
249189995	"WAPIENICA"	19541126	0.3
249189995	"WAPIENICA"	19541130	0.5
249189995	"WAPIENICA"	19541201	2
249189995	"WAPIENICA"	19541203	1.6
249189995	"WAPIENICA"	19541204	1.7
249189995	"WAPIENICA"	19541205	11.8
249189995	"WAPIENICA"	19541206	1.3
249189995	"WAPIENICA"	19541207	1
249189995	"WAPIENICA"	19541208	5
249189995	"WAPIENICA"	19541212	0.7
249189995	"WAPIENICA"	19541213	12.1
249189995	"WAPIENICA"	19541214	2.5
249189995	"WAPIENICA"	19541215	9.7
249189995	"WAPIENICA"	19541216	0.5
249189995	"WAPIENICA"	19541218	1.2
249189995	"WAPIENICA"	19541220	0.2
249189995	"WAPIENICA"	19541221	1
249189995	"WAPIENICA"	19541222	0.6
249189995	"WAPIENICA"	19541223	6.8
249189995	"WAPIENICA"	19541224	8.9
249189995	"WAPIENICA"	19541225	3.8
249189995	"WAPIENICA"	19541226	3.7
249189995	"WAPIENICA"	19541227	27
249189995	"WAPIENICA"	19541228	36.6
249189995	"WAPIENICA"	19541229	13.4
249189995	"WAPIENICA"	19541230	6.2
249189995	"WAPIENICA"	19541231	6.3
249189995	"WAPIENICA"	19550101	2.2
249189995	"WAPIENICA"	19550102	2
249189995	"WAPIENICA"	19550103	0.2
249189995	"WAPIENICA"	19550108	1.7
249189995	"WAPIENICA"	19550109	1.7
249189995	"WAPIENICA"	19550111	11
249189995	"WAPIENICA"	19550112	4.5
249189995	"WAPIENICA"	19550113	0.1
249189995	"WAPIENICA"	19550114	17.5
249189995	"WAPIENICA"	19550116	3.1
249189995	"WAPIENICA"	19550117	0.8
249189995	"WAPIENICA"	19550118	1.4
249189995	"WAPIENICA"	19550119	0
249189995	"WAPIENICA"	19550203	1
249189995	"WAPIENICA"	19550204	0.1
249189995	"WAPIENICA"	19550206	1.6
249189995	"WAPIENICA"	19550207	1.6
249189995	"WAPIENICA"	19550208	1.9
249189995	"WAPIENICA"	19550209	9.2
249189995	"WAPIENICA"	19550210	7.2
249189995	"WAPIENICA"	19550211	3.3
249189995	"WAPIENICA"	19550212	0.1
249189995	"WAPIENICA"	19550213	1.9
249189995	"WAPIENICA"	19550214	1.5
249189995	"WAPIENICA"	19550215	4
249189995	"WAPIENICA"	19550216	0.1
249189995	"WAPIENICA"	19550217	1.6
249189995	"WAPIENICA"	19550218	13.2
249189995	"WAPIENICA"	19550219	0.5
249189995	"WAPIENICA"	19550220	0.1
249189995	"WAPIENICA"	19550221	1
249189995	"WAPIENICA"	19550222	0.5
249189995	"WAPIENICA"	19550224	6.3
249189995	"WAPIENICA"	19550307	8.4
249189995	"WAPIENICA"	19550308	8.4
249189995	"WAPIENICA"	19550309	3.3
249189995	"WAPIENICA"	19550310	6.3
249189995	"WAPIENICA"	19550311	0.9
249189995	"WAPIENICA"	19550314	2.5
249189995	"WAPIENICA"	19550315	0
249189995	"WAPIENICA"	19550316	9.2
249189995	"WAPIENICA"	19550317	7.8
249189995	"WAPIENICA"	19550318	5.2
249189995	"WAPIENICA"	19550319	2.9
249189995	"WAPIENICA"	19550320	0.3
249189995	"WAPIENICA"	19550324	3
249189995	"WAPIENICA"	19550326	0.3
249189995	"WAPIENICA"	19550327	6.1
249189995	"WAPIENICA"	19550328	0.7
249189995	"WAPIENICA"	19550329	0.3
249189995	"WAPIENICA"	19550330	1.6
249189995	"WAPIENICA"	19550401	0.9
249189995	"WAPIENICA"	19550402	0.1
249189995	"WAPIENICA"	19550404	4.6
249189995	"WAPIENICA"	19550405	5.5
249189995	"WAPIENICA"	19550407	6.5
249189995	"WAPIENICA"	19550408	18
249189995	"WAPIENICA"	19550409	2
249189995	"WAPIENICA"	19550410	2.5
249189995	"WAPIENICA"	19550411	22.1
249189995	"WAPIENICA"	19550412	17.3
249189995	"WAPIENICA"	19550413	8.9
249189995	"WAPIENICA"	19550414	8.5
249189995	"WAPIENICA"	19550415	2.2
249189995	"WAPIENICA"	19550416	46.9
249189995	"WAPIENICA"	19550417	0.7
249189995	"WAPIENICA"	19550418	14.5
249189995	"WAPIENICA"	19550419	2.6
249189995	"WAPIENICA"	19550420	7.2
249189995	"WAPIENICA"	19550421	1.2
249189995	"WAPIENICA"	19550422	2.1
249189995	"WAPIENICA"	19550424	9.9
249189995	"WAPIENICA"	19550425	4.3
249189995	"WAPIENICA"	19550426	0
249189995	"WAPIENICA"	19550501	0.3
249189995	"WAPIENICA"	19550502	3.7
249189995	"WAPIENICA"	19550503	4.1
249189995	"WAPIENICA"	19550505	4
249189995	"WAPIENICA"	19550506	0.5
249189995	"WAPIENICA"	19550507	0.7
249189995	"WAPIENICA"	19550508	0
249189995	"WAPIENICA"	19550510	15
249189995	"WAPIENICA"	19550511	8.9
249189995	"WAPIENICA"	19550515	33
249189995	"WAPIENICA"	19550516	1
249189995	"WAPIENICA"	19550518	24.4
249189995	"WAPIENICA"	19550519	4.1
249189995	"WAPIENICA"	19550520	0.6
249189995	"WAPIENICA"	19550521	2
249189995	"WAPIENICA"	19550522	0.8
249189995	"WAPIENICA"	19550523	0.2
249189995	"WAPIENICA"	19550524	1.1
249189995	"WAPIENICA"	19550525	1.3
249189995	"WAPIENICA"	19550526	0.3
249189995	"WAPIENICA"	19550527	14
249189995	"WAPIENICA"	19550529	0.1
249189995	"WAPIENICA"	19550530	0.5
249189995	"WAPIENICA"	19550601	13.5
249189995	"WAPIENICA"	19550602	26.7
249189995	"WAPIENICA"	19550603	18.8
249189995	"WAPIENICA"	19550606	0
249189995	"WAPIENICA"	19550610	9
249189995	"WAPIENICA"	19550611	3
249189995	"WAPIENICA"	19550613	5
249189995	"WAPIENICA"	19550614	1.8
249189995	"WAPIENICA"	19550616	0.2
249189995	"WAPIENICA"	19550620	17.8
249189995	"WAPIENICA"	19550621	59.9
249189995	"WAPIENICA"	19550622	0.8
249189995	"WAPIENICA"	19550623	3.3
249189995	"WAPIENICA"	19550625	0
249189995	"WAPIENICA"	19550626	2.3
249189995	"WAPIENICA"	19550627	1.9
249189995	"WAPIENICA"	19550628	3.1
249189995	"WAPIENICA"	19550630	7.9
249189995	"WAPIENICA"	19550701	2
249189995	"WAPIENICA"	19550702	0.7
249189995	"WAPIENICA"	19550703	9.2
249189995	"WAPIENICA"	19550704	0.9
249189995	"WAPIENICA"	19550706	5
249189995	"WAPIENICA"	19550707	52.7
249189995	"WAPIENICA"	19550708	1.7
249189995	"WAPIENICA"	19550709	13
249189995	"WAPIENICA"	19550710	4.6
249189995	"WAPIENICA"	19550711	0.1
249189995	"WAPIENICA"	19550712	0.2
249189995	"WAPIENICA"	19550713	0.1
249189995	"WAPIENICA"	19550716	1.3
249189995	"WAPIENICA"	19550717	0.6
249189995	"WAPIENICA"	19550719	30.6
249189995	"WAPIENICA"	19550720	2.4
249189995	"WAPIENICA"	19550724	14
249189995	"WAPIENICA"	19550725	1.8
249189995	"WAPIENICA"	19550727	0.8
249189995	"WAPIENICA"	19550728	6.5
249189995	"WAPIENICA"	19550729	2.8
249189995	"WAPIENICA"	19550730	11.9
249189995	"WAPIENICA"	19550731	38
249189995	"WAPIENICA"	19550801	21.4
249189995	"WAPIENICA"	19550802	16
249189995	"WAPIENICA"	19550803	3.6
249189995	"WAPIENICA"	19550804	0.2
249189995	"WAPIENICA"	19550805	25.6
249189995	"WAPIENICA"	19550806	0.2
249189995	"WAPIENICA"	19550808	8.6
249189995	"WAPIENICA"	19550809	4.7
249189995	"WAPIENICA"	19550810	1.6
249189995	"WAPIENICA"	19550811	11.9
249189995	"WAPIENICA"	19550812	0.9
249189995	"WAPIENICA"	19550814	10.4
249189995	"WAPIENICA"	19550815	3.9
249189995	"WAPIENICA"	19550816	27.7
249189995	"WAPIENICA"	19550823	10.3
249189995	"WAPIENICA"	19550824	12.8
249189995	"WAPIENICA"	19550825	0
249189995	"WAPIENICA"	19550827	7.7
249189995	"WAPIENICA"	19550828	14.4
249189995	"WAPIENICA"	19550829	5.8
249189995	"WAPIENICA"	19550830	0
249189995	"WAPIENICA"	19550831	18.8
249189995	"WAPIENICA"	19550901	5.9
249189995	"WAPIENICA"	19550907	0.5
249189995	"WAPIENICA"	19550914	17.6
249189995	"WAPIENICA"	19550915	14.9
249189995	"WAPIENICA"	19550916	0.2
249189995	"WAPIENICA"	19550924	1.4
249189995	"WAPIENICA"	19550926	1
249189995	"WAPIENICA"	19550927	17.4
249189995	"WAPIENICA"	19550928	2.6
249189995	"WAPIENICA"	19550930	0.2
249189995	"WAPIENICA"	19551001	1.5
249189995	"WAPIENICA"	19551004	0.1
249189995	"WAPIENICA"	19551007	8.3
249189995	"WAPIENICA"	19551008	0.2
249189995	"WAPIENICA"	19551009	1.5
249189995	"WAPIENICA"	19551013	1.6
249189995	"WAPIENICA"	19551014	0.3
249189995	"WAPIENICA"	19551015	3.5
249189995	"WAPIENICA"	19551016	0.2
249189995	"WAPIENICA"	19551017	8.4
249189995	"WAPIENICA"	19551018	5.9
249189995	"WAPIENICA"	19551024	21.8
249189995	"WAPIENICA"	19551025	7.1
249189995	"WAPIENICA"	19551026	0.2
249189995	"WAPIENICA"	19551027	0.5
249189995	"WAPIENICA"	19551028	12.1
249189995	"WAPIENICA"	19551029	0.9
249189995	"WAPIENICA"	19551031	0.1
249189995	"WAPIENICA"	19551102	1.6
249189995	"WAPIENICA"	19551105	0.1
249189995	"WAPIENICA"	19551106	0.1
249189995	"WAPIENICA"	19551111	0
249189995	"WAPIENICA"	19551112	0.3
249189995	"WAPIENICA"	19551113	3.4
249189995	"WAPIENICA"	19551114	1.4
249189995	"WAPIENICA"	19551115	1.4
249189995	"WAPIENICA"	19551116	5
249189995	"WAPIENICA"	19551117	7
249189995	"WAPIENICA"	19551118	0.2
249189995	"WAPIENICA"	19551120	0.6
249189995	"WAPIENICA"	19551121	4.7
249189995	"WAPIENICA"	19551122	3.7
249189995	"WAPIENICA"	19551123	14
249189995	"WAPIENICA"	19551124	6.7
249189995	"WAPIENICA"	19551125	6.3
249189995	"WAPIENICA"	19551126	0.3
249189995	"WAPIENICA"	19551127	3.2
249189995	"WAPIENICA"	19551128	5.4
249189995	"WAPIENICA"	19551129	0.1
249189995	"WAPIENICA"	19551203	3.2
249189995	"WAPIENICA"	19551204	2.4
249189995	"WAPIENICA"	19551205	3.5
249189995	"WAPIENICA"	19551206	5.2
249189995	"WAPIENICA"	19551207	1
249189995	"WAPIENICA"	19551208	9.7
249189995	"WAPIENICA"	19551209	0.8
249189995	"WAPIENICA"	19551210	7.3
249189995	"WAPIENICA"	19551211	3.9
249189995	"WAPIENICA"	19551212	0.1
249189995	"WAPIENICA"	19551215	0.2
249189995	"WAPIENICA"	19551216	16.1
249189995	"WAPIENICA"	19551217	1
249189995	"WAPIENICA"	19551218	8.4
249189995	"WAPIENICA"	19551220	0.4
249189995	"WAPIENICA"	19551221	0.7
249189995	"WAPIENICA"	19551222	5.6
249189995	"WAPIENICA"	19551223	0.1
249189995	"WAPIENICA"	19551225	3.6
249189995	"WAPIENICA"	19551226	0.2
249189995	"WAPIENICA"	19551227	4.3
249189995	"WAPIENICA"	19551228	1.9
249189995	"WAPIENICA"	19551229	3.9
249189995	"WAPIENICA"	19551230	0.1
249189995	"WAPIENICA"	19551231	0.8
249189995	"WAPIENICA"	19560101	1.1
249189995	"WAPIENICA"	19560102	8
249189995	"WAPIENICA"	19560104	2.5
249189995	"WAPIENICA"	19560105	2.8
249189995	"WAPIENICA"	19560115	1
249189995	"WAPIENICA"	19560116	0
249189995	"WAPIENICA"	19560118	0.4
249189995	"WAPIENICA"	19560119	0.1
249189995	"WAPIENICA"	19560120	0.1
249189995	"WAPIENICA"	19560122	0.1
249189995	"WAPIENICA"	19560124	0.8
249189995	"WAPIENICA"	19560125	5.3
249189995	"WAPIENICA"	19560126	0.3
249189995	"WAPIENICA"	19560127	1
249189995	"WAPIENICA"	19560128	3.7
249189995	"WAPIENICA"	19560129	6.3
249189995	"WAPIENICA"	19560130	2.3
249189995	"WAPIENICA"	19560131	0.4
249189995	"WAPIENICA"	19560202	0.6
249189995	"WAPIENICA"	19560203	0.8
249189995	"WAPIENICA"	19560204	0.2
249189995	"WAPIENICA"	19560205	3.2
249189995	"WAPIENICA"	19560206	3
249189995	"WAPIENICA"	19560207	4.2
249189995	"WAPIENICA"	19560208	4.5
249189995	"WAPIENICA"	19560209	0.7
249189995	"WAPIENICA"	19560211	4.1
249189995	"WAPIENICA"	19560212	0.7
249189995	"WAPIENICA"	19560213	0.8
249189995	"WAPIENICA"	19560214	4.8
249189995	"WAPIENICA"	19560215	1.6
249189995	"WAPIENICA"	19560216	0.6
249189995	"WAPIENICA"	19560218	0.7
249189995	"WAPIENICA"	19560220	8.1
249189995	"WAPIENICA"	19560221	5.8
249189995	"WAPIENICA"	19560222	2.3
249189995	"WAPIENICA"	19560223	1.2
249189995	"WAPIENICA"	19560224	0.3
249189995	"WAPIENICA"	19560227	1
249189995	"WAPIENICA"	19560228	5
249189995	"WAPIENICA"	19560229	8
249189995	"WAPIENICA"	19560301	5.3
249189995	"WAPIENICA"	19560302	5.6
249189995	"WAPIENICA"	19560303	0.4
249189995	"WAPIENICA"	19560304	4.1
249189995	"WAPIENICA"	19560305	2.3
249189995	"WAPIENICA"	19560306	2.9
249189995	"WAPIENICA"	19560307	11.6
249189995	"WAPIENICA"	19560308	1
249189995	"WAPIENICA"	19560309	9.3
249189995	"WAPIENICA"	19560310	4.1
249189995	"WAPIENICA"	19560311	1
249189995	"WAPIENICA"	19560312	1.7
249189995	"WAPIENICA"	19560313	0.3
249189995	"WAPIENICA"	19560314	0.5
249189995	"WAPIENICA"	19560324	0.7
249189995	"WAPIENICA"	19560325	1.7
249189995	"WAPIENICA"	19560326	7
249189995	"WAPIENICA"	19560404	11.3
249189995	"WAPIENICA"	19560405	0.8
249189995	"WAPIENICA"	19560406	5.2
249189995	"WAPIENICA"	19560407	0.2
249189995	"WAPIENICA"	19560409	9.2
249189995	"WAPIENICA"	19560410	2
249189995	"WAPIENICA"	19560411	15.8
249189995	"WAPIENICA"	19560413	6.1
249189995	"WAPIENICA"	19560414	0.2
249189995	"WAPIENICA"	19560415	3.4
249189995	"WAPIENICA"	19560417	9.1
249189995	"WAPIENICA"	19560418	9.3
249189995	"WAPIENICA"	19560419	0.2
249189995	"WAPIENICA"	19560420	5.4
249189995	"WAPIENICA"	19560421	12.9
249189995	"WAPIENICA"	19560422	1.1
249189995	"WAPIENICA"	19560423	1.6
249189995	"WAPIENICA"	19560426	7.3
249189995	"WAPIENICA"	19560427	4.5
249189995	"WAPIENICA"	19560428	0.4
249189995	"WAPIENICA"	19560430	18
249189995	"WAPIENICA"	19560501	2.5
249189995	"WAPIENICA"	19560502	0.6
249189995	"WAPIENICA"	19560503	0.3
249189995	"WAPIENICA"	19560504	0.3
249189995	"WAPIENICA"	19560508	2.5
249189995	"WAPIENICA"	19560509	0.5
249189995	"WAPIENICA"	19560510	2.8
249189995	"WAPIENICA"	19560511	19.2
249189995	"WAPIENICA"	19560512	11.7
249189995	"WAPIENICA"	19560513	9.2
249189995	"WAPIENICA"	19560515	0.1
249189995	"WAPIENICA"	19560517	12.3
249189995	"WAPIENICA"	19560518	9.9
249189995	"WAPIENICA"	19560519	23.3
249189995	"WAPIENICA"	19560520	0
249189995	"WAPIENICA"	19560526	17.7
249189995	"WAPIENICA"	19560601	1.1
249189995	"WAPIENICA"	19560602	1
249189995	"WAPIENICA"	19560605	1.5
249189995	"WAPIENICA"	19560607	7.2
249189995	"WAPIENICA"	19560608	1.5
249189995	"WAPIENICA"	19560609	22.9
249189995	"WAPIENICA"	19560610	0.5
249189995	"WAPIENICA"	19560612	2.4
249189995	"WAPIENICA"	19560614	3.1
249189995	"WAPIENICA"	19560615	7
249189995	"WAPIENICA"	19560616	0.4
249189995	"WAPIENICA"	19560618	9
249189995	"WAPIENICA"	19560619	11
249189995	"WAPIENICA"	19560620	20.8
249189995	"WAPIENICA"	19560621	7.6
249189995	"WAPIENICA"	19560622	25.5
249189995	"WAPIENICA"	19560623	30.8
249189995	"WAPIENICA"	19560624	29.1
249189995	"WAPIENICA"	19560625	8.8
249189995	"WAPIENICA"	19560626	1.1
249189995	"WAPIENICA"	19560627	3
249189995	"WAPIENICA"	19560628	0.2
249189995	"WAPIENICA"	19560629	17.2
249189995	"WAPIENICA"	19560630	2.1
249189995	"WAPIENICA"	19560702	0.1
249189995	"WAPIENICA"	19560703	15.2
249189995	"WAPIENICA"	19560704	7.5
249189995	"WAPIENICA"	19560706	0.9
249189995	"WAPIENICA"	19560708	3.5
249189995	"WAPIENICA"	19560715	1.6
249189995	"WAPIENICA"	19560716	3.6
249189995	"WAPIENICA"	19560717	1.6
249189995	"WAPIENICA"	19560719	1.2
249189995	"WAPIENICA"	19560720	7.1
249189995	"WAPIENICA"	19560721	9.2
249189995	"WAPIENICA"	19560722	0.1
249189995	"WAPIENICA"	19560723	3.3
249189995	"WAPIENICA"	19560724	4
249189995	"WAPIENICA"	19560725	0.3
249189995	"WAPIENICA"	19560728	0.1
249189995	"WAPIENICA"	19560729	0.4
249189995	"WAPIENICA"	19560730	15.5
249189995	"WAPIENICA"	19560802	1.8
249189995	"WAPIENICA"	19560803	1.9
249189995	"WAPIENICA"	19560804	9.2
249189995	"WAPIENICA"	19560805	4.5
249189995	"WAPIENICA"	19560807	13.1
249189995	"WAPIENICA"	19560811	32.6
249189995	"WAPIENICA"	19560812	16
249189995	"WAPIENICA"	19560814	5.1
249189995	"WAPIENICA"	19560816	0.1
249189995	"WAPIENICA"	19560817	2.5
249189995	"WAPIENICA"	19560818	1.4
249189995	"WAPIENICA"	19560819	4.8
249189995	"WAPIENICA"	19560821	44.4
249189995	"WAPIENICA"	19560822	0.5
249189995	"WAPIENICA"	19560823	17.6
249189995	"WAPIENICA"	19560824	0.3
249189995	"WAPIENICA"	19560825	0.1
249189995	"WAPIENICA"	19560828	1.1
249189995	"WAPIENICA"	19560829	14.9
249189995	"WAPIENICA"	19560830	3.1
249189995	"WAPIENICA"	19560903	0.7
249189995	"WAPIENICA"	19560904	9.4
249189995	"WAPIENICA"	19560910	0.4
249189995	"WAPIENICA"	19560911	4.9
249189995	"WAPIENICA"	19560912	17.3
249189995	"WAPIENICA"	19560913	18.2
249189995	"WAPIENICA"	19560914	0.1
249189995	"WAPIENICA"	19560917	12.7
249189995	"WAPIENICA"	19560927	6.2
249189995	"WAPIENICA"	19561003	7.4
249189995	"WAPIENICA"	19561004	10.4
249189995	"WAPIENICA"	19561005	15
249189995	"WAPIENICA"	19561006	48.1
249189995	"WAPIENICA"	19561007	1.7
249189995	"WAPIENICA"	19561009	2.7
249189995	"WAPIENICA"	19561014	5.9
249189995	"WAPIENICA"	19561018	1.3
249189995	"WAPIENICA"	19561019	6.8
249189995	"WAPIENICA"	19561020	1.7
249189995	"WAPIENICA"	19561026	0.8
249189995	"WAPIENICA"	19561028	5.5
249189995	"WAPIENICA"	19561029	6.4
249189995	"WAPIENICA"	19561031	0.5
249189995	"WAPIENICA"	19561102	0.2
249189995	"WAPIENICA"	19561103	0.5
249189995	"WAPIENICA"	19561105	2.8
249189995	"WAPIENICA"	19561106	9.8
249189995	"WAPIENICA"	19561107	7.3
249189995	"WAPIENICA"	19561110	0.3
249189995	"WAPIENICA"	19561112	4.8
249189995	"WAPIENICA"	19561113	6
249189995	"WAPIENICA"	19561114	0.3
249189995	"WAPIENICA"	19561115	4.6
249189995	"WAPIENICA"	19561116	0.5
249189995	"WAPIENICA"	19561117	1.7
249189995	"WAPIENICA"	19561118	3.6
249189995	"WAPIENICA"	19561125	5.2
249189995	"WAPIENICA"	19561126	15.2
249189995	"WAPIENICA"	19561127	20.4
249189995	"WAPIENICA"	19561128	1.2
249189995	"WAPIENICA"	19561129	0.3
249189995	"WAPIENICA"	19561130	1.3
249189995	"WAPIENICA"	19561201	0.5
249189995	"WAPIENICA"	19561202	0.6
249189995	"WAPIENICA"	19561203	4.2
249189995	"WAPIENICA"	19561204	14.5
249189995	"WAPIENICA"	19561205	15.8
249189995	"WAPIENICA"	19561206	4.7
249189995	"WAPIENICA"	19561207	0.1
249189995	"WAPIENICA"	19561208	0.1
249189995	"WAPIENICA"	19561209	0.4
249189995	"WAPIENICA"	19561210	0.8
249189995	"WAPIENICA"	19561212	0.5
249189995	"WAPIENICA"	19561213	6.3
249189995	"WAPIENICA"	19561215	1.1
249189995	"WAPIENICA"	19561219	0.1
249189995	"WAPIENICA"	19561221	0.3
249189995	"WAPIENICA"	19561222	0.2
249189995	"WAPIENICA"	19561223	3.8
249189995	"WAPIENICA"	19561224	4.5
249189995	"WAPIENICA"	19561225	4.7
249189995	"WAPIENICA"	19561226	0
249189995	"WAPIENICA"	19570105	0.7
249189995	"WAPIENICA"	19570106	8.5
249189995	"WAPIENICA"	19570107	1.6
249189995	"WAPIENICA"	19570110	7
249189995	"WAPIENICA"	19570111	2.4
249189995	"WAPIENICA"	19570112	0.8
249189995	"WAPIENICA"	19570113	3.2
249189995	"WAPIENICA"	19570114	0.5
249189995	"WAPIENICA"	19570115	0.8
249189995	"WAPIENICA"	19570116	0.6
249189995	"WAPIENICA"	19570126	0.2
249189995	"WAPIENICA"	19570127	1.8
249189995	"WAPIENICA"	19570128	9.2
249189995	"WAPIENICA"	19570130	3.2
249189995	"WAPIENICA"	19570131	0.3
249189995	"WAPIENICA"	19570201	2.9
249189995	"WAPIENICA"	19570206	1.7
249189995	"WAPIENICA"	19570207	4.5
249189995	"WAPIENICA"	19570208	4.3
249189995	"WAPIENICA"	19570209	4.5
249189995	"WAPIENICA"	19570210	0.2
249189995	"WAPIENICA"	19570211	5.2
249189995	"WAPIENICA"	19570213	0
249189995	"WAPIENICA"	19570215	1.4
249189995	"WAPIENICA"	19570218	9.5
249189995	"WAPIENICA"	19570219	2.7
249189995	"WAPIENICA"	19570221	24.2
249189995	"WAPIENICA"	19570222	3.5
249189995	"WAPIENICA"	19570224	3.3
249189995	"WAPIENICA"	19570225	17.5
249189995	"WAPIENICA"	19570226	1.4
249189995	"WAPIENICA"	19570228	2.6
249189995	"WAPIENICA"	19570301	2.3
249189995	"WAPIENICA"	19570302	1.7
249189995	"WAPIENICA"	19570303	0.5
249189995	"WAPIENICA"	19570304	0.2
249189995	"WAPIENICA"	19570305	1.4
249189995	"WAPIENICA"	19570314	1.7
249189995	"WAPIENICA"	19570315	3
249189995	"WAPIENICA"	19570316	17.6
249189995	"WAPIENICA"	19570317	17.3
249189995	"WAPIENICA"	19570318	8.2
249189995	"WAPIENICA"	19570319	11.2
249189995	"WAPIENICA"	19570324	3
249189995	"WAPIENICA"	19570325	1.5
249189995	"WAPIENICA"	19570328	5.5
249189995	"WAPIENICA"	19570329	11.6
249189995	"WAPIENICA"	19570330	2.5
249189995	"WAPIENICA"	19570407	30.2
249189995	"WAPIENICA"	19570408	2
249189995	"WAPIENICA"	19570410	7.1
249189995	"WAPIENICA"	19570411	13.4
249189995	"WAPIENICA"	19570412	0.3
249189995	"WAPIENICA"	19570413	2.5
249189995	"WAPIENICA"	19570414	0.2
249189995	"WAPIENICA"	19570415	0.5
249189995	"WAPIENICA"	19570416	0.1
249189995	"WAPIENICA"	19570417	3.1
249189995	"WAPIENICA"	19570418	0.2
249189995	"WAPIENICA"	19570419	1.3
249189995	"WAPIENICA"	19570420	2.2
249189995	"WAPIENICA"	19570421	9.4
249189995	"WAPIENICA"	19570422	7.1
249189995	"WAPIENICA"	19570423	6.3
249189995	"WAPIENICA"	19570424	2.7
249189995	"WAPIENICA"	19570425	1.8
249189995	"WAPIENICA"	19570426	1
249189995	"WAPIENICA"	19570427	0.7
249189995	"WAPIENICA"	19570430	4.8
249189995	"WAPIENICA"	19570501	0.1
249189995	"WAPIENICA"	19570502	0.4
249189995	"WAPIENICA"	19570504	1
249189995	"WAPIENICA"	19570505	0.9
249189995	"WAPIENICA"	19570506	0.6
249189995	"WAPIENICA"	19570507	6.3
249189995	"WAPIENICA"	19570508	15
249189995	"WAPIENICA"	19570509	6.4
249189995	"WAPIENICA"	19570510	8.3
249189995	"WAPIENICA"	19570514	3.1
249189995	"WAPIENICA"	19570517	0.8
249189995	"WAPIENICA"	19570520	63.1
249189995	"WAPIENICA"	19570521	2.2
249189995	"WAPIENICA"	19570522	1.8
249189995	"WAPIENICA"	19570523	1.5
249189995	"WAPIENICA"	19570524	3.1
249189995	"WAPIENICA"	19570604	2
249189995	"WAPIENICA"	19570605	9.9
249189995	"WAPIENICA"	19570607	18.3
249189995	"WAPIENICA"	19570608	4.5
249189995	"WAPIENICA"	19570609	3
249189995	"WAPIENICA"	19570618	10.3
249189995	"WAPIENICA"	19570619	0.2
249189995	"WAPIENICA"	19570621	1.2
249189995	"WAPIENICA"	19570622	2.1
249189995	"WAPIENICA"	19570625	0.1
249189995	"WAPIENICA"	19570630	1.5
249189995	"WAPIENICA"	19570702	0.5
249189995	"WAPIENICA"	19570705	3
249189995	"WAPIENICA"	19570706	1.5
249189995	"WAPIENICA"	19570707	11
249189995	"WAPIENICA"	19570708	1.5
249189995	"WAPIENICA"	19570710	11.8
249189995	"WAPIENICA"	19570711	1.6
249189995	"WAPIENICA"	19570712	8.6
249189995	"WAPIENICA"	19570714	4.9
249189995	"WAPIENICA"	19570715	63.7
249189995	"WAPIENICA"	19570716	68.1
249189995	"WAPIENICA"	19570717	13.2
249189995	"WAPIENICA"	19570720	24.8
249189995	"WAPIENICA"	19570721	5.2
249189995	"WAPIENICA"	19570722	13.1
249189995	"WAPIENICA"	19570723	12
249189995	"WAPIENICA"	19570724	22.6
249189995	"WAPIENICA"	19570725	4.3
249189995	"WAPIENICA"	19570726	8.9
249189995	"WAPIENICA"	19570727	5.4
249189995	"WAPIENICA"	19570730	4
249189995	"WAPIENICA"	19570731	0.2
249189995	"WAPIENICA"	19570810	5.2
249189995	"WAPIENICA"	19570812	0.3
249189995	"WAPIENICA"	19570813	0.6
249189995	"WAPIENICA"	19570814	12.6
249189995	"WAPIENICA"	19570816	2.3
249189995	"WAPIENICA"	19570817	7.5
249189995	"WAPIENICA"	19570818	2.2
249189995	"WAPIENICA"	19570819	4.2
249189995	"WAPIENICA"	19570821	6.2
249189995	"WAPIENICA"	19570822	16.8
249189995	"WAPIENICA"	19570824	10.4
249189995	"WAPIENICA"	19570827	4.2
249189995	"WAPIENICA"	19570828	34.8
249189995	"WAPIENICA"	19570829	5.9
249189995	"WAPIENICA"	19570830	0.2
249189995	"WAPIENICA"	19570831	4.5
249189995	"WAPIENICA"	19570902	7.4
249189995	"WAPIENICA"	19570903	31
249189995	"WAPIENICA"	19570904	25.5
249189995	"WAPIENICA"	19570909	0.7
249189995	"WAPIENICA"	19570910	5.6
249189995	"WAPIENICA"	19570911	0.3
249189995	"WAPIENICA"	19570912	9.7
249189995	"WAPIENICA"	19570914	13.1
249189995	"WAPIENICA"	19570915	0.5
249189995	"WAPIENICA"	19570916	0.7
249189995	"WAPIENICA"	19570917	1.8
249189995	"WAPIENICA"	19570918	4.2
249189995	"WAPIENICA"	19570919	1.3
249189995	"WAPIENICA"	19570920	0.6
249189995	"WAPIENICA"	19570922	1.1
249189995	"WAPIENICA"	19570923	2
249189995	"WAPIENICA"	19570924	21.6
249189995	"WAPIENICA"	19570926	1.2
249189995	"WAPIENICA"	19570927	2.2
249189995	"WAPIENICA"	19570928	4.5
249189995	"WAPIENICA"	19570929	29.1
249189995	"WAPIENICA"	19571003	0.5
249189995	"WAPIENICA"	19571004	1.1
249189995	"WAPIENICA"	19571006	0.1
249189995	"WAPIENICA"	19571020	12.2
249189995	"WAPIENICA"	19571021	0.4
249189995	"WAPIENICA"	19571022	7.1
249189995	"WAPIENICA"	19571023	0.8
249189995	"WAPIENICA"	19571024	0.8
249189995	"WAPIENICA"	19571108	0
249189995	"WAPIENICA"	19571109	0.1
249189995	"WAPIENICA"	19571110	0.3
249189995	"WAPIENICA"	19571111	4.5
249189995	"WAPIENICA"	19571112	3
249189995	"WAPIENICA"	19571125	3.6
249189995	"WAPIENICA"	19571126	0.5
249189995	"WAPIENICA"	19571127	1.4
249189995	"WAPIENICA"	19571128	10.9
249189995	"WAPIENICA"	19571129	4
249189995	"WAPIENICA"	19571130	0.3
249189995	"WAPIENICA"	19571201	0.8
249189995	"WAPIENICA"	19571202	0.6
249189995	"WAPIENICA"	19571203	5.3
249189995	"WAPIENICA"	19571204	6.7
249189995	"WAPIENICA"	19571205	5.7
249189995	"WAPIENICA"	19571206	0.2
249189995	"WAPIENICA"	19571207	0.8
249189995	"WAPIENICA"	19571208	4.9
249189995	"WAPIENICA"	19571209	2.6
249189995	"WAPIENICA"	19571210	4.2
249189995	"WAPIENICA"	19571213	2.8
249189995	"WAPIENICA"	19571214	7
249189995	"WAPIENICA"	19571215	3.9
249189995	"WAPIENICA"	19571216	0.1
249189995	"WAPIENICA"	19571218	0.4
249189995	"WAPIENICA"	19571219	0.3
249189995	"WAPIENICA"	19571220	0.1
249189995	"WAPIENICA"	19571224	0.4
249189995	"WAPIENICA"	19571227	0
249189995	"WAPIENICA"	19571228	0.3
249189995	"WAPIENICA"	19571229	0.2
249189995	"WAPIENICA"	19571231	0.4
249189995	"WAPIENICA"	19580101	5.3
249189995	"WAPIENICA"	19580102	5.1
249189995	"WAPIENICA"	19580103	2.1
249189995	"WAPIENICA"	19580105	0.5
249189995	"WAPIENICA"	19580106	3.6
249189995	"WAPIENICA"	19580107	14.1
249189995	"WAPIENICA"	19580108	0.6
249189995	"WAPIENICA"	19580109	1
249189995	"WAPIENICA"	19580110	0.2
249189995	"WAPIENICA"	19580112	0.8
249189995	"WAPIENICA"	19580113	3.4
249189995	"WAPIENICA"	19580114	2
249189995	"WAPIENICA"	19580115	4.1
249189995	"WAPIENICA"	19580116	1.1
249189995	"WAPIENICA"	19580117	2.6
249189995	"WAPIENICA"	19580118	6.4
249189995	"WAPIENICA"	19580119	3.5
249189995	"WAPIENICA"	19580120	13.7
249189995	"WAPIENICA"	19580121	7.3
249189995	"WAPIENICA"	19580130	0.8
249189995	"WAPIENICA"	19580131	0.7
249189995	"WAPIENICA"	19580203	6.7
249189995	"WAPIENICA"	19580204	0.8
249189995	"WAPIENICA"	19580205	7.5
249189995	"WAPIENICA"	19580206	1.5
249189995	"WAPIENICA"	19580207	3.6
249189995	"WAPIENICA"	19580208	0.5
249189995	"WAPIENICA"	19580209	0.4
249189995	"WAPIENICA"	19580211	0.1
249189995	"WAPIENICA"	19580214	0.5
249189995	"WAPIENICA"	19580215	7.1
249189995	"WAPIENICA"	19580216	6.8
249189995	"WAPIENICA"	19580217	2.4
249189995	"WAPIENICA"	19580218	0.3
249189995	"WAPIENICA"	19580219	2.2
249189995	"WAPIENICA"	19580220	6.3
249189995	"WAPIENICA"	19580221	4.8
249189995	"WAPIENICA"	19580222	9
249189995	"WAPIENICA"	19580223	1.2
249189995	"WAPIENICA"	19580224	2.5
249189995	"WAPIENICA"	19580226	1.1
249189995	"WAPIENICA"	19580227	14.3
249189995	"WAPIENICA"	19580228	0.9
249189995	"WAPIENICA"	19580301	0.3
249189995	"WAPIENICA"	19580302	17.8
249189995	"WAPIENICA"	19580303	20.3
249189995	"WAPIENICA"	19580304	0.6
249189995	"WAPIENICA"	19580306	13.5
249189995	"WAPIENICA"	19580308	8
249189995	"WAPIENICA"	19580309	0.8
249189995	"WAPIENICA"	19580311	21
249189995	"WAPIENICA"	19580312	18.5
249189995	"WAPIENICA"	19580313	4.7
249189995	"WAPIENICA"	19580314	2.9
249189995	"WAPIENICA"	19580315	3.9
249189995	"WAPIENICA"	19580316	5.8
249189995	"WAPIENICA"	19580317	6.5
249189995	"WAPIENICA"	19580318	0.3
249189995	"WAPIENICA"	19580319	0.9
249189995	"WAPIENICA"	19580320	4.5
249189995	"WAPIENICA"	19580321	9.6
249189995	"WAPIENICA"	19580322	2.2
249189995	"WAPIENICA"	19580323	2.9
249189995	"WAPIENICA"	19580324	0.2
249189995	"WAPIENICA"	19580328	1.1
249189995	"WAPIENICA"	19580329	0.2
249189995	"WAPIENICA"	19580330	3.8
249189995	"WAPIENICA"	19580331	2.2
249189995	"WAPIENICA"	19580401	0.9
249189995	"WAPIENICA"	19580404	0
249189995	"WAPIENICA"	19580405	0.3
249189995	"WAPIENICA"	19580406	0.8
249189995	"WAPIENICA"	19580407	2.3
249189995	"WAPIENICA"	19580408	1.3
249189995	"WAPIENICA"	19580409	7.7
249189995	"WAPIENICA"	19580410	1.1
249189995	"WAPIENICA"	19580411	7
249189995	"WAPIENICA"	19580412	0
249189995	"WAPIENICA"	19580416	3.7
249189995	"WAPIENICA"	19580417	34.4
249189995	"WAPIENICA"	19580418	4.3
249189995	"WAPIENICA"	19580419	6.8
249189995	"WAPIENICA"	19580420	3.3
249189995	"WAPIENICA"	19580421	13.6
249189995	"WAPIENICA"	19580422	9.4
249189995	"WAPIENICA"	19580423	4
249189995	"WAPIENICA"	19580424	0.5
249189995	"WAPIENICA"	19580427	3.7
249189995	"WAPIENICA"	19580502	0.3
249189995	"WAPIENICA"	19580503	1
249189995	"WAPIENICA"	19580504	0.3
249189995	"WAPIENICA"	19580506	9.4
249189995	"WAPIENICA"	19580507	3.4
249189995	"WAPIENICA"	19580508	6.6
249189995	"WAPIENICA"	19580509	0.8
249189995	"WAPIENICA"	19580510	2.2
249189995	"WAPIENICA"	19580512	0.3
249189995	"WAPIENICA"	19580513	0.3
249189995	"WAPIENICA"	19580516	0.3
249189995	"WAPIENICA"	19580517	3.5
249189995	"WAPIENICA"	19580519	1.2
249189995	"WAPIENICA"	19580521	0.2
249189995	"WAPIENICA"	19580522	1.3
249189995	"WAPIENICA"	19580523	30
249189995	"WAPIENICA"	19580528	29
249189995	"WAPIENICA"	19580529	1
249189995	"WAPIENICA"	19580530	0.2
249189995	"WAPIENICA"	19580531	9.6
249189995	"WAPIENICA"	19580603	0.2
249189995	"WAPIENICA"	19580604	19.5
249189995	"WAPIENICA"	19580605	18.4
249189995	"WAPIENICA"	19580606	0.3
249189995	"WAPIENICA"	19580609	0.5
249189995	"WAPIENICA"	19580610	0.4
249189995	"WAPIENICA"	19580611	4.6
249189995	"WAPIENICA"	19580612	2
249189995	"WAPIENICA"	19580613	0.3
249189995	"WAPIENICA"	19580618	4.5
249189995	"WAPIENICA"	19580619	5
249189995	"WAPIENICA"	19580620	0.6
249189995	"WAPIENICA"	19580621	2.8
249189995	"WAPIENICA"	19580622	5
249189995	"WAPIENICA"	19580623	8.8
249189995	"WAPIENICA"	19580624	4.3
249189995	"WAPIENICA"	19580625	0.4
249189995	"WAPIENICA"	19580626	0
249189995	"WAPIENICA"	19580627	15
249189995	"WAPIENICA"	19580628	34.9
249189995	"WAPIENICA"	19580629	79.4
249189995	"WAPIENICA"	19580630	21.2
249189995	"WAPIENICA"	19580702	2.4
249189995	"WAPIENICA"	19580703	14.7
249189995	"WAPIENICA"	19580704	25.7
249189995	"WAPIENICA"	19580705	17.1
249189995	"WAPIENICA"	19580706	6.7
249189995	"WAPIENICA"	19580707	3.8
249189995	"WAPIENICA"	19580708	13.8
249189995	"WAPIENICA"	19580709	0.2
249189995	"WAPIENICA"	19580714	38.4
249189995	"WAPIENICA"	19580717	22.1
249189995	"WAPIENICA"	19580720	1.5
249189995	"WAPIENICA"	19580721	0.2
249189995	"WAPIENICA"	19580722	5.3
249189995	"WAPIENICA"	19580723	27.2
249189995	"WAPIENICA"	19580724	1.9
249189995	"WAPIENICA"	19580725	2
249189995	"WAPIENICA"	19580727	2.2
249189995	"WAPIENICA"	19580729	6
249189995	"WAPIENICA"	19580802	14.3
249189995	"WAPIENICA"	19580803	7.8
249189995	"WAPIENICA"	19580807	9.2
249189995	"WAPIENICA"	19580808	45.1
249189995	"WAPIENICA"	19580812	7.3
249189995	"WAPIENICA"	19580813	21
249189995	"WAPIENICA"	19580815	0.3
249189995	"WAPIENICA"	19580816	3.4
249189995	"WAPIENICA"	19580818	16.1
249189995	"WAPIENICA"	19580820	11
249189995	"WAPIENICA"	19580821	6.1
249189995	"WAPIENICA"	19580822	15.7
249189995	"WAPIENICA"	19580823	1.6
249189995	"WAPIENICA"	19580824	2.5
249189995	"WAPIENICA"	19580825	1.3
249189995	"WAPIENICA"	19580826	12.2
249189995	"WAPIENICA"	19580827	1.1
249189995	"WAPIENICA"	19580830	3.9
249189995	"WAPIENICA"	19580831	0.2
249189995	"WAPIENICA"	19580909	0.3
249189995	"WAPIENICA"	19580910	3.1
249189995	"WAPIENICA"	19580911	6.9
249189995	"WAPIENICA"	19580912	0.6
249189995	"WAPIENICA"	19580916	1.4
249189995	"WAPIENICA"	19580917	1.7
249189995	"WAPIENICA"	19580918	4.7
249189995	"WAPIENICA"	19580921	10.8
249189995	"WAPIENICA"	19580922	10.4
249189995	"WAPIENICA"	19580923	10.2
249189995	"WAPIENICA"	19580924	2.5
249189995	"WAPIENICA"	19580925	0.9
249189995	"WAPIENICA"	19580926	3.2
249189995	"WAPIENICA"	19580927	6.5
249189995	"WAPIENICA"	19581001	0.2
249189995	"WAPIENICA"	19581002	10.1
249189995	"WAPIENICA"	19581003	9
249189995	"WAPIENICA"	19581006	2.5
249189995	"WAPIENICA"	19581007	3.6
249189995	"WAPIENICA"	19581008	12.3
249189995	"WAPIENICA"	19581012	4.6
249189995	"WAPIENICA"	19581013	37.5
249189995	"WAPIENICA"	19581014	15.2
249189995	"WAPIENICA"	19581015	7.3
249189995	"WAPIENICA"	19581016	20.2
249189995	"WAPIENICA"	19581017	8.1
249189995	"WAPIENICA"	19581018	8.6
249189995	"WAPIENICA"	19581019	4.3
249189995	"WAPIENICA"	19581022	0.3
249189995	"WAPIENICA"	19581023	0.4
249189995	"WAPIENICA"	19581024	0.4
249189995	"WAPIENICA"	19581025	1.8
249189995	"WAPIENICA"	19581026	0
249189995	"WAPIENICA"	19581028	0
249189995	"WAPIENICA"	19581101	13.4
249189995	"WAPIENICA"	19581102	1
249189995	"WAPIENICA"	19581104	4
249189995	"WAPIENICA"	19581107	0.3
249189995	"WAPIENICA"	19581108	0.4
249189995	"WAPIENICA"	19581109	5
249189995	"WAPIENICA"	19581110	10.7
249189995	"WAPIENICA"	19581111	0.1
249189995	"WAPIENICA"	19581114	0.3
249189995	"WAPIENICA"	19581115	11.4
249189995	"WAPIENICA"	19581116	3.8
249189995	"WAPIENICA"	19581117	0.3
249189995	"WAPIENICA"	19581125	0.4
249189995	"WAPIENICA"	19581126	1.6
249189995	"WAPIENICA"	19581129	0.1
249189995	"WAPIENICA"	19581130	1.1
249189995	"WAPIENICA"	19581201	4.8
249189995	"WAPIENICA"	19581202	6.2
249189995	"WAPIENICA"	19581205	2.7
249189995	"WAPIENICA"	19581206	4.3
249189995	"WAPIENICA"	19581207	0.6
249189995	"WAPIENICA"	19581209	0.5
249189995	"WAPIENICA"	19581210	0.8
249189995	"WAPIENICA"	19581213	0.2
249189995	"WAPIENICA"	19581214	8.1
249189995	"WAPIENICA"	19581223	3.8
249189995	"WAPIENICA"	19581224	1.6
249189995	"WAPIENICA"	19581225	11
249189995	"WAPIENICA"	19581226	4
249189995	"WAPIENICA"	19581227	0.7
249189995	"WAPIENICA"	19581228	13.2
249189995	"WAPIENICA"	19581229	1.1
249189995	"WAPIENICA"	19581230	3
249189995	"WAPIENICA"	19590104	0.1
249189995	"WAPIENICA"	19590105	2.7
249189995	"WAPIENICA"	19590107	1.5
249189995	"WAPIENICA"	19590108	3.1
249189995	"WAPIENICA"	19590109	36
249189995	"WAPIENICA"	19590110	2.7
249189995	"WAPIENICA"	19590113	0.6
249189995	"WAPIENICA"	19590114	0.2
249189995	"WAPIENICA"	19590115	0.7
249189995	"WAPIENICA"	19590116	0.2
249189995	"WAPIENICA"	19590117	0.8
249189995	"WAPIENICA"	19590118	0.1
249189995	"WAPIENICA"	19590121	0.5
249189995	"WAPIENICA"	19590123	3.4
249189995	"WAPIENICA"	19590124	27.6
249189995	"WAPIENICA"	19590125	2.4
249189995	"WAPIENICA"	19590126	3.2
249189995	"WAPIENICA"	19590127	13
249189995	"WAPIENICA"	19590128	1.7
249189995	"WAPIENICA"	19590129	0.1
249189995	"WAPIENICA"	19590131	1.5
249189995	"WAPIENICA"	19590201	13.5
249189995	"WAPIENICA"	19590202	2.5
249189995	"WAPIENICA"	19590215	4.3
249189995	"WAPIENICA"	19590216	0.8
249189995	"WAPIENICA"	19590217	1.6
249189995	"WAPIENICA"	19590218	0.9
249189995	"WAPIENICA"	19590220	1.7
249189995	"WAPIENICA"	19590221	2.6
249189995	"WAPIENICA"	19590222	2.6
249189995	"WAPIENICA"	19590223	0.3
249189995	"WAPIENICA"	19590224	2.4
249189995	"WAPIENICA"	19590225	0.1
249189995	"WAPIENICA"	19590304	0
249189995	"WAPIENICA"	19590307	2.3
249189995	"WAPIENICA"	19590308	46.8
249189995	"WAPIENICA"	19590314	0.2
249189995	"WAPIENICA"	19590315	0
249189995	"WAPIENICA"	19590319	0.4
249189995	"WAPIENICA"	19590324	3.7
249189995	"WAPIENICA"	19590326	1.3
249189995	"WAPIENICA"	19590327	0.9
249189995	"WAPIENICA"	19590328	2.8
249189995	"WAPIENICA"	19590329	1
249189995	"WAPIENICA"	19590402	0.1
249189995	"WAPIENICA"	19590405	7.2
249189995	"WAPIENICA"	19590406	2
249189995	"WAPIENICA"	19590407	5.7
249189995	"WAPIENICA"	19590410	0.7
249189995	"WAPIENICA"	19590411	20.5
249189995	"WAPIENICA"	19590412	0.6
249189995	"WAPIENICA"	19590413	2
249189995	"WAPIENICA"	19590417	1.9
249189995	"WAPIENICA"	19590418	29.2
249189995	"WAPIENICA"	19590419	30.2
249189995	"WAPIENICA"	19590420	1.4
249189995	"WAPIENICA"	19590423	2.4
249189995	"WAPIENICA"	19590424	0.8
249189995	"WAPIENICA"	19590430	0.1
249189995	"WAPIENICA"	19590501	16.4
249189995	"WAPIENICA"	19590502	1.4
249189995	"WAPIENICA"	19590503	0.8
249189995	"WAPIENICA"	19590506	3.5
249189995	"WAPIENICA"	19590507	6.8
249189995	"WAPIENICA"	19590512	29.7
249189995	"WAPIENICA"	19590515	3.1
249189995	"WAPIENICA"	19590516	0.2
249189995	"WAPIENICA"	19590517	7.8
249189995	"WAPIENICA"	19590518	2.3
249189995	"WAPIENICA"	19590520	0.7
249189995	"WAPIENICA"	19590530	2.5
249189995	"WAPIENICA"	19590531	90.5
249189995	"WAPIENICA"	19590601	9.5
249189995	"WAPIENICA"	19590602	2.1
249189995	"WAPIENICA"	19590603	17.4
249189995	"WAPIENICA"	19590604	6.3
249189995	"WAPIENICA"	19590606	1.1
249189995	"WAPIENICA"	19590607	2.4
249189995	"WAPIENICA"	19590608	0
249189995	"WAPIENICA"	19590609	0.6
249189995	"WAPIENICA"	19590610	23.7
249189995	"WAPIENICA"	19590611	37
249189995	"WAPIENICA"	19590612	10
249189995	"WAPIENICA"	19590613	7.4
249189995	"WAPIENICA"	19590614	3.2
249189995	"WAPIENICA"	19590615	2.2
249189995	"WAPIENICA"	19590616	1.5
249189995	"WAPIENICA"	19590619	1.3
249189995	"WAPIENICA"	19590625	13.3
249189995	"WAPIENICA"	19590626	0.3
249189995	"WAPIENICA"	19590627	0
249189995	"WAPIENICA"	19590628	8.1
249189995	"WAPIENICA"	19590629	33.5
249189995	"WAPIENICA"	19590630	76.8
249189995	"WAPIENICA"	19590701	31.7
249189995	"WAPIENICA"	19590702	0.3
249189995	"WAPIENICA"	19590703	16.6
249189995	"WAPIENICA"	19590704	0.5
249189995	"WAPIENICA"	19590705	0
249189995	"WAPIENICA"	19590707	2.9
249189995	"WAPIENICA"	19590713	0
249189995	"WAPIENICA"	19590715	0.1
249189995	"WAPIENICA"	19590716	5.1
249189995	"WAPIENICA"	19590717	16
249189995	"WAPIENICA"	19590718	15.6
249189995	"WAPIENICA"	19590719	0.5
249189995	"WAPIENICA"	19590720	0.1
249189995	"WAPIENICA"	19590721	1.1
249189995	"WAPIENICA"	19590722	16.8
249189995	"WAPIENICA"	19590724	4
249189995	"WAPIENICA"	19590728	0.7
249189995	"WAPIENICA"	19590729	40.5
249189995	"WAPIENICA"	19590730	19.5
249189995	"WAPIENICA"	19590731	28.1
249189995	"WAPIENICA"	19590801	6.5
249189995	"WAPIENICA"	19590802	0.2
249189995	"WAPIENICA"	19590805	3.1
249189995	"WAPIENICA"	19590806	0.2
249189995	"WAPIENICA"	19590811	3
249189995	"WAPIENICA"	19590812	2.1
249189995	"WAPIENICA"	19590813	3.2
249189995	"WAPIENICA"	19590814	22.3
249189995	"WAPIENICA"	19590815	1.5
249189995	"WAPIENICA"	19590816	16.5
249189995	"WAPIENICA"	19590817	4
249189995	"WAPIENICA"	19590818	1.6
249189995	"WAPIENICA"	19590819	3.3
249189995	"WAPIENICA"	19590822	0.1
249189995	"WAPIENICA"	19590826	1.5
249189995	"WAPIENICA"	19590828	1
249189995	"WAPIENICA"	19590829	1
249189995	"WAPIENICA"	19590831	2.6
249189995	"WAPIENICA"	19590901	2.1
249189995	"WAPIENICA"	19590902	0.1
249189995	"WAPIENICA"	19590909	0.5
249189995	"WAPIENICA"	19590913	1
249189995	"WAPIENICA"	19590922	1.5
249189995	"WAPIENICA"	19590924	1.1
249189995	"WAPIENICA"	19590928	0.5
249189995	"WAPIENICA"	19590929	0.3
249189995	"WAPIENICA"	19591013	0.2
249189995	"WAPIENICA"	19591022	4.5
249189995	"WAPIENICA"	19591023	7.4
249189995	"WAPIENICA"	19591024	1
249189995	"WAPIENICA"	19591029	0.2
249189995	"WAPIENICA"	19591030	0.4
249189995	"WAPIENICA"	19591103	0.3
249189995	"WAPIENICA"	19591104	0.9
249189995	"WAPIENICA"	19591105	0.6
249189995	"WAPIENICA"	19591106	7
249189995	"WAPIENICA"	19591107	9.3
249189995	"WAPIENICA"	19591108	14.8
249189995	"WAPIENICA"	19591109	2.7
249189995	"WAPIENICA"	19591115	0.9
249189995	"WAPIENICA"	19591116	7.6
249189995	"WAPIENICA"	19591117	2.7
249189995	"WAPIENICA"	19591118	0.1
249189995	"WAPIENICA"	19591204	6.7
249189995	"WAPIENICA"	19591205	7.7
249189995	"WAPIENICA"	19591206	1
249189995	"WAPIENICA"	19591208	0.1
249189995	"WAPIENICA"	19591211	0
249189995	"WAPIENICA"	19591213	19.4
249189995	"WAPIENICA"	19591214	5.1
249189995	"WAPIENICA"	19591215	0.3
249189995	"WAPIENICA"	19591218	4.6
249189995	"WAPIENICA"	19591219	1.5
249189995	"WAPIENICA"	19591221	0.8
249189995	"WAPIENICA"	19591223	0.4
249189995	"WAPIENICA"	19591224	11.8
249189995	"WAPIENICA"	19591225	4.9
249189995	"WAPIENICA"	19591226	1.3
249189995	"WAPIENICA"	19591227	0.3
249189995	"WAPIENICA"	19591228	21.4
249189995	"WAPIENICA"	19591229	7.5
249189995	"WAPIENICA"	19591230	5.8
249189995	"WAPIENICA"	19591231	0.6
249189995	"WAPIENICA"	19600101	0.6
249189995	"WAPIENICA"	19600103	0.7
249189995	"WAPIENICA"	19600104	1.2
249189995	"WAPIENICA"	19600105	1.5
249189995	"WAPIENICA"	19600106	9.5
249189995	"WAPIENICA"	19600107	5.7
249189995	"WAPIENICA"	19600108	4.9
249189995	"WAPIENICA"	19600109	2.9
249189995	"WAPIENICA"	19600110	1.1
249189995	"WAPIENICA"	19600112	15.1
249189995	"WAPIENICA"	19600113	2.2
249189995	"WAPIENICA"	19600114	0.4
249189995	"WAPIENICA"	19600116	0.2
249189995	"WAPIENICA"	19600120	3.2
249189995	"WAPIENICA"	19600121	11
249189995	"WAPIENICA"	19600128	3.5
249189995	"WAPIENICA"	19600129	0.5
249189995	"WAPIENICA"	19600130	14.4
249189995	"WAPIENICA"	19600131	0.8
249189995	"WAPIENICA"	19600213	23.7
249189995	"WAPIENICA"	19600214	0.2
249189995	"WAPIENICA"	19600217	1.1
249189995	"WAPIENICA"	19600218	2
249189995	"WAPIENICA"	19600219	0.4
249189995	"WAPIENICA"	19600223	1.6
249189995	"WAPIENICA"	19600224	7.8
249189995	"WAPIENICA"	19600227	1.8
249189995	"WAPIENICA"	19600229	1.3
249189995	"WAPIENICA"	19600301	1.8
249189995	"WAPIENICA"	19600303	0.9
249189995	"WAPIENICA"	19600307	0.3
249189995	"WAPIENICA"	19600312	0.4
249189995	"WAPIENICA"	19600316	2.8
249189995	"WAPIENICA"	19600317	3.9
249189995	"WAPIENICA"	19600318	13.7
249189995	"WAPIENICA"	19600319	4.7
249189995	"WAPIENICA"	19600330	0.1
249189995	"WAPIENICA"	19600404	0.5
249189995	"WAPIENICA"	19600406	0.5
249189995	"WAPIENICA"	19600407	5.8
249189995	"WAPIENICA"	19600408	12.1
249189995	"WAPIENICA"	19600409	0.1
249189995	"WAPIENICA"	19600412	0.5
249189995	"WAPIENICA"	19600414	11.8
249189995	"WAPIENICA"	19600416	3.5
249189995	"WAPIENICA"	19600417	0.2
249189995	"WAPIENICA"	19600421	0.7
249189995	"WAPIENICA"	19600422	7.6
249189995	"WAPIENICA"	19600423	2.7
249189995	"WAPIENICA"	19600424	16
249189995	"WAPIENICA"	19600425	6.9
249189995	"WAPIENICA"	19600426	3.1
249189995	"WAPIENICA"	19600427	3
249189995	"WAPIENICA"	19600428	4.6
249189995	"WAPIENICA"	19600429	7.2
249189995	"WAPIENICA"	19600430	0.3
249189995	"WAPIENICA"	19600501	6.8
249189995	"WAPIENICA"	19600502	2.2
249189995	"WAPIENICA"	19600508	0.7
249189995	"WAPIENICA"	19600509	1.8
249189995	"WAPIENICA"	19600511	2
249189995	"WAPIENICA"	19600513	1.5
249189995	"WAPIENICA"	19600517	17.8
249189995	"WAPIENICA"	19600519	6
249189995	"WAPIENICA"	19600520	47.6
249189995	"WAPIENICA"	19600521	1.7
249189995	"WAPIENICA"	19600522	15
249189995	"WAPIENICA"	19600523	23.6
249189995	"WAPIENICA"	19600524	10
249189995	"WAPIENICA"	19600525	7.1
249189995	"WAPIENICA"	19600526	16.8
249189995	"WAPIENICA"	19600529	7
249189995	"WAPIENICA"	19600530	3
249189995	"WAPIENICA"	19600531	2.6
249189995	"WAPIENICA"	19600602	21.2
249189995	"WAPIENICA"	19600603	39.1
249189995	"WAPIENICA"	19600604	12
249189995	"WAPIENICA"	19600608	1.9
249189995	"WAPIENICA"	19600610	23.7
249189995	"WAPIENICA"	19600611	15.1
249189995	"WAPIENICA"	19600614	15.7
249189995	"WAPIENICA"	19600615	14
249189995	"WAPIENICA"	19600617	10.2
249189995	"WAPIENICA"	19600618	0.5
249189995	"WAPIENICA"	19600619	36.3
249189995	"WAPIENICA"	19600620	11.9
249189995	"WAPIENICA"	19600621	1.1
249189995	"WAPIENICA"	19600622	1.8
249189995	"WAPIENICA"	19600625	3
249189995	"WAPIENICA"	19600626	9.7
249189995	"WAPIENICA"	19600627	4.7
249189995	"WAPIENICA"	19600628	3.6
249189995	"WAPIENICA"	19600629	5
249189995	"WAPIENICA"	19600630	0.1
249189995	"WAPIENICA"	19600701	4.8
249189995	"WAPIENICA"	19600702	1.4
249189995	"WAPIENICA"	19600703	1.3
249189995	"WAPIENICA"	19600704	5.6
249189995	"WAPIENICA"	19600705	1.1
249189995	"WAPIENICA"	19600706	23.5
249189995	"WAPIENICA"	19600707	9.7
249189995	"WAPIENICA"	19600708	15.1
249189995	"WAPIENICA"	19600709	34.5
249189995	"WAPIENICA"	19600712	57.6
249189995	"WAPIENICA"	19600713	47.7
249189995	"WAPIENICA"	19600716	7.4
249189995	"WAPIENICA"	19600717	0.2
249189995	"WAPIENICA"	19600720	10.4
249189995	"WAPIENICA"	19600721	10.6
249189995	"WAPIENICA"	19600722	1.5
249189995	"WAPIENICA"	19600723	30.8
249189995	"WAPIENICA"	19600724	34.3
249189995	"WAPIENICA"	19600725	107.6
249189995	"WAPIENICA"	19600726	31.5
249189995	"WAPIENICA"	19600727	7
249189995	"WAPIENICA"	19600728	0.1
249189995	"WAPIENICA"	19600729	0.1
249189995	"WAPIENICA"	19600802	11
249189995	"WAPIENICA"	19600803	0.1
249189995	"WAPIENICA"	19600805	13.3
249189995	"WAPIENICA"	19600806	12
249189995	"WAPIENICA"	19600807	0.3
249189995	"WAPIENICA"	19600808	12.7
249189995	"WAPIENICA"	19600809	12.1
249189995	"WAPIENICA"	19600813	44.1
249189995	"WAPIENICA"	19600815	9.1
249189995	"WAPIENICA"	19600816	1.7
249189995	"WAPIENICA"	19600817	0.2
249189995	"WAPIENICA"	19600818	0
249189995	"WAPIENICA"	19600819	21.9
249189995	"WAPIENICA"	19600820	0.7
249189995	"WAPIENICA"	19600821	3.1
249189995	"WAPIENICA"	19600828	1
249189995	"WAPIENICA"	19600829	27.6
249189995	"WAPIENICA"	19600830	2.2
249189995	"WAPIENICA"	19600831	0.2
249189995	"WAPIENICA"	19600902	8.9
249189995	"WAPIENICA"	19600904	2
249189995	"WAPIENICA"	19600905	30.7
249189995	"WAPIENICA"	19600906	23.1
249189995	"WAPIENICA"	19600907	6.5
249189995	"WAPIENICA"	19600908	7.1
249189995	"WAPIENICA"	19600909	0.2
249189995	"WAPIENICA"	19600921	1.4
249189995	"WAPIENICA"	19600922	0.4
249189995	"WAPIENICA"	19600923	0.2
249189995	"WAPIENICA"	19600924	0.1
249189995	"WAPIENICA"	19600926	4.9
249189995	"WAPIENICA"	19600927	2.8
249189995	"WAPIENICA"	19600928	0.6
249189995	"WAPIENICA"	19601001	18.4
249189995	"WAPIENICA"	19601002	0.8
249189995	"WAPIENICA"	19601007	3.5
249189995	"WAPIENICA"	19601008	5
249189995	"WAPIENICA"	19601010	1
249189995	"WAPIENICA"	19601015	2.6
249189995	"WAPIENICA"	19601016	0.9
249189995	"WAPIENICA"	19601017	7
249189995	"WAPIENICA"	19601018	7.5
249189995	"WAPIENICA"	19601019	0.1
249189995	"WAPIENICA"	19601021	12.4
249189995	"WAPIENICA"	19601022	2.1
249189995	"WAPIENICA"	19601025	0.1
249189995	"WAPIENICA"	19601027	1.3
249189995	"WAPIENICA"	19601031	2.4
249189995	"WAPIENICA"	19601101	1.6
249189995	"WAPIENICA"	19601102	2.4
249189995	"WAPIENICA"	19601105	5.6
249189995	"WAPIENICA"	19601107	0.2
249189995	"WAPIENICA"	19601108	0.3
249189995	"WAPIENICA"	19601113	3.2
249189995	"WAPIENICA"	19601114	3.5
249189995	"WAPIENICA"	19601116	9.2
249189995	"WAPIENICA"	19601118	4.3
249189995	"WAPIENICA"	19601119	10.7
249189995	"WAPIENICA"	19601120	2.7
249189995	"WAPIENICA"	19601124	0.2
249189995	"WAPIENICA"	19601125	1
249189995	"WAPIENICA"	19601126	0.2
249189995	"WAPIENICA"	19601127	0.3
249189995	"WAPIENICA"	19601128	5
249189995	"WAPIENICA"	19601129	1
249189995	"WAPIENICA"	19601130	1.3
249189995	"WAPIENICA"	19601203	2.7
249189995	"WAPIENICA"	19601204	2
249189995	"WAPIENICA"	19601207	0.1
249189995	"WAPIENICA"	19601208	4.3
249189995	"WAPIENICA"	19601209	1.7
249189995	"WAPIENICA"	19601211	30.2
249189995	"WAPIENICA"	19601212	6.3
249189995	"WAPIENICA"	19601213	1.6
249189995	"WAPIENICA"	19601214	3.3
249189995	"WAPIENICA"	19601215	0.1
249189995	"WAPIENICA"	19601219	9
249189995	"WAPIENICA"	19601229	1.7
249189995	"WAPIENICA"	19601230	0.5
