"V1"	"V2"	"V3"	"V4"
249180020	"WARSZOWICE"	19510503	4.9
249180020	"WARSZOWICE"	19510504	9.2
249180020	"WARSZOWICE"	19510505	11.7
249180020	"WARSZOWICE"	19510506	5.3
249180020	"WARSZOWICE"	19510508	0.2
249180020	"WARSZOWICE"	19510509	1.8
249180020	"WARSZOWICE"	19510510	25.8
249180020	"WARSZOWICE"	19510511	8.4
249180020	"WARSZOWICE"	19510514	7.5
249180020	"WARSZOWICE"	19510515	7.5
249180020	"WARSZOWICE"	19510516	9.7
249180020	"WARSZOWICE"	19510518	7.6
249180020	"WARSZOWICE"	19510520	8
249180020	"WARSZOWICE"	19510521	2.7
249180020	"WARSZOWICE"	19510522	5.2
249180020	"WARSZOWICE"	19510523	1.4
249180020	"WARSZOWICE"	19510527	0.7
249180020	"WARSZOWICE"	19510528	1.6
249180020	"WARSZOWICE"	19510603	0
249180020	"WARSZOWICE"	19510604	1
249180020	"WARSZOWICE"	19510605	7.1
249180020	"WARSZOWICE"	19510609	9.7
249180020	"WARSZOWICE"	19510610	2.7
249180020	"WARSZOWICE"	19510618	4.2
249180020	"WARSZOWICE"	19510620	2.4
249180020	"WARSZOWICE"	19510624	21.3
249180020	"WARSZOWICE"	19510625	2.2
249180020	"WARSZOWICE"	19510628	4.4
249180020	"WARSZOWICE"	19510703	1.3
249180020	"WARSZOWICE"	19510704	2.2
249180020	"WARSZOWICE"	19510705	2.9
249180020	"WARSZOWICE"	19510712	23.1
249180020	"WARSZOWICE"	19510713	9.9
249180020	"WARSZOWICE"	19510715	0.8
249180020	"WARSZOWICE"	19510720	4.7
249180020	"WARSZOWICE"	19510723	3.5
249180020	"WARSZOWICE"	19510724	1.6
249180020	"WARSZOWICE"	19510725	3.3
249180020	"WARSZOWICE"	19510726	2
249180020	"WARSZOWICE"	19510730	1.6
249180020	"WARSZOWICE"	19510804	0
249180020	"WARSZOWICE"	19510809	11.1
249180020	"WARSZOWICE"	19510811	3.2
249180020	"WARSZOWICE"	19510814	1.2
249180020	"WARSZOWICE"	19510817	2
249180020	"WARSZOWICE"	19510822	4.1
249180020	"WARSZOWICE"	19510823	4.9
249180020	"WARSZOWICE"	19510909	0.4
249180020	"WARSZOWICE"	19510913	6.5
249180020	"WARSZOWICE"	19510917	2.5
249180020	"WARSZOWICE"	19510921	6.5
249180020	"WARSZOWICE"	19510926	0
249180020	"WARSZOWICE"	19510928	0.08
249180020	"WARSZOWICE"	19510929	11.1
249180020	"WARSZOWICE"	19510930	1
249180020	"WARSZOWICE"	19511001	0.3
249180020	"WARSZOWICE"	19511102	0.08
249180020	"WARSZOWICE"	19511103	10
249180020	"WARSZOWICE"	19511104	3
249180020	"WARSZOWICE"	19511105	0.7
249180020	"WARSZOWICE"	19511108	0
249180020	"WARSZOWICE"	19511114	0
249180020	"WARSZOWICE"	19511115	0
249180020	"WARSZOWICE"	19511121	0.7
249180020	"WARSZOWICE"	19511122	10.3
249180020	"WARSZOWICE"	19511123	4.7
249180020	"WARSZOWICE"	19511125	6.7
249180020	"WARSZOWICE"	19511126	1.7
249180020	"WARSZOWICE"	19511127	1.3
249180020	"WARSZOWICE"	19511129	1.2
249180020	"WARSZOWICE"	19511130	11.5
249180020	"WARSZOWICE"	19511204	16.2
249180020	"WARSZOWICE"	19511205	0
249180020	"WARSZOWICE"	19511209	3
249180020	"WARSZOWICE"	19511210	1.8
249180020	"WARSZOWICE"	19511211	0.9
249180020	"WARSZOWICE"	19511213	10.9
249180020	"WARSZOWICE"	19511214	0.6
249180020	"WARSZOWICE"	19511215	0.7
249180020	"WARSZOWICE"	19511228	0.2
249180020	"WARSZOWICE"	19511229	2.8
249180020	"WARSZOWICE"	19511230	5.7
249180020	"WARSZOWICE"	19511231	1.2
249180020	"WARSZOWICE"	19520104	1.8
249180020	"WARSZOWICE"	19520106	1.3
249180020	"WARSZOWICE"	19520108	3.1
249180020	"WARSZOWICE"	19520110	0.9
249180020	"WARSZOWICE"	19520111	8.7
249180020	"WARSZOWICE"	19520112	1
249180020	"WARSZOWICE"	19520114	0.2
249180020	"WARSZOWICE"	19520117	0
249180020	"WARSZOWICE"	19520118	9
249180020	"WARSZOWICE"	19520119	0.8
249180020	"WARSZOWICE"	19520120	10
249180020	"WARSZOWICE"	19520121	2.5
249180020	"WARSZOWICE"	19520126	4.2
249180020	"WARSZOWICE"	19520127	11.1
249180020	"WARSZOWICE"	19520201	3.3
249180020	"WARSZOWICE"	19520203	1.3
249180020	"WARSZOWICE"	19520204	2.2
249180020	"WARSZOWICE"	19520205	0.8
249180020	"WARSZOWICE"	19520208	1.6
249180020	"WARSZOWICE"	19520210	0.8
249180020	"WARSZOWICE"	19520211	2.2
249180020	"WARSZOWICE"	19520214	13.1
249180020	"WARSZOWICE"	19520215	12.9
249180020	"WARSZOWICE"	19520216	3.8
249180020	"WARSZOWICE"	19520217	8.8
249180020	"WARSZOWICE"	19520218	2
249180020	"WARSZOWICE"	19520219	1.6
249180020	"WARSZOWICE"	19520220	0.7
249180020	"WARSZOWICE"	19520221	11
249180020	"WARSZOWICE"	19520222	5.6
249180020	"WARSZOWICE"	19520223	2.4
249180020	"WARSZOWICE"	19520224	0.6
249180020	"WARSZOWICE"	19520225	0
249180020	"WARSZOWICE"	19520226	7.3
249180020	"WARSZOWICE"	19520227	0.2
249180020	"WARSZOWICE"	19520228	3.2
249180020	"WARSZOWICE"	19520229	1.2
249180020	"WARSZOWICE"	19520302	2.3
249180020	"WARSZOWICE"	19520305	1.8
249180020	"WARSZOWICE"	19520306	0.5
249180020	"WARSZOWICE"	19520307	0.1
249180020	"WARSZOWICE"	19520313	3
249180020	"WARSZOWICE"	19520314	0.7
249180020	"WARSZOWICE"	19520322	0.1
249180020	"WARSZOWICE"	19520323	1
249180020	"WARSZOWICE"	19520325	2.8
249180020	"WARSZOWICE"	19520326	10
249180020	"WARSZOWICE"	19520327	9.7
249180020	"WARSZOWICE"	19520329	4.5
249180020	"WARSZOWICE"	19520401	14.8
249180020	"WARSZOWICE"	19520416	5.2
249180020	"WARSZOWICE"	19520424	1.5
249180020	"WARSZOWICE"	19520429	5.5
249180020	"WARSZOWICE"	19520501	3.9
249180020	"WARSZOWICE"	19520507	6.5
249180020	"WARSZOWICE"	19520508	1.2
249180020	"WARSZOWICE"	19520512	1.2
249180020	"WARSZOWICE"	19520515	2.8
249180020	"WARSZOWICE"	19520516	4
249180020	"WARSZOWICE"	19520520	5.5
249180020	"WARSZOWICE"	19520521	0.1
249180020	"WARSZOWICE"	19520522	1.6
249180020	"WARSZOWICE"	19520523	0.3
249180020	"WARSZOWICE"	19520525	1.2
249180020	"WARSZOWICE"	19520526	7
249180020	"WARSZOWICE"	19520527	2.2
249180020	"WARSZOWICE"	19520601	4.1
249180020	"WARSZOWICE"	19520602	17
249180020	"WARSZOWICE"	19520608	6.9
249180020	"WARSZOWICE"	19520610	2.5
249180020	"WARSZOWICE"	19520611	8.5
249180020	"WARSZOWICE"	19520614	15.4
249180020	"WARSZOWICE"	19520615	2.1
249180020	"WARSZOWICE"	19520616	19.2
249180020	"WARSZOWICE"	19520618	14.2
249180020	"WARSZOWICE"	19520619	4
249180020	"WARSZOWICE"	19520620	13.1
249180020	"WARSZOWICE"	19520623	5.5
249180020	"WARSZOWICE"	19520624	1.1
249180020	"WARSZOWICE"	19520625	10.4
249180020	"WARSZOWICE"	19520626	8.6
249180020	"WARSZOWICE"	19520627	1.9
249180020	"WARSZOWICE"	19520714	3.1
249180020	"WARSZOWICE"	19520717	0.8
249180020	"WARSZOWICE"	19520720	0.7
249180020	"WARSZOWICE"	19520724	0.4
249180020	"WARSZOWICE"	19520728	0.7
249180020	"WARSZOWICE"	19520729	1.9
249180020	"WARSZOWICE"	19520804	5.1
249180020	"WARSZOWICE"	19520808	0.7
249180020	"WARSZOWICE"	19520816	29
249180020	"WARSZOWICE"	19520818	4.5
249180020	"WARSZOWICE"	19520820	27
249180020	"WARSZOWICE"	19520822	8.8
249180020	"WARSZOWICE"	19520831	7.1
249180020	"WARSZOWICE"	19520901	3.2
249180020	"WARSZOWICE"	19520902	3
249180020	"WARSZOWICE"	19520903	1.5
249180020	"WARSZOWICE"	19520908	0.08
249180020	"WARSZOWICE"	19520909	72.3
249180020	"WARSZOWICE"	19520910	2.8
249180020	"WARSZOWICE"	19520911	1.5
249180020	"WARSZOWICE"	19520912	4
249180020	"WARSZOWICE"	19520913	1.8
249180020	"WARSZOWICE"	19520917	0.7
249180020	"WARSZOWICE"	19520918	3.8
249180020	"WARSZOWICE"	19520919	10
249180020	"WARSZOWICE"	19520920	0.7
249180020	"WARSZOWICE"	19520922	5.5
249180020	"WARSZOWICE"	19520923	17.7
249180020	"WARSZOWICE"	19520924	3.2
249180020	"WARSZOWICE"	19520925	0
249180020	"WARSZOWICE"	19520926	0
249180020	"WARSZOWICE"	19520928	7.5
249180020	"WARSZOWICE"	19520929	9.8
249180020	"WARSZOWICE"	19521001	0.2
249180020	"WARSZOWICE"	19521002	6.2
249180020	"WARSZOWICE"	19521003	0.2
249180020	"WARSZOWICE"	19521005	15
249180020	"WARSZOWICE"	19521006	0.6
249180020	"WARSZOWICE"	19521008	2.8
249180020	"WARSZOWICE"	19521012	2.2
249180020	"WARSZOWICE"	19521015	1.5
249180020	"WARSZOWICE"	19521017	1.2
249180020	"WARSZOWICE"	19521020	2.9
249180020	"WARSZOWICE"	19521023	13.5
249180020	"WARSZOWICE"	19521025	4
249180020	"WARSZOWICE"	19521026	7
249180020	"WARSZOWICE"	19521027	6.4
249180020	"WARSZOWICE"	19521028	6.7
249180020	"WARSZOWICE"	19521029	3
249180020	"WARSZOWICE"	19521031	6.5
249180020	"WARSZOWICE"	19521101	3.5
249180020	"WARSZOWICE"	19521103	6.5
249180020	"WARSZOWICE"	19521107	7
249180020	"WARSZOWICE"	19521108	16.5
249180020	"WARSZOWICE"	19521109	2
249180020	"WARSZOWICE"	19521113	4.5
249180020	"WARSZOWICE"	19521116	0
249180020	"WARSZOWICE"	19521121	6.5
249180020	"WARSZOWICE"	19521122	8.2
249180020	"WARSZOWICE"	19521124	8.3
249180020	"WARSZOWICE"	19521128	2
249180020	"WARSZOWICE"	19521130	4
249180020	"WARSZOWICE"	19521203	0
249180020	"WARSZOWICE"	19521215	1.8
249180020	"WARSZOWICE"	19521216	3.8
249180020	"WARSZOWICE"	19521227	2.5
249180020	"WARSZOWICE"	19521229	4.5
249180020	"WARSZOWICE"	19530102	12
249180020	"WARSZOWICE"	19530103	0
249180020	"WARSZOWICE"	19530104	3
249180020	"WARSZOWICE"	19530107	9
249180020	"WARSZOWICE"	19530108	4
249180020	"WARSZOWICE"	19530110	2
249180020	"WARSZOWICE"	19530111	0.8
249180020	"WARSZOWICE"	19530112	0.8
249180020	"WARSZOWICE"	19530118	2.5
249180020	"WARSZOWICE"	19530121	3.5
249180020	"WARSZOWICE"	19530122	5.5
249180020	"WARSZOWICE"	19530123	2
249180020	"WARSZOWICE"	19530127	10
249180020	"WARSZOWICE"	19530128	3.5
249180020	"WARSZOWICE"	19530201	1.7
249180020	"WARSZOWICE"	19530202	2.9
249180020	"WARSZOWICE"	19530204	0.6
249180020	"WARSZOWICE"	19530207	2
249180020	"WARSZOWICE"	19530208	0.2
249180020	"WARSZOWICE"	19530213	0.3
249180020	"WARSZOWICE"	19530216	0.8
249180020	"WARSZOWICE"	19530217	1.6
249180020	"WARSZOWICE"	19530219	1.8
249180020	"WARSZOWICE"	19530220	1
249180020	"WARSZOWICE"	19530224	0.5
249180020	"WARSZOWICE"	19530228	4
249180020	"WARSZOWICE"	19530303	8.5
249180020	"WARSZOWICE"	19530306	0
249180020	"WARSZOWICE"	19530307	2.7
249180020	"WARSZOWICE"	19530311	7
249180020	"WARSZOWICE"	19530312	2.6
249180020	"WARSZOWICE"	19530327	4.2
249180020	"WARSZOWICE"	19530329	0
249180020	"WARSZOWICE"	19530331	0
249180020	"WARSZOWICE"	19530405	5
249180020	"WARSZOWICE"	19530406	3.2
249180020	"WARSZOWICE"	19530407	2
249180020	"WARSZOWICE"	19530416	3.5
249180020	"WARSZOWICE"	19530428	0.08
249180020	"WARSZOWICE"	19530429	21
249180020	"WARSZOWICE"	19530430	3
249180020	"WARSZOWICE"	19530503	5
249180020	"WARSZOWICE"	19530505	13.1
249180020	"WARSZOWICE"	19530506	7
249180020	"WARSZOWICE"	19530507	2.8
249180020	"WARSZOWICE"	19530509	2.5
249180020	"WARSZOWICE"	19530510	16
249180020	"WARSZOWICE"	19530511	6.2
249180020	"WARSZOWICE"	19530512	5.9
249180020	"WARSZOWICE"	19530513	0.8
249180020	"WARSZOWICE"	19530526	2.8
249180020	"WARSZOWICE"	19530527	4.5
249180020	"WARSZOWICE"	19530531	5.5
249180020	"WARSZOWICE"	19530603	3.8
249180020	"WARSZOWICE"	19530609	5
249180020	"WARSZOWICE"	19530610	13.5
249180020	"WARSZOWICE"	19530611	5.5
249180020	"WARSZOWICE"	19530612	1
249180020	"WARSZOWICE"	19530616	3
249180020	"WARSZOWICE"	19530617	0.1
249180020	"WARSZOWICE"	19530618	0.5
249180020	"WARSZOWICE"	19530619	1.5
249180020	"WARSZOWICE"	19530624	2
249180020	"WARSZOWICE"	19530625	13.9
249180020	"WARSZOWICE"	19530626	22.3
249180020	"WARSZOWICE"	19530702	0
249180020	"WARSZOWICE"	19530713	8
249180020	"WARSZOWICE"	19530714	2.1
249180020	"WARSZOWICE"	19530719	28
249180020	"WARSZOWICE"	19530727	5.5
249180020	"WARSZOWICE"	19530728	2.8
249180020	"WARSZOWICE"	19530729	7.7
249180020	"WARSZOWICE"	19530801	6.8
249180020	"WARSZOWICE"	19530805	7.9
249180020	"WARSZOWICE"	19530806	7.1
249180020	"WARSZOWICE"	19530807	8.9
249180020	"WARSZOWICE"	19530808	5
249180020	"WARSZOWICE"	19530821	8.6
249180020	"WARSZOWICE"	19530822	19
249180020	"WARSZOWICE"	19530903	57
249180020	"WARSZOWICE"	19530912	10
249180020	"WARSZOWICE"	19530913	11
249180020	"WARSZOWICE"	19530920	6.5
249180020	"WARSZOWICE"	19530929	7.7
249180020	"WARSZOWICE"	19530930	1.1
249180020	"WARSZOWICE"	19531004	1.1
249180020	"WARSZOWICE"	19531006	1.3
249180020	"WARSZOWICE"	19531030	6.8
249180020	"WARSZOWICE"	19531104	2.1
249180020	"WARSZOWICE"	19531106	8.6
249180020	"WARSZOWICE"	19531114	4.6
249180020	"WARSZOWICE"	19531121	8.5
249180020	"WARSZOWICE"	19531212	2.5
249180020	"WARSZOWICE"	19531223	2.4
249180020	"WARSZOWICE"	19531229	1.5
249180020	"WARSZOWICE"	19531230	1.4
249180020	"WARSZOWICE"	19531231	1.5
249180020	"WARSZOWICE"	19540101	1.5
249180020	"WARSZOWICE"	19540102	0
249180020	"WARSZOWICE"	19540108	1.8
249180020	"WARSZOWICE"	19540109	0.5
249180020	"WARSZOWICE"	19540110	1.6
249180020	"WARSZOWICE"	19540111	0
249180020	"WARSZOWICE"	19540114	1
249180020	"WARSZOWICE"	19540116	4.6
249180020	"WARSZOWICE"	19540117	1.9
249180020	"WARSZOWICE"	19540118	1.7
249180020	"WARSZOWICE"	19540120	2.9
249180020	"WARSZOWICE"	19540121	0.8
249180020	"WARSZOWICE"	19540123	0.7
249180020	"WARSZOWICE"	19540124	1.5
249180020	"WARSZOWICE"	19540129	1.2
249180020	"WARSZOWICE"	19540210	2.5
249180020	"WARSZOWICE"	19540211	2.1
249180020	"WARSZOWICE"	19540212	1.3
249180020	"WARSZOWICE"	19540215	22
249180020	"WARSZOWICE"	19540216	2
249180020	"WARSZOWICE"	19540303	4.4
249180020	"WARSZOWICE"	19540324	4
249180020	"WARSZOWICE"	19540325	1
249180020	"WARSZOWICE"	19540326	4.5
249180020	"WARSZOWICE"	19540327	1.2
249180020	"WARSZOWICE"	19540401	5.5
249180020	"WARSZOWICE"	19540402	0.5
249180020	"WARSZOWICE"	19540403	2.5
249180020	"WARSZOWICE"	19540405	5.8
249180020	"WARSZOWICE"	19540406	4
249180020	"WARSZOWICE"	19540407	1.5
249180020	"WARSZOWICE"	19540412	2.5
249180020	"WARSZOWICE"	19540414	7.5
249180020	"WARSZOWICE"	19540415	11
249180020	"WARSZOWICE"	19540416	2.5
249180020	"WARSZOWICE"	19540418	11.5
249180020	"WARSZOWICE"	19540419	9.5
249180020	"WARSZOWICE"	19540420	3.8
249180020	"WARSZOWICE"	19540503	2.5
249180020	"WARSZOWICE"	19540504	6.2
249180020	"WARSZOWICE"	19540507	1.9
249180020	"WARSZOWICE"	19540518	59
249180020	"WARSZOWICE"	19540519	2.2
249180020	"WARSZOWICE"	19540528	1.5
249180020	"WARSZOWICE"	19540529	1.2
249180020	"WARSZOWICE"	19540531	5
249180020	"WARSZOWICE"	19540601	1.9
249180020	"WARSZOWICE"	19540607	7.2
249180020	"WARSZOWICE"	19540608	1.1
249180020	"WARSZOWICE"	19540610	28.6
249180020	"WARSZOWICE"	19540611	2.8
249180020	"WARSZOWICE"	19540614	1.1
249180020	"WARSZOWICE"	19540616	3.5
249180020	"WARSZOWICE"	19540627	60.9
249180020	"WARSZOWICE"	19540628	10
249180020	"WARSZOWICE"	19540701	10
249180020	"WARSZOWICE"	19540702	31.5
249180020	"WARSZOWICE"	19540703	2
249180020	"WARSZOWICE"	19540705	0.9
249180020	"WARSZOWICE"	19540707	10.8
249180020	"WARSZOWICE"	19540709	16.1
249180020	"WARSZOWICE"	19540712	5.2
249180020	"WARSZOWICE"	19540713	3
249180020	"WARSZOWICE"	19540714	2
249180020	"WARSZOWICE"	19540715	2
249180020	"WARSZOWICE"	19540716	1.3
249180020	"WARSZOWICE"	19540717	0.2
249180020	"WARSZOWICE"	19540718	6.2
249180020	"WARSZOWICE"	19540719	6.5
249180020	"WARSZOWICE"	19540721	5.2
249180020	"WARSZOWICE"	19540722	9.7
249180020	"WARSZOWICE"	19540725	0.3
249180020	"WARSZOWICE"	19540726	1.8
249180020	"WARSZOWICE"	19540727	6.4
249180020	"WARSZOWICE"	19540731	10.5
249180020	"WARSZOWICE"	19540807	4.4
249180020	"WARSZOWICE"	19540810	9.2
249180020	"WARSZOWICE"	19540812	0.5
249180020	"WARSZOWICE"	19540815	0
249180020	"WARSZOWICE"	19540816	8.6
249180020	"WARSZOWICE"	19540822	3.1
249180020	"WARSZOWICE"	19540907	3.3
249180020	"WARSZOWICE"	19540912	6.4
249180020	"WARSZOWICE"	19540915	2
249180020	"WARSZOWICE"	19540916	0.7
249180020	"WARSZOWICE"	19540917	0.2
249180020	"WARSZOWICE"	19540920	2
249180020	"WARSZOWICE"	19540927	0.8
249180020	"WARSZOWICE"	19540929	0.4
249180020	"WARSZOWICE"	19540930	5.2
249180020	"WARSZOWICE"	19541001	1.9
249180020	"WARSZOWICE"	19541004	1.3
249180020	"WARSZOWICE"	19541005	0.08
249180020	"WARSZOWICE"	19541006	6.4
249180020	"WARSZOWICE"	19541019	6.5
249180020	"WARSZOWICE"	19541022	1.8
249180020	"WARSZOWICE"	19541025	12.6
249180020	"WARSZOWICE"	19541028	0.8
249180020	"WARSZOWICE"	19541103	6.3
249180020	"WARSZOWICE"	19541107	0.2
249180020	"WARSZOWICE"	19541109	3
249180020	"WARSZOWICE"	19541110	8.2
249180020	"WARSZOWICE"	19541115	4.2
249180020	"WARSZOWICE"	19541116	0.8
249180020	"WARSZOWICE"	19541201	0.4
249180020	"WARSZOWICE"	19541202	0.7
249180020	"WARSZOWICE"	19541204	1.9
249180020	"WARSZOWICE"	19541205	0.7
249180020	"WARSZOWICE"	19541206	2
249180020	"WARSZOWICE"	19541208	4
249180020	"WARSZOWICE"	19541211	1
249180020	"WARSZOWICE"	19541212	3.4
249180020	"WARSZOWICE"	19541213	7.9
249180020	"WARSZOWICE"	19541214	2.1
249180020	"WARSZOWICE"	19541215	3
249180020	"WARSZOWICE"	19541218	1.7
249180020	"WARSZOWICE"	19541222	3
249180020	"WARSZOWICE"	19541225	0
249180020	"WARSZOWICE"	19541226	8.5
249180020	"WARSZOWICE"	19541227	11
249180020	"WARSZOWICE"	19541228	17.5
249180020	"WARSZOWICE"	19541229	3.2
249180020	"WARSZOWICE"	19541230	1.7
249180020	"WARSZOWICE"	19541231	3
249180020	"WARSZOWICE"	19550101	11
249180020	"WARSZOWICE"	19550102	26
249180020	"WARSZOWICE"	19550103	31.9
249180020	"WARSZOWICE"	19550108	4.5
249180020	"WARSZOWICE"	19550111	10.4
249180020	"WARSZOWICE"	19550116	30
249180020	"WARSZOWICE"	19550208	9
249180020	"WARSZOWICE"	19550209	3
249180020	"WARSZOWICE"	19550210	5.5
249180020	"WARSZOWICE"	19550211	0.5
249180020	"WARSZOWICE"	19550215	0.3
249180020	"WARSZOWICE"	19550218	8.5
249180020	"WARSZOWICE"	19550219	1
249180020	"WARSZOWICE"	19550221	2
249180020	"WARSZOWICE"	19550224	2.2
249180020	"WARSZOWICE"	19550306	13.7
249180020	"WARSZOWICE"	19550308	5.2
249180020	"WARSZOWICE"	19550309	0.5
249180020	"WARSZOWICE"	19550310	0.2
249180020	"WARSZOWICE"	19550314	0.3
249180020	"WARSZOWICE"	19550315	5
249180020	"WARSZOWICE"	19550317	0.5
249180020	"WARSZOWICE"	19550318	3.4
249180020	"WARSZOWICE"	19550319	7.8
249180020	"WARSZOWICE"	19550324	8.2
249180020	"WARSZOWICE"	19550325	5.5
249180020	"WARSZOWICE"	19550327	4
249180020	"WARSZOWICE"	19550401	2.1
249180020	"WARSZOWICE"	19550407	4.5
249180020	"WARSZOWICE"	19550410	7.6
249180020	"WARSZOWICE"	19550411	2.1
249180020	"WARSZOWICE"	19550412	2.6
249180020	"WARSZOWICE"	19550413	5
249180020	"WARSZOWICE"	19550414	5
249180020	"WARSZOWICE"	19550416	7.6
249180020	"WARSZOWICE"	19550418	5.6
249180020	"WARSZOWICE"	19550419	5.5
249180020	"WARSZOWICE"	19550420	5
249180020	"WARSZOWICE"	19550424	6.6
249180020	"WARSZOWICE"	19550510	11.5
249180020	"WARSZOWICE"	19550511	7
249180020	"WARSZOWICE"	19550516	21.5
249180020	"WARSZOWICE"	19550518	11.5
249180020	"WARSZOWICE"	19550519	2.1
249180020	"WARSZOWICE"	19550526	8
249180020	"WARSZOWICE"	19550527	25.5
249180020	"WARSZOWICE"	19550601	5.5
249180020	"WARSZOWICE"	19550602	18.4
249180020	"WARSZOWICE"	19550603	13.1
249180020	"WARSZOWICE"	19550610	6.8
249180020	"WARSZOWICE"	19550611	6.3
249180020	"WARSZOWICE"	19550613	3.2
249180020	"WARSZOWICE"	19550614	1.1
249180020	"WARSZOWICE"	19550620	23.7
249180020	"WARSZOWICE"	19550621	34.7
249180020	"WARSZOWICE"	19550626	19.5
249180020	"WARSZOWICE"	19550627	2.8
249180020	"WARSZOWICE"	19550630	3.2
249180020	"WARSZOWICE"	19550702	1
249180020	"WARSZOWICE"	19550703	17.3
249180020	"WARSZOWICE"	19550704	3.5
249180020	"WARSZOWICE"	19550707	28.5
249180020	"WARSZOWICE"	19550708	17
249180020	"WARSZOWICE"	19550709	1.8
249180020	"WARSZOWICE"	19550710	20.8
249180020	"WARSZOWICE"	19550711	8.5
249180020	"WARSZOWICE"	19550713	1.1
249180020	"WARSZOWICE"	19550717	1.2
249180020	"WARSZOWICE"	19550724	16.6
249180020	"WARSZOWICE"	19550725	1.5
249180020	"WARSZOWICE"	19550727	2.5
249180020	"WARSZOWICE"	19550728	6
249180020	"WARSZOWICE"	19550729	2
249180020	"WARSZOWICE"	19550731	0.5
249180020	"WARSZOWICE"	19550802	25.5
249180020	"WARSZOWICE"	19550805	7.5
249180020	"WARSZOWICE"	19550807	9
249180020	"WARSZOWICE"	19550808	4.5
249180020	"WARSZOWICE"	19550812	26
249180020	"WARSZOWICE"	19550816	4.5
249180020	"WARSZOWICE"	19550823	3.5
249180020	"WARSZOWICE"	19550827	1.2
249180020	"WARSZOWICE"	19550901	5.3
249180020	"WARSZOWICE"	19550906	0.5
249180020	"WARSZOWICE"	19550911	0.1
249180020	"WARSZOWICE"	19550913	15.5
249180020	"WARSZOWICE"	19550914	16.5
249180020	"WARSZOWICE"	19550927	12.8
249180020	"WARSZOWICE"	19551006	2
249180020	"WARSZOWICE"	19551007	8.4
249180020	"WARSZOWICE"	19551008	3
249180020	"WARSZOWICE"	19551010	3.5
249180020	"WARSZOWICE"	19551023	9.2
249180020	"WARSZOWICE"	19551024	5.6
249180020	"WARSZOWICE"	19551113	3
249180020	"WARSZOWICE"	19551116	6.2
249180020	"WARSZOWICE"	19551120	1.8
249180020	"WARSZOWICE"	19551122	0.9
249180020	"WARSZOWICE"	19551123	5
249180020	"WARSZOWICE"	19551124	0.8
249180020	"WARSZOWICE"	19551125	0.5
249180020	"WARSZOWICE"	19551203	4.6
249180020	"WARSZOWICE"	19551205	1.9
249180020	"WARSZOWICE"	19551206	0.6
249180020	"WARSZOWICE"	19551207	3.2
249180020	"WARSZOWICE"	19551208	0.7
249180020	"WARSZOWICE"	19551209	0.2
249180020	"WARSZOWICE"	19551210	0.3
249180020	"WARSZOWICE"	19551211	2
249180020	"WARSZOWICE"	19551215	0.4
249180020	"WARSZOWICE"	19551216	1.6
249180020	"WARSZOWICE"	19551217	2
249180020	"WARSZOWICE"	19551221	5.6
249180020	"WARSZOWICE"	19551224	7.5
249180020	"WARSZOWICE"	19551226	11.5
249180020	"WARSZOWICE"	19551227	3.5
249180020	"WARSZOWICE"	19551228	3.5
249180020	"WARSZOWICE"	19551229	2.8
249180020	"WARSZOWICE"	19560101	0.2
249180020	"WARSZOWICE"	19560103	0.9
249180020	"WARSZOWICE"	19560105	2.5
249180020	"WARSZOWICE"	19560107	0
249180020	"WARSZOWICE"	19560118	1.9
249180020	"WARSZOWICE"	19560122	0.4
249180020	"WARSZOWICE"	19560125	1.4
249180020	"WARSZOWICE"	19560128	1
249180020	"WARSZOWICE"	19560129	0.9
249180020	"WARSZOWICE"	19560202	0.9
249180020	"WARSZOWICE"	19560205	0.5
249180020	"WARSZOWICE"	19560206	1.1
249180020	"WARSZOWICE"	19560207	0.4
249180020	"WARSZOWICE"	19560208	1.8
249180020	"WARSZOWICE"	19560209	1
249180020	"WARSZOWICE"	19560211	2.8
249180020	"WARSZOWICE"	19560212	2.9
249180020	"WARSZOWICE"	19560213	0.7
249180020	"WARSZOWICE"	19560214	3.7
249180020	"WARSZOWICE"	19560215	1.2
249180020	"WARSZOWICE"	19560216	0.5
249180020	"WARSZOWICE"	19560218	1.8
249180020	"WARSZOWICE"	19560220	5.8
249180020	"WARSZOWICE"	19560221	1.8
249180020	"WARSZOWICE"	19560222	1.5
249180020	"WARSZOWICE"	19560223	0.3
249180020	"WARSZOWICE"	19560227	0.2
249180020	"WARSZOWICE"	19560228	1.1
249180020	"WARSZOWICE"	19560229	1.5
249180020	"WARSZOWICE"	19560301	2.2
249180020	"WARSZOWICE"	19560302	1
249180020	"WARSZOWICE"	19560304	3
249180020	"WARSZOWICE"	19560305	0.3
249180020	"WARSZOWICE"	19560307	3.7
249180020	"WARSZOWICE"	19560309	2
249180020	"WARSZOWICE"	19560311	3.2
249180020	"WARSZOWICE"	19560313	0.2
249180020	"WARSZOWICE"	19560404	7
249180020	"WARSZOWICE"	19560406	1.3
249180020	"WARSZOWICE"	19560409	6
249180020	"WARSZOWICE"	19560410	0.3
249180020	"WARSZOWICE"	19560413	3.7
249180020	"WARSZOWICE"	19560417	4.7
249180020	"WARSZOWICE"	19560418	5.2
249180020	"WARSZOWICE"	19560420	1.6
249180020	"WARSZOWICE"	19560421	2
249180020	"WARSZOWICE"	19560423	1
249180020	"WARSZOWICE"	19560426	8.6
249180020	"WARSZOWICE"	19560429	5.5
249180020	"WARSZOWICE"	19560430	25
249180020	"WARSZOWICE"	19560501	0.5
249180020	"WARSZOWICE"	19560508	0.6
249180020	"WARSZOWICE"	19560510	2.8
249180020	"WARSZOWICE"	19560511	0.9
249180020	"WARSZOWICE"	19560512	3
249180020	"WARSZOWICE"	19560513	10.2
249180020	"WARSZOWICE"	19560517	11.5
249180020	"WARSZOWICE"	19560518	6.6
249180020	"WARSZOWICE"	19560519	8.3
249180020	"WARSZOWICE"	19560520	0.5
249180020	"WARSZOWICE"	19560526	1.6
249180020	"WARSZOWICE"	19560607	0.5
249180020	"WARSZOWICE"	19560609	25.2
249180020	"WARSZOWICE"	19560611	0.8
249180020	"WARSZOWICE"	19560612	1.2
249180020	"WARSZOWICE"	19560619	7.1
249180020	"WARSZOWICE"	19560620	12.2
249180020	"WARSZOWICE"	19560622	2.2
249180020	"WARSZOWICE"	19560623	25
249180020	"WARSZOWICE"	19560624	32
249180020	"WARSZOWICE"	19560625	8.6
249180020	"WARSZOWICE"	19560627	1.5
249180020	"WARSZOWICE"	19560628	3.5
249180020	"WARSZOWICE"	19560629	3.6
249180020	"WARSZOWICE"	19560630	0.5
249180020	"WARSZOWICE"	19560703	57
249180020	"WARSZOWICE"	19560706	3.2
249180020	"WARSZOWICE"	19560715	11.9
249180020	"WARSZOWICE"	19560716	4.4
249180020	"WARSZOWICE"	19560720	7.5
249180020	"WARSZOWICE"	19560721	3.6
249180020	"WARSZOWICE"	19560722	0.4
249180020	"WARSZOWICE"	19560723	6.2
249180020	"WARSZOWICE"	19560725	1
249180020	"WARSZOWICE"	19560729	2
249180020	"WARSZOWICE"	19560730	7.7
249180020	"WARSZOWICE"	19560802	4
249180020	"WARSZOWICE"	19560804	4.7
249180020	"WARSZOWICE"	19560806	0.6
249180020	"WARSZOWICE"	19560807	5
249180020	"WARSZOWICE"	19560811	18.2
249180020	"WARSZOWICE"	19560812	15
249180020	"WARSZOWICE"	19560814	4
249180020	"WARSZOWICE"	19560817	14.5
249180020	"WARSZOWICE"	19560818	2.3
249180020	"WARSZOWICE"	19560819	3
249180020	"WARSZOWICE"	19560821	20.2
249180020	"WARSZOWICE"	19560823	9.4
249180020	"WARSZOWICE"	19560829	7.8
249180020	"WARSZOWICE"	19560904	7.5
249180020	"WARSZOWICE"	19560910	6.4
249180020	"WARSZOWICE"	19560911	3
249180020	"WARSZOWICE"	19560912	7.8
249180020	"WARSZOWICE"	19560913	6
249180020	"WARSZOWICE"	19560917	8.4
249180020	"WARSZOWICE"	19560928	2.5
249180020	"WARSZOWICE"	19561003	6.4
249180020	"WARSZOWICE"	19561004	2.2
249180020	"WARSZOWICE"	19561005	0.9
249180020	"WARSZOWICE"	19561006	23.9
249180020	"WARSZOWICE"	19561007	1
249180020	"WARSZOWICE"	19561014	2.5
249180020	"WARSZOWICE"	19561017	0.9
249180020	"WARSZOWICE"	19561026	2.2
249180020	"WARSZOWICE"	19561028	13.2
249180020	"WARSZOWICE"	19561029	6.1
249180020	"WARSZOWICE"	19561105	1.1
249180020	"WARSZOWICE"	19561107	8.4
249180020	"WARSZOWICE"	19561108	3
249180020	"WARSZOWICE"	19561110	3.5
249180020	"WARSZOWICE"	19561112	5.1
249180020	"WARSZOWICE"	19561113	6.2
249180020	"WARSZOWICE"	19561114	0.5
249180020	"WARSZOWICE"	19561115	3.6
249180020	"WARSZOWICE"	19561116	1.5
249180020	"WARSZOWICE"	19561125	1.2
249180020	"WARSZOWICE"	19561126	8.9
249180020	"WARSZOWICE"	19561128	8
249180020	"WARSZOWICE"	19561203	5.2
249180020	"WARSZOWICE"	19561204	7.1
249180020	"WARSZOWICE"	19561205	4.1
249180020	"WARSZOWICE"	19561209	2.1
249180020	"WARSZOWICE"	19561213	4.3
249180020	"WARSZOWICE"	19561224	5.8
249180020	"WARSZOWICE"	19561225	2.2
249180020	"WARSZOWICE"	19561231	2.2
249180020	"WARSZOWICE"	19570105	3.5
249180020	"WARSZOWICE"	19570110	3.5
249180020	"WARSZOWICE"	19570111	3.4
249180020	"WARSZOWICE"	19570112	4.9
249180020	"WARSZOWICE"	19570113	1.5
249180020	"WARSZOWICE"	19570125	2.8
249180020	"WARSZOWICE"	19570130	4.2
249180020	"WARSZOWICE"	19570201	4.5
249180020	"WARSZOWICE"	19570206	0.8
249180020	"WARSZOWICE"	19570208	2.3
249180020	"WARSZOWICE"	19570209	1
249180020	"WARSZOWICE"	19570210	2.5
249180020	"WARSZOWICE"	19570215	0
249180020	"WARSZOWICE"	19570218	9.7
249180020	"WARSZOWICE"	19570221	7.5
249180020	"WARSZOWICE"	19570222	0.3
249180020	"WARSZOWICE"	19570223	0
249180020	"WARSZOWICE"	19570224	4.2
249180020	"WARSZOWICE"	19570225	5.4
249180020	"WARSZOWICE"	19570228	1.1
249180020	"WARSZOWICE"	19570301	1
249180020	"WARSZOWICE"	19570302	0
249180020	"WARSZOWICE"	19570315	9
249180020	"WARSZOWICE"	19570316	2.2
249180020	"WARSZOWICE"	19570317	9
249180020	"WARSZOWICE"	19570318	4.5
249180020	"WARSZOWICE"	19570319	2.8
249180020	"WARSZOWICE"	19570324	1
249180020	"WARSZOWICE"	19570325	0.4
249180020	"WARSZOWICE"	19570328	5
249180020	"WARSZOWICE"	19570329	6.4
249180020	"WARSZOWICE"	19570407	14
249180020	"WARSZOWICE"	19570408	0
249180020	"WARSZOWICE"	19570410	5
249180020	"WARSZOWICE"	19570411	4
249180020	"WARSZOWICE"	19570413	1.1
249180020	"WARSZOWICE"	19570414	0
249180020	"WARSZOWICE"	19570419	0.9
249180020	"WARSZOWICE"	19570421	3.3
249180020	"WARSZOWICE"	19570422	8.5
249180020	"WARSZOWICE"	19570423	3
249180020	"WARSZOWICE"	19570424	7
249180020	"WARSZOWICE"	19570429	0.3
249180020	"WARSZOWICE"	19570430	4.5
249180020	"WARSZOWICE"	19570502	1
249180020	"WARSZOWICE"	19570505	1.3
249180020	"WARSZOWICE"	19570506	1.2
249180020	"WARSZOWICE"	19570507	2.8
249180020	"WARSZOWICE"	19570508	1
249180020	"WARSZOWICE"	19570509	2
249180020	"WARSZOWICE"	19570510	9.5
249180020	"WARSZOWICE"	19570512	10.7
249180020	"WARSZOWICE"	19570520	25.3
249180020	"WARSZOWICE"	19570525	0
249180020	"WARSZOWICE"	19570604	13.5
249180020	"WARSZOWICE"	19570605	7.3
249180020	"WARSZOWICE"	19570607	16
249180020	"WARSZOWICE"	19570608	0
249180020	"WARSZOWICE"	19570609	6.5
249180020	"WARSZOWICE"	19570619	0.5
249180020	"WARSZOWICE"	19570621	0
249180020	"WARSZOWICE"	19570622	11
249180020	"WARSZOWICE"	19570626	0
249180020	"WARSZOWICE"	19570702	23.5
249180020	"WARSZOWICE"	19570705	2.1
249180020	"WARSZOWICE"	19570706	22
249180020	"WARSZOWICE"	19570707	3
249180020	"WARSZOWICE"	19570708	5.5
249180020	"WARSZOWICE"	19570710	6.5
249180020	"WARSZOWICE"	19570714	2.2
249180020	"WARSZOWICE"	19570715	17
249180020	"WARSZOWICE"	19570716	45.1
249180020	"WARSZOWICE"	19570717	7.2
249180020	"WARSZOWICE"	19570720	28.5
249180020	"WARSZOWICE"	19570723	6.2
249180020	"WARSZOWICE"	19570725	13.5
249180020	"WARSZOWICE"	19570726	1
249180020	"WARSZOWICE"	19570727	4.2
249180020	"WARSZOWICE"	19570729	0.1
249180020	"WARSZOWICE"	19570730	0.8
249180020	"WARSZOWICE"	19570807	0
249180020	"WARSZOWICE"	19570808	0
249180020	"WARSZOWICE"	19570810	10.1
249180020	"WARSZOWICE"	19570813	7
249180020	"WARSZOWICE"	19570814	31.4
249180020	"WARSZOWICE"	19570816	6.5
249180020	"WARSZOWICE"	19570817	1.5
249180020	"WARSZOWICE"	19570821	8
249180020	"WARSZOWICE"	19570822	7.6
249180020	"WARSZOWICE"	19570824	5.9
249180020	"WARSZOWICE"	19570827	4.9
249180020	"WARSZOWICE"	19570828	9.7
249180020	"WARSZOWICE"	19570831	12.7
249180020	"WARSZOWICE"	19570902	19.8
249180020	"WARSZOWICE"	19570903	3.7
249180020	"WARSZOWICE"	19570904	2.5
249180020	"WARSZOWICE"	19570909	4.3
249180020	"WARSZOWICE"	19570910	1.4
249180020	"WARSZOWICE"	19570911	2.5
249180020	"WARSZOWICE"	19570912	5.8
249180020	"WARSZOWICE"	19570914	13.5
249180020	"WARSZOWICE"	19570916	1
249180020	"WARSZOWICE"	19570917	2.9
249180020	"WARSZOWICE"	19570918	1
249180020	"WARSZOWICE"	19570919	1.6
249180020	"WARSZOWICE"	19570920	0.8
249180020	"WARSZOWICE"	19570922	0.6
249180020	"WARSZOWICE"	19570923	8
249180020	"WARSZOWICE"	19570924	5.5
249180020	"WARSZOWICE"	19570927	1.5
249180020	"WARSZOWICE"	19570928	3.3
249180020	"WARSZOWICE"	19570929	16.8
249180020	"WARSZOWICE"	19571003	1.1
249180020	"WARSZOWICE"	19571020	5.1
249180020	"WARSZOWICE"	19571022	4.7
249180020	"WARSZOWICE"	19571108	2.5
249180020	"WARSZOWICE"	19571109	0
249180020	"WARSZOWICE"	19571110	1
249180020	"WARSZOWICE"	19571111	1.3
249180020	"WARSZOWICE"	19571122	2
249180020	"WARSZOWICE"	19571127	1.1
249180020	"WARSZOWICE"	19571128	9.2
249180020	"WARSZOWICE"	19571129	4
249180020	"WARSZOWICE"	19571203	5
249180020	"WARSZOWICE"	19571204	5.4
249180020	"WARSZOWICE"	19571205	3
249180020	"WARSZOWICE"	19571207	0
249180020	"WARSZOWICE"	19571208	6.5
249180020	"WARSZOWICE"	19571209	0.3
249180020	"WARSZOWICE"	19571210	3
249180020	"WARSZOWICE"	19571213	5
249180020	"WARSZOWICE"	19571214	4.5
249180020	"WARSZOWICE"	19571227	1.1
249180020	"WARSZOWICE"	19580101	2.1
249180020	"WARSZOWICE"	19580103	1.8
249180020	"WARSZOWICE"	19580105	2
249180020	"WARSZOWICE"	19580106	0.4
249180020	"WARSZOWICE"	19580107	7.8
249180020	"WARSZOWICE"	19580109	0
249180020	"WARSZOWICE"	19580112	1
249180020	"WARSZOWICE"	19580113	0.5
249180020	"WARSZOWICE"	19580114	1
249180020	"WARSZOWICE"	19580115	0.6
249180020	"WARSZOWICE"	19580116	0.9
249180020	"WARSZOWICE"	19580117	1.8
249180020	"WARSZOWICE"	19580118	0
249180020	"WARSZOWICE"	19580119	0.1
249180020	"WARSZOWICE"	19580120	18.1
249180020	"WARSZOWICE"	19580203	1.5
249180020	"WARSZOWICE"	19580204	0.7
249180020	"WARSZOWICE"	19580205	2.3
249180020	"WARSZOWICE"	19580206	2.4
249180020	"WARSZOWICE"	19580207	0.5
249180020	"WARSZOWICE"	19580208	4.3
249180020	"WARSZOWICE"	19580211	3
249180020	"WARSZOWICE"	19580213	0.5
249180020	"WARSZOWICE"	19580214	0
249180020	"WARSZOWICE"	19580215	4
249180020	"WARSZOWICE"	19580216	0
249180020	"WARSZOWICE"	19580217	1.1
249180020	"WARSZOWICE"	19580219	0.1
249180020	"WARSZOWICE"	19580220	1.8
249180020	"WARSZOWICE"	19580222	7.5
249180020	"WARSZOWICE"	19580223	3.1
249180020	"WARSZOWICE"	19580224	3
249180020	"WARSZOWICE"	19580227	5.8
249180020	"WARSZOWICE"	19580302	14
249180020	"WARSZOWICE"	19580303	3.5
249180020	"WARSZOWICE"	19580304	0.2
249180020	"WARSZOWICE"	19580306	8.4
249180020	"WARSZOWICE"	19580308	2.5
249180020	"WARSZOWICE"	19580311	6.7
249180020	"WARSZOWICE"	19580312	6.3
249180020	"WARSZOWICE"	19580313	1.2
249180020	"WARSZOWICE"	19580314	0.2
249180020	"WARSZOWICE"	19580315	1.7
249180020	"WARSZOWICE"	19580316	1.8
249180020	"WARSZOWICE"	19580317	1
249180020	"WARSZOWICE"	19580318	0.8
249180020	"WARSZOWICE"	19580320	2.5
249180020	"WARSZOWICE"	19580321	3.7
249180020	"WARSZOWICE"	19580322	0.1
249180020	"WARSZOWICE"	19580323	3.8
249180020	"WARSZOWICE"	19580405	4
249180020	"WARSZOWICE"	19580406	0.4
249180020	"WARSZOWICE"	19580407	0.6
249180020	"WARSZOWICE"	19580416	7
249180020	"WARSZOWICE"	19580417	16
249180020	"WARSZOWICE"	19580419	4.5
249180020	"WARSZOWICE"	19580421	7.9
249180020	"WARSZOWICE"	19580422	7.5
249180020	"WARSZOWICE"	19580427	2.8
249180020	"WARSZOWICE"	19580502	0.7
249180020	"WARSZOWICE"	19580503	4.7
249180020	"WARSZOWICE"	19580504	0
249180020	"WARSZOWICE"	19580506	5.7
249180020	"WARSZOWICE"	19580507	2.1
249180020	"WARSZOWICE"	19580508	5.4
249180020	"WARSZOWICE"	19580510	1.5
249180020	"WARSZOWICE"	19580523	37.8
249180020	"WARSZOWICE"	19580528	15.1
249180020	"WARSZOWICE"	19580531	1
249180020	"WARSZOWICE"	19580605	0.2
249180020	"WARSZOWICE"	19580606	1.8
249180020	"WARSZOWICE"	19580609	7.8
249180020	"WARSZOWICE"	19580620	4.2
249180020	"WARSZOWICE"	19580622	5.8
249180020	"WARSZOWICE"	19580623	8.3
249180020	"WARSZOWICE"	19580624	6.2
249180020	"WARSZOWICE"	19580626	6.4
249180020	"WARSZOWICE"	19580627	10.4
249180020	"WARSZOWICE"	19580628	25.7
249180020	"WARSZOWICE"	19580629	31.1
249180020	"WARSZOWICE"	19580630	2.8
249180020	"WARSZOWICE"	19580702	5.6
249180020	"WARSZOWICE"	19580703	7.8
249180020	"WARSZOWICE"	19580704	21.8
249180020	"WARSZOWICE"	19580705	7.4
249180020	"WARSZOWICE"	19580706	5.5
249180020	"WARSZOWICE"	19580707	4.6
249180020	"WARSZOWICE"	19580717	3.4
249180020	"WARSZOWICE"	19580722	0.1
249180020	"WARSZOWICE"	19580723	11
249180020	"WARSZOWICE"	19580724	0
249180020	"WARSZOWICE"	19580725	0.8
249180020	"WARSZOWICE"	19580726	23.5
249180020	"WARSZOWICE"	19580803	1.1
249180020	"WARSZOWICE"	19580807	37.3
249180020	"WARSZOWICE"	19580808	13.5
249180020	"WARSZOWICE"	19580812	3.5
249180020	"WARSZOWICE"	19580813	1.9
249180020	"WARSZOWICE"	19580814	0
249180020	"WARSZOWICE"	19580816	3.2
249180020	"WARSZOWICE"	19580818	6.5
249180020	"WARSZOWICE"	19580820	6.2
249180020	"WARSZOWICE"	19580821	0.6
249180020	"WARSZOWICE"	19580822	5.6
249180020	"WARSZOWICE"	19580825	0
249180020	"WARSZOWICE"	19580826	4.4
249180020	"WARSZOWICE"	19580909	5.5
249180020	"WARSZOWICE"	19580910	1.5
249180020	"WARSZOWICE"	19580911	7.2
249180020	"WARSZOWICE"	19580912	7.5
249180020	"WARSZOWICE"	19580916	4.5
249180020	"WARSZOWICE"	19580918	5.4
249180020	"WARSZOWICE"	19580921	3.7
249180020	"WARSZOWICE"	19580922	6.9
249180020	"WARSZOWICE"	19580923	0.7
249180020	"WARSZOWICE"	19580924	0
249180020	"WARSZOWICE"	19580926	3.5
249180020	"WARSZOWICE"	19580927	1.7
249180020	"WARSZOWICE"	19581002	10.3
249180020	"WARSZOWICE"	19581003	4
249180020	"WARSZOWICE"	19581006	0
249180020	"WARSZOWICE"	19581007	2.6
249180020	"WARSZOWICE"	19581008	4.7
249180020	"WARSZOWICE"	19581012	7
249180020	"WARSZOWICE"	19581013	26.8
249180020	"WARSZOWICE"	19581014	9
249180020	"WARSZOWICE"	19581015	5
249180020	"WARSZOWICE"	19581016	3.6
249180020	"WARSZOWICE"	19581017	2.3
249180020	"WARSZOWICE"	19581018	2.5
249180020	"WARSZOWICE"	19581019	0
249180020	"WARSZOWICE"	19581101	7.6
249180020	"WARSZOWICE"	19581102	0.1
249180020	"WARSZOWICE"	19581108	2.4
249180020	"WARSZOWICE"	19581109	2.9
249180020	"WARSZOWICE"	19581110	10
249180020	"WARSZOWICE"	19581115	10
249180020	"WARSZOWICE"	19581121	0.1
249180020	"WARSZOWICE"	19581125	0.1
249180020	"WARSZOWICE"	19581126	0.1
249180020	"WARSZOWICE"	19581129	1.2
249180020	"WARSZOWICE"	19581201	4.5
249180020	"WARSZOWICE"	19581205	1.5
249180020	"WARSZOWICE"	19581206	1.7
249180020	"WARSZOWICE"	19581213	2
249180020	"WARSZOWICE"	19581214	16.5
249180020	"WARSZOWICE"	19581224	4.1
249180020	"WARSZOWICE"	19581225	9.7
249180020	"WARSZOWICE"	19581226	4.1
249180020	"WARSZOWICE"	19581227	5.9
249180020	"WARSZOWICE"	19581229	1.2
249180020	"WARSZOWICE"	19581230	1.8
249180020	"WARSZOWICE"	19590105	2
249180020	"WARSZOWICE"	19590107	1
249180020	"WARSZOWICE"	19590108	0.8
249180020	"WARSZOWICE"	19590109	19.5
249180020	"WARSZOWICE"	19590113	1.1
249180020	"WARSZOWICE"	19590114	0.9
249180020	"WARSZOWICE"	19590117	0.5
249180020	"WARSZOWICE"	19590120	0.1
249180020	"WARSZOWICE"	19590123	3.7
249180020	"WARSZOWICE"	19590124	7.7
249180020	"WARSZOWICE"	19590125	2
249180020	"WARSZOWICE"	19590126	2
249180020	"WARSZOWICE"	19590127	2.1
249180020	"WARSZOWICE"	19590128	0.2
249180020	"WARSZOWICE"	19590130	0.7
249180020	"WARSZOWICE"	19590131	2.2
249180020	"WARSZOWICE"	19590201	7.4
249180020	"WARSZOWICE"	19590202	0.5
249180020	"WARSZOWICE"	19590216	2
249180020	"WARSZOWICE"	19590221	3.9
249180020	"WARSZOWICE"	19590222	0
249180020	"WARSZOWICE"	19590224	1.4
249180020	"WARSZOWICE"	19590307	2.5
249180020	"WARSZOWICE"	19590308	19.2
249180020	"WARSZOWICE"	19590323	0
249180020	"WARSZOWICE"	19590405	6
249180020	"WARSZOWICE"	19590406	2.9
249180020	"WARSZOWICE"	19590408	3.4
249180020	"WARSZOWICE"	19590410	1
249180020	"WARSZOWICE"	19590411	4.1
249180020	"WARSZOWICE"	19590412	0
249180020	"WARSZOWICE"	19590413	2.3
249180020	"WARSZOWICE"	19590417	4.7
249180020	"WARSZOWICE"	19590422	1.3
249180020	"WARSZOWICE"	19590423	2.9
249180020	"WARSZOWICE"	19590427	1.5
249180020	"WARSZOWICE"	19590501	17
249180020	"WARSZOWICE"	19590502	3.5
249180020	"WARSZOWICE"	19590506	3.3
249180020	"WARSZOWICE"	19590512	12.2
249180020	"WARSZOWICE"	19590513	0
249180020	"WARSZOWICE"	19590515	3
249180020	"WARSZOWICE"	19590517	8.4
249180020	"WARSZOWICE"	19590519	0
249180020	"WARSZOWICE"	19590520	0.3
249180020	"WARSZOWICE"	19590531	28.5
249180020	"WARSZOWICE"	19590601	0.08
249180020	"WARSZOWICE"	19590602	0.08
249180020	"WARSZOWICE"	19590603	9.3
249180020	"WARSZOWICE"	19590608	2.2
249180020	"WARSZOWICE"	19590609	10.1
249180020	"WARSZOWICE"	19590610	0.8
249180020	"WARSZOWICE"	19590611	0.6
249180020	"WARSZOWICE"	19590612	1.9
249180020	"WARSZOWICE"	19590613	12.5
249180020	"WARSZOWICE"	19590615	3
249180020	"WARSZOWICE"	19590625	12.5
249180020	"WARSZOWICE"	19590628	0.4
249180020	"WARSZOWICE"	19590629	43.5
249180020	"WARSZOWICE"	19590630	46.7
249180020	"WARSZOWICE"	19590701	8.5
249180020	"WARSZOWICE"	19590703	3.9
249180020	"WARSZOWICE"	19590707	15
249180020	"WARSZOWICE"	19590716	4
249180020	"WARSZOWICE"	19590717	5.7
249180020	"WARSZOWICE"	19590718	15.6
249180020	"WARSZOWICE"	19590719	9.9
249180020	"WARSZOWICE"	19590720	2.5
249180020	"WARSZOWICE"	19590729	31
249180020	"WARSZOWICE"	19590730	27
249180020	"WARSZOWICE"	19590731	37.3
249180020	"WARSZOWICE"	19590801	4.6
249180020	"WARSZOWICE"	19590805	2.2
249180020	"WARSZOWICE"	19590813	5.1
249180020	"WARSZOWICE"	19590814	0.4
249180020	"WARSZOWICE"	19590816	2.9
249180020	"WARSZOWICE"	19590817	1.4
249180020	"WARSZOWICE"	19590818	7.7
249180020	"WARSZOWICE"	19590829	0.2
249180020	"WARSZOWICE"	19590913	2
249180020	"WARSZOWICE"	19591022	2.4
249180020	"WARSZOWICE"	19591023	1.8
249180020	"WARSZOWICE"	19591024	0.2
249180020	"WARSZOWICE"	19591106	2.8
249180020	"WARSZOWICE"	19591107	9.1
249180020	"WARSZOWICE"	19591108	9.3
249180020	"WARSZOWICE"	19591115	1.1
249180020	"WARSZOWICE"	19591116	4.5
249180020	"WARSZOWICE"	19591117	1.5
249180020	"WARSZOWICE"	19591204	7.5
249180020	"WARSZOWICE"	19591205	8.4
249180020	"WARSZOWICE"	19591206	0.4
249180020	"WARSZOWICE"	19591213	13
249180020	"WARSZOWICE"	19591214	4
249180020	"WARSZOWICE"	19591218	6.1
249180020	"WARSZOWICE"	19591221	1.7
249180020	"WARSZOWICE"	19591223	1.5
249180020	"WARSZOWICE"	19591224	25.4
249180020	"WARSZOWICE"	19591225	2
249180020	"WARSZOWICE"	19591227	1
249180020	"WARSZOWICE"	19591228	4.3
249180020	"WARSZOWICE"	19600101	2.5
249180020	"WARSZOWICE"	19600105	9.5
249180020	"WARSZOWICE"	19600106	2
249180020	"WARSZOWICE"	19600108	2.9
249180020	"WARSZOWICE"	19600109	0.3
249180020	"WARSZOWICE"	19600111	0.1
249180020	"WARSZOWICE"	19600112	7.9
249180020	"WARSZOWICE"	19600113	0.5
249180020	"WARSZOWICE"	19600114	0.2
249180020	"WARSZOWICE"	19600120	0.6
249180020	"WARSZOWICE"	19600121	1.5
249180020	"WARSZOWICE"	19600128	1.5
249180020	"WARSZOWICE"	19600130	3.5
249180020	"WARSZOWICE"	19600131	0
249180020	"WARSZOWICE"	19600213	4.2
249180020	"WARSZOWICE"	19600214	3
249180020	"WARSZOWICE"	19600218	2.8
249180020	"WARSZOWICE"	19600219	0.2
249180020	"WARSZOWICE"	19600223	9.1
249180020	"WARSZOWICE"	19600224	2.8
249180020	"WARSZOWICE"	19600227	0.2
249180020	"WARSZOWICE"	19600301	2.6
249180020	"WARSZOWICE"	19600310	2.7
249180020	"WARSZOWICE"	19600316	7.5
249180020	"WARSZOWICE"	19600317	4.1
249180020	"WARSZOWICE"	19600318	12.1
249180020	"WARSZOWICE"	19600319	4.8
249180020	"WARSZOWICE"	19600403	0
249180020	"WARSZOWICE"	19600406	2.5
249180020	"WARSZOWICE"	19600407	3.8
249180020	"WARSZOWICE"	19600408	5.9
249180020	"WARSZOWICE"	19600410	0.2
249180020	"WARSZOWICE"	19600414	3
249180020	"WARSZOWICE"	19600422	1.2
249180020	"WARSZOWICE"	19600423	1
249180020	"WARSZOWICE"	19600424	5.6
249180020	"WARSZOWICE"	19600425	2.4
249180020	"WARSZOWICE"	19600426	2.5
249180020	"WARSZOWICE"	19600427	0
249180020	"WARSZOWICE"	19600428	4
249180020	"WARSZOWICE"	19600429	4.1
249180020	"WARSZOWICE"	19600501	2.4
249180020	"WARSZOWICE"	19600509	1.5
249180020	"WARSZOWICE"	19600517	19.9
249180020	"WARSZOWICE"	19600519	6.1
249180020	"WARSZOWICE"	19600520	20
249180020	"WARSZOWICE"	19600521	0
249180020	"WARSZOWICE"	19600522	11
249180020	"WARSZOWICE"	19600523	14.5
249180020	"WARSZOWICE"	19600524	7.5
249180020	"WARSZOWICE"	19600525	5.2
249180020	"WARSZOWICE"	19600526	2.2
249180020	"WARSZOWICE"	19600529	1.5
249180020	"WARSZOWICE"	19600602	23.5
249180020	"WARSZOWICE"	19600603	47
249180020	"WARSZOWICE"	19600604	0.4
249180020	"WARSZOWICE"	19600605	0
249180020	"WARSZOWICE"	19600606	0.2
249180020	"WARSZOWICE"	19600609	11.5
249180020	"WARSZOWICE"	19600610	6.2
249180020	"WARSZOWICE"	19600611	1.2
249180020	"WARSZOWICE"	19600614	37.2
249180020	"WARSZOWICE"	19600615	5.5
249180020	"WARSZOWICE"	19600619	7
249180020	"WARSZOWICE"	19600620	3.9
249180020	"WARSZOWICE"	19600621	2.4
249180020	"WARSZOWICE"	19600626	1.4
249180020	"WARSZOWICE"	19600627	10.2
249180020	"WARSZOWICE"	19600628	1.5
249180020	"WARSZOWICE"	19600629	0
249180020	"WARSZOWICE"	19600702	2
249180020	"WARSZOWICE"	19600703	2
249180020	"WARSZOWICE"	19600704	3.2
249180020	"WARSZOWICE"	19600705	1
249180020	"WARSZOWICE"	19600706	4.6
249180020	"WARSZOWICE"	19600707	21.2
249180020	"WARSZOWICE"	19600708	5.4
249180020	"WARSZOWICE"	19600709	28.7
249180020	"WARSZOWICE"	19600712	41.4
249180020	"WARSZOWICE"	19600713	16.6
249180020	"WARSZOWICE"	19600716	0
249180020	"WARSZOWICE"	19600720	14
249180020	"WARSZOWICE"	19600721	3.6
249180020	"WARSZOWICE"	19600722	25
249180020	"WARSZOWICE"	19600723	13.2
249180020	"WARSZOWICE"	19600724	11.1
249180020	"WARSZOWICE"	19600725	35.3
249180020	"WARSZOWICE"	19600726	1.7
249180020	"WARSZOWICE"	19600727	0
249180020	"WARSZOWICE"	19600802	0.1
249180020	"WARSZOWICE"	19600805	13.5
249180020	"WARSZOWICE"	19600806	0
249180020	"WARSZOWICE"	19600808	12
249180020	"WARSZOWICE"	19600813	8.5
249180020	"WARSZOWICE"	19600814	0
249180020	"WARSZOWICE"	19600815	3.5
249180020	"WARSZOWICE"	19600816	0.08
249180020	"WARSZOWICE"	19600817	8
249180020	"WARSZOWICE"	19600819	6.2
249180020	"WARSZOWICE"	19600820	2.8
249180020	"WARSZOWICE"	19600821	3
249180020	"WARSZOWICE"	19600829	41.6
249180020	"WARSZOWICE"	19600830	0.7
249180020	"WARSZOWICE"	19600831	0
249180020	"WARSZOWICE"	19600901	4.5
249180020	"WARSZOWICE"	19600902	7.1
249180020	"WARSZOWICE"	19600904	2
249180020	"WARSZOWICE"	19600905	19
249180020	"WARSZOWICE"	19600906	5.2
249180020	"WARSZOWICE"	19600907	0.1
249180020	"WARSZOWICE"	19600908	2.2
249180020	"WARSZOWICE"	19600909	0
249180020	"WARSZOWICE"	19600926	4.3
249180020	"WARSZOWICE"	19600927	0.1
249180020	"WARSZOWICE"	19601001	10.5
249180020	"WARSZOWICE"	19601007	8.5
249180020	"WARSZOWICE"	19601008	1
249180020	"WARSZOWICE"	19601010	1.6
249180020	"WARSZOWICE"	19601015	8.1
249180020	"WARSZOWICE"	19601017	6.3
249180020	"WARSZOWICE"	19601018	0.5
249180020	"WARSZOWICE"	19601021	10.7
249180020	"WARSZOWICE"	19601025	0.1
249180020	"WARSZOWICE"	19601026	7.3
249180020	"WARSZOWICE"	19601031	0
249180020	"WARSZOWICE"	19601101	4
249180020	"WARSZOWICE"	19601102	1.8
249180020	"WARSZOWICE"	19601105	3.9
249180020	"WARSZOWICE"	19601113	4
249180020	"WARSZOWICE"	19601116	4.4
249180020	"WARSZOWICE"	19601118	0.8
249180020	"WARSZOWICE"	19601119	12.4
249180020	"WARSZOWICE"	19601125	1.9
249180020	"WARSZOWICE"	19601127	2.5
249180020	"WARSZOWICE"	19601203	3
249180020	"WARSZOWICE"	19601204	1.5
249180020	"WARSZOWICE"	19601208	4.7
249180020	"WARSZOWICE"	19601209	2
249180020	"WARSZOWICE"	19601211	19.5
249180020	"WARSZOWICE"	19601212	1.5
249180020	"WARSZOWICE"	19601215	6
249180020	"WARSZOWICE"	19601219	11
249180020	"WARSZOWICE"	19601229	2.3
