"V1"	"V2"	"V3"	"V4"
249180230	"WISŁA-CENTRUM"	19501101	0.9
249180230	"WISŁA-CENTRUM"	19501102	0.5
249180230	"WISŁA-CENTRUM"	19501104	0.7
249180230	"WISŁA-CENTRUM"	19501105	0.9
249180230	"WISŁA-CENTRUM"	19501107	2.3
249180230	"WISŁA-CENTRUM"	19501108	1.2
249180230	"WISŁA-CENTRUM"	19501111	0.6
249180230	"WISŁA-CENTRUM"	19501114	12.7
249180230	"WISŁA-CENTRUM"	19501115	21.9
249180230	"WISŁA-CENTRUM"	19501116	0.2
249180230	"WISŁA-CENTRUM"	19501117	9.7
249180230	"WISŁA-CENTRUM"	19501123	1.2
249180230	"WISŁA-CENTRUM"	19501125	2.4
249180230	"WISŁA-CENTRUM"	19501126	7.4
249180230	"WISŁA-CENTRUM"	19501127	9.5
249180230	"WISŁA-CENTRUM"	19501129	9.4
249180230	"WISŁA-CENTRUM"	19501201	0.1
249180230	"WISŁA-CENTRUM"	19501204	6.6
249180230	"WISŁA-CENTRUM"	19501205	0.2
249180230	"WISŁA-CENTRUM"	19501206	2.2
249180230	"WISŁA-CENTRUM"	19501210	11.1
249180230	"WISŁA-CENTRUM"	19501211	0
249180230	"WISŁA-CENTRUM"	19501212	3.4
249180230	"WISŁA-CENTRUM"	19501217	11.6
249180230	"WISŁA-CENTRUM"	19501219	8.7
249180230	"WISŁA-CENTRUM"	19501225	11.1
249180230	"WISŁA-CENTRUM"	19501226	0.9
249180230	"WISŁA-CENTRUM"	19501227	0.3
249180230	"WISŁA-CENTRUM"	19501231	4.8
249180230	"WISŁA-CENTRUM"	19510102	0
249180230	"WISŁA-CENTRUM"	19510103	0
249180230	"WISŁA-CENTRUM"	19510104	4.8
249180230	"WISŁA-CENTRUM"	19510105	6.2
249180230	"WISŁA-CENTRUM"	19510106	8.2
249180230	"WISŁA-CENTRUM"	19510107	0
249180230	"WISŁA-CENTRUM"	19510113	0.6
249180230	"WISŁA-CENTRUM"	19510114	2.4
249180230	"WISŁA-CENTRUM"	19510116	1.4
249180230	"WISŁA-CENTRUM"	19510117	2.3
249180230	"WISŁA-CENTRUM"	19510118	2.5
249180230	"WISŁA-CENTRUM"	19510119	17.2
249180230	"WISŁA-CENTRUM"	19510120	58.3
249180230	"WISŁA-CENTRUM"	19510121	62.3
249180230	"WISŁA-CENTRUM"	19510123	1.6
249180230	"WISŁA-CENTRUM"	19510125	0
249180230	"WISŁA-CENTRUM"	19510126	0
249180230	"WISŁA-CENTRUM"	19510214	0.6
249180230	"WISŁA-CENTRUM"	19510215	0.4
249180230	"WISŁA-CENTRUM"	19510218	0.7
249180230	"WISŁA-CENTRUM"	19510222	0.5
249180230	"WISŁA-CENTRUM"	19510223	0.2
249180230	"WISŁA-CENTRUM"	19510224	0.8
249180230	"WISŁA-CENTRUM"	19510225	4.3
249180230	"WISŁA-CENTRUM"	19510226	9.7
249180230	"WISŁA-CENTRUM"	19510227	0.7
249180230	"WISŁA-CENTRUM"	19510228	1.4
249180230	"WISŁA-CENTRUM"	19510301	1.8
249180230	"WISŁA-CENTRUM"	19510303	3.2
249180230	"WISŁA-CENTRUM"	19510304	0.7
249180230	"WISŁA-CENTRUM"	19510305	2.1
249180230	"WISŁA-CENTRUM"	19510307	4.9
249180230	"WISŁA-CENTRUM"	19510308	5.8
249180230	"WISŁA-CENTRUM"	19510309	9.4
249180230	"WISŁA-CENTRUM"	19510310	8.9
249180230	"WISŁA-CENTRUM"	19510317	3.8
249180230	"WISŁA-CENTRUM"	19510318	9.9
249180230	"WISŁA-CENTRUM"	19510320	2.2
249180230	"WISŁA-CENTRUM"	19510321	0.9
249180230	"WISŁA-CENTRUM"	19510323	2.4
249180230	"WISŁA-CENTRUM"	19510324	6.4
249180230	"WISŁA-CENTRUM"	19510325	4.1
249180230	"WISŁA-CENTRUM"	19510326	2.6
249180230	"WISŁA-CENTRUM"	19510327	0.9
249180230	"WISŁA-CENTRUM"	19510328	1.3
249180230	"WISŁA-CENTRUM"	19510329	1.7
249180230	"WISŁA-CENTRUM"	19510330	0.6
249180230	"WISŁA-CENTRUM"	19510331	0.6
249180230	"WISŁA-CENTRUM"	19510401	34.3
249180230	"WISŁA-CENTRUM"	19510408	13.6
249180230	"WISŁA-CENTRUM"	19510409	7.3
249180230	"WISŁA-CENTRUM"	19510410	0
249180230	"WISŁA-CENTRUM"	19510414	0.4
249180230	"WISŁA-CENTRUM"	19510415	6.2
249180230	"WISŁA-CENTRUM"	19510420	0.5
249180230	"WISŁA-CENTRUM"	19510421	0
249180230	"WISŁA-CENTRUM"	19510422	7.9
249180230	"WISŁA-CENTRUM"	19510429	0
249180230	"WISŁA-CENTRUM"	19510430	91.2
249180230	"WISŁA-CENTRUM"	19510502	16.6
249180230	"WISŁA-CENTRUM"	19510503	13.8
249180230	"WISŁA-CENTRUM"	19510504	1.1
249180230	"WISŁA-CENTRUM"	19510505	8.2
249180230	"WISŁA-CENTRUM"	19510506	20.2
249180230	"WISŁA-CENTRUM"	19510509	4.4
249180230	"WISŁA-CENTRUM"	19510510	33.2
249180230	"WISŁA-CENTRUM"	19510511	38.4
249180230	"WISŁA-CENTRUM"	19510515	7.6
249180230	"WISŁA-CENTRUM"	19510516	3.4
249180230	"WISŁA-CENTRUM"	19510518	8.8
249180230	"WISŁA-CENTRUM"	19510521	0
249180230	"WISŁA-CENTRUM"	19510522	3.4
249180230	"WISŁA-CENTRUM"	19510523	9.6
249180230	"WISŁA-CENTRUM"	19510528	3.4
249180230	"WISŁA-CENTRUM"	19510603	4.1
249180230	"WISŁA-CENTRUM"	19510604	3
249180230	"WISŁA-CENTRUM"	19510605	41.2
249180230	"WISŁA-CENTRUM"	19510606	5.6
249180230	"WISŁA-CENTRUM"	19510607	8.4
249180230	"WISŁA-CENTRUM"	19510608	1.6
249180230	"WISŁA-CENTRUM"	19510609	0.3
249180230	"WISŁA-CENTRUM"	19510610	4.7
249180230	"WISŁA-CENTRUM"	19510613	4.8
249180230	"WISŁA-CENTRUM"	19510617	4.4
249180230	"WISŁA-CENTRUM"	19510618	9.4
249180230	"WISŁA-CENTRUM"	19510624	22.5
249180230	"WISŁA-CENTRUM"	19510625	20.6
249180230	"WISŁA-CENTRUM"	19510629	4.2
249180230	"WISŁA-CENTRUM"	19510704	3.6
249180230	"WISŁA-CENTRUM"	19510709	23.7
249180230	"WISŁA-CENTRUM"	19510712	0.8
249180230	"WISŁA-CENTRUM"	19510713	12.8
249180230	"WISŁA-CENTRUM"	19510715	11.5
249180230	"WISŁA-CENTRUM"	19510716	3.8
249180230	"WISŁA-CENTRUM"	19510717	0.7
249180230	"WISŁA-CENTRUM"	19510718	0.4
249180230	"WISŁA-CENTRUM"	19510723	0.3
249180230	"WISŁA-CENTRUM"	19510724	7.6
249180230	"WISŁA-CENTRUM"	19510725	19.8
249180230	"WISŁA-CENTRUM"	19510726	14.6
249180230	"WISŁA-CENTRUM"	19510727	0.9
249180230	"WISŁA-CENTRUM"	19510805	8.7
249180230	"WISŁA-CENTRUM"	19510809	4.8
249180230	"WISŁA-CENTRUM"	19510811	3.3
249180230	"WISŁA-CENTRUM"	19510814	25.3
249180230	"WISŁA-CENTRUM"	19510816	3.8
249180230	"WISŁA-CENTRUM"	19510817	4.6
249180230	"WISŁA-CENTRUM"	19510822	8.8
249180230	"WISŁA-CENTRUM"	19510823	7.4
249180230	"WISŁA-CENTRUM"	19510824	3.8
249180230	"WISŁA-CENTRUM"	19510826	15.4
249180230	"WISŁA-CENTRUM"	19510827	10.2
249180230	"WISŁA-CENTRUM"	19510918	0
249180230	"WISŁA-CENTRUM"	19510919	0
249180230	"WISŁA-CENTRUM"	19510920	7.3
249180230	"WISŁA-CENTRUM"	19510921	10.4
249180230	"WISŁA-CENTRUM"	19510926	0
249180230	"WISŁA-CENTRUM"	19510927	7.7
249180230	"WISŁA-CENTRUM"	19510928	0.4
249180230	"WISŁA-CENTRUM"	19511023	0.1
249180230	"WISŁA-CENTRUM"	19511101	0
249180230	"WISŁA-CENTRUM"	19511102	10
249180230	"WISŁA-CENTRUM"	19511104	1
249180230	"WISŁA-CENTRUM"	19511114	1.4
249180230	"WISŁA-CENTRUM"	19511115	3.6
249180230	"WISŁA-CENTRUM"	19511121	5.4
249180230	"WISŁA-CENTRUM"	19511122	23.6
249180230	"WISŁA-CENTRUM"	19511123	9.5
249180230	"WISŁA-CENTRUM"	19511124	4.6
249180230	"WISŁA-CENTRUM"	19511125	6.1
249180230	"WISŁA-CENTRUM"	19511126	16.6
249180230	"WISŁA-CENTRUM"	19511128	5.8
249180230	"WISŁA-CENTRUM"	19511129	48.4
249180230	"WISŁA-CENTRUM"	19511130	4.2
249180230	"WISŁA-CENTRUM"	19511202	2
249180230	"WISŁA-CENTRUM"	19511203	0
249180230	"WISŁA-CENTRUM"	19511204	21.1
249180230	"WISŁA-CENTRUM"	19511205	1.4
249180230	"WISŁA-CENTRUM"	19511209	5.6
249180230	"WISŁA-CENTRUM"	19511210	5.9
249180230	"WISŁA-CENTRUM"	19511211	0.8
249180230	"WISŁA-CENTRUM"	19511213	2.4
249180230	"WISŁA-CENTRUM"	19511214	16.4
249180230	"WISŁA-CENTRUM"	19511216	1.6
249180230	"WISŁA-CENTRUM"	19511227	0
249180230	"WISŁA-CENTRUM"	19511228	2.3
249180230	"WISŁA-CENTRUM"	19511229	4.6
249180230	"WISŁA-CENTRUM"	19511230	4.4
249180230	"WISŁA-CENTRUM"	19520101	0
249180230	"WISŁA-CENTRUM"	19520104	0
249180230	"WISŁA-CENTRUM"	19520105	2.4
249180230	"WISŁA-CENTRUM"	19520106	4.4
249180230	"WISŁA-CENTRUM"	19520107	2.9
249180230	"WISŁA-CENTRUM"	19520108	0.7
249180230	"WISŁA-CENTRUM"	19520109	7.4
249180230	"WISŁA-CENTRUM"	19520110	5.1
249180230	"WISŁA-CENTRUM"	19520111	7.9
249180230	"WISŁA-CENTRUM"	19520113	2.7
249180230	"WISŁA-CENTRUM"	19520114	1.8
249180230	"WISŁA-CENTRUM"	19520115	2.1
249180230	"WISŁA-CENTRUM"	19520117	0
249180230	"WISŁA-CENTRUM"	19520118	5.3
249180230	"WISŁA-CENTRUM"	19520119	8.4
249180230	"WISŁA-CENTRUM"	19520120	13.1
249180230	"WISŁA-CENTRUM"	19520121	1.5
249180230	"WISŁA-CENTRUM"	19520126	2.2
249180230	"WISŁA-CENTRUM"	19520127	4.2
249180230	"WISŁA-CENTRUM"	19520128	3.5
249180230	"WISŁA-CENTRUM"	19520201	0
249180230	"WISŁA-CENTRUM"	19520202	9.4
249180230	"WISŁA-CENTRUM"	19520203	5.6
249180230	"WISŁA-CENTRUM"	19520204	1.6
249180230	"WISŁA-CENTRUM"	19520205	17.3
249180230	"WISŁA-CENTRUM"	19520206	9.5
249180230	"WISŁA-CENTRUM"	19520208	0
249180230	"WISŁA-CENTRUM"	19520209	1.2
249180230	"WISŁA-CENTRUM"	19520210	1.5
249180230	"WISŁA-CENTRUM"	19520211	2.5
249180230	"WISŁA-CENTRUM"	19520212	0
249180230	"WISŁA-CENTRUM"	19520214	2.3
249180230	"WISŁA-CENTRUM"	19520215	62.5
249180230	"WISŁA-CENTRUM"	19520216	15.3
249180230	"WISŁA-CENTRUM"	19520217	8.9
249180230	"WISŁA-CENTRUM"	19520218	9.5
249180230	"WISŁA-CENTRUM"	19520219	1.2
249180230	"WISŁA-CENTRUM"	19520220	9.8
249180230	"WISŁA-CENTRUM"	19520221	10.3
249180230	"WISŁA-CENTRUM"	19520222	12.3
249180230	"WISŁA-CENTRUM"	19520223	18.5
249180230	"WISŁA-CENTRUM"	19520224	7.9
249180230	"WISŁA-CENTRUM"	19520225	4.3
249180230	"WISŁA-CENTRUM"	19520226	0
249180230	"WISŁA-CENTRUM"	19520227	21.5
249180230	"WISŁA-CENTRUM"	19520228	12.3
249180230	"WISŁA-CENTRUM"	19520229	5.6
249180230	"WISŁA-CENTRUM"	19520301	6.1
249180230	"WISŁA-CENTRUM"	19520303	2.4
249180230	"WISŁA-CENTRUM"	19520304	1.3
249180230	"WISŁA-CENTRUM"	19520305	9.4
249180230	"WISŁA-CENTRUM"	19520306	12.4
249180230	"WISŁA-CENTRUM"	19520307	0.6
249180230	"WISŁA-CENTRUM"	19520313	11.9
249180230	"WISŁA-CENTRUM"	19520314	5.4
249180230	"WISŁA-CENTRUM"	19520322	3.8
249180230	"WISŁA-CENTRUM"	19520323	4.9
249180230	"WISŁA-CENTRUM"	19520324	13.8
249180230	"WISŁA-CENTRUM"	19520325	1.3
249180230	"WISŁA-CENTRUM"	19520326	11.6
249180230	"WISŁA-CENTRUM"	19520327	1.3
249180230	"WISŁA-CENTRUM"	19520328	0.4
249180230	"WISŁA-CENTRUM"	19520401	0.3
249180230	"WISŁA-CENTRUM"	19520402	10.3
249180230	"WISŁA-CENTRUM"	19520406	0.5
249180230	"WISŁA-CENTRUM"	19520409	0
249180230	"WISŁA-CENTRUM"	19520416	6.4
249180230	"WISŁA-CENTRUM"	19520421	0
249180230	"WISŁA-CENTRUM"	19520423	0
249180230	"WISŁA-CENTRUM"	19520425	1.4
249180230	"WISŁA-CENTRUM"	19520426	1.6
249180230	"WISŁA-CENTRUM"	19520427	0.9
249180230	"WISŁA-CENTRUM"	19520428	5.7
249180230	"WISŁA-CENTRUM"	19520429	7.8
249180230	"WISŁA-CENTRUM"	19520501	1
249180230	"WISŁA-CENTRUM"	19520506	1.2
249180230	"WISŁA-CENTRUM"	19520507	11.8
249180230	"WISŁA-CENTRUM"	19520509	1.4
249180230	"WISŁA-CENTRUM"	19520510	0.3
249180230	"WISŁA-CENTRUM"	19520511	2.9
249180230	"WISŁA-CENTRUM"	19520512	8.9
249180230	"WISŁA-CENTRUM"	19520513	0.9
249180230	"WISŁA-CENTRUM"	19520514	1.8
249180230	"WISŁA-CENTRUM"	19520515	8.3
249180230	"WISŁA-CENTRUM"	19520516	4.8
249180230	"WISŁA-CENTRUM"	19520517	1.2
249180230	"WISŁA-CENTRUM"	19520518	0
249180230	"WISŁA-CENTRUM"	19520519	5.8
249180230	"WISŁA-CENTRUM"	19520520	9.3
249180230	"WISŁA-CENTRUM"	19520524	22.4
249180230	"WISŁA-CENTRUM"	19520525	6.8
249180230	"WISŁA-CENTRUM"	19520526	10.4
249180230	"WISŁA-CENTRUM"	19520527	4.1
249180230	"WISŁA-CENTRUM"	19520528	1.5
249180230	"WISŁA-CENTRUM"	19520529	2.1
249180230	"WISŁA-CENTRUM"	19520601	15.4
249180230	"WISŁA-CENTRUM"	19520602	1.2
249180230	"WISŁA-CENTRUM"	19520603	13.3
249180230	"WISŁA-CENTRUM"	19520604	29.6
249180230	"WISŁA-CENTRUM"	19520605	1.8
249180230	"WISŁA-CENTRUM"	19520607	0
249180230	"WISŁA-CENTRUM"	19520608	8.2
249180230	"WISŁA-CENTRUM"	19520609	2.4
249180230	"WISŁA-CENTRUM"	19520610	9.5
249180230	"WISŁA-CENTRUM"	19520611	3.9
249180230	"WISŁA-CENTRUM"	19520612	15.4
249180230	"WISŁA-CENTRUM"	19520614	2.1
249180230	"WISŁA-CENTRUM"	19520616	21.2
249180230	"WISŁA-CENTRUM"	19520618	3.6
249180230	"WISŁA-CENTRUM"	19520620	24.1
249180230	"WISŁA-CENTRUM"	19520623	0.2
249180230	"WISŁA-CENTRUM"	19520624	14.1
249180230	"WISŁA-CENTRUM"	19520625	9.6
249180230	"WISŁA-CENTRUM"	19520626	9.8
249180230	"WISŁA-CENTRUM"	19520627	15.1
249180230	"WISŁA-CENTRUM"	19520628	4.1
249180230	"WISŁA-CENTRUM"	19520712	3.4
249180230	"WISŁA-CENTRUM"	19520714	8.9
249180230	"WISŁA-CENTRUM"	19520716	2.5
249180230	"WISŁA-CENTRUM"	19520718	9.4
249180230	"WISŁA-CENTRUM"	19520720	1.1
249180230	"WISŁA-CENTRUM"	19520721	0
249180230	"WISŁA-CENTRUM"	19520723	16.8
249180230	"WISŁA-CENTRUM"	19520725	3.5
249180230	"WISŁA-CENTRUM"	19520726	3.1
249180230	"WISŁA-CENTRUM"	19520729	1.4
249180230	"WISŁA-CENTRUM"	19520803	8.4
249180230	"WISŁA-CENTRUM"	19520804	0
249180230	"WISŁA-CENTRUM"	19520807	1.1
249180230	"WISŁA-CENTRUM"	19520808	0.7
249180230	"WISŁA-CENTRUM"	19520816	16.7
249180230	"WISŁA-CENTRUM"	19520817	4.2
249180230	"WISŁA-CENTRUM"	19520818	5.1
249180230	"WISŁA-CENTRUM"	19520820	27.3
249180230	"WISŁA-CENTRUM"	19520821	1.1
249180230	"WISŁA-CENTRUM"	19520822	10.8
249180230	"WISŁA-CENTRUM"	19520823	0.3
249180230	"WISŁA-CENTRUM"	19520825	3.2
249180230	"WISŁA-CENTRUM"	19520831	15.2
249180230	"WISŁA-CENTRUM"	19520901	19.5
249180230	"WISŁA-CENTRUM"	19520902	9.2
249180230	"WISŁA-CENTRUM"	19520903	0.2
249180230	"WISŁA-CENTRUM"	19520904	8.1
249180230	"WISŁA-CENTRUM"	19520906	20.3
249180230	"WISŁA-CENTRUM"	19520907	19.1
249180230	"WISŁA-CENTRUM"	19520908	9.2
249180230	"WISŁA-CENTRUM"	19520909	37.2
249180230	"WISŁA-CENTRUM"	19520910	2.8
249180230	"WISŁA-CENTRUM"	19520911	1.9
249180230	"WISŁA-CENTRUM"	19520912	2.3
249180230	"WISŁA-CENTRUM"	19520913	13.1
249180230	"WISŁA-CENTRUM"	19520918	4.2
249180230	"WISŁA-CENTRUM"	19520919	28.7
249180230	"WISŁA-CENTRUM"	19520920	3.5
249180230	"WISŁA-CENTRUM"	19520922	7.4
249180230	"WISŁA-CENTRUM"	19520923	25.2
249180230	"WISŁA-CENTRUM"	19520924	10.6
249180230	"WISŁA-CENTRUM"	19520926	1.4
249180230	"WISŁA-CENTRUM"	19520927	3.1
249180230	"WISŁA-CENTRUM"	19520928	9.3
249180230	"WISŁA-CENTRUM"	19520929	11.3
249180230	"WISŁA-CENTRUM"	19521001	1.2
249180230	"WISŁA-CENTRUM"	19521002	10.3
249180230	"WISŁA-CENTRUM"	19521003	0.2
249180230	"WISŁA-CENTRUM"	19521004	3.3
249180230	"WISŁA-CENTRUM"	19521005	30.1
249180230	"WISŁA-CENTRUM"	19521007	7.4
249180230	"WISŁA-CENTRUM"	19521008	8.3
249180230	"WISŁA-CENTRUM"	19521011	2.1
249180230	"WISŁA-CENTRUM"	19521012	15.1
249180230	"WISŁA-CENTRUM"	19521013	6.3
249180230	"WISŁA-CENTRUM"	19521014	0.3
249180230	"WISŁA-CENTRUM"	19521015	3.6
249180230	"WISŁA-CENTRUM"	19521017	2.8
249180230	"WISŁA-CENTRUM"	19521018	0.3
249180230	"WISŁA-CENTRUM"	19521019	0.3
249180230	"WISŁA-CENTRUM"	19521020	4.8
249180230	"WISŁA-CENTRUM"	19521021	4.5
249180230	"WISŁA-CENTRUM"	19521023	17.1
249180230	"WISŁA-CENTRUM"	19521024	0.1
249180230	"WISŁA-CENTRUM"	19521025	1.2
249180230	"WISŁA-CENTRUM"	19521026	14.3
249180230	"WISŁA-CENTRUM"	19521027	7.8
249180230	"WISŁA-CENTRUM"	19521031	29.4
249180230	"WISŁA-CENTRUM"	19521101	48.2
249180230	"WISŁA-CENTRUM"	19521102	1.1
249180230	"WISŁA-CENTRUM"	19521103	13.3
249180230	"WISŁA-CENTRUM"	19521104	0.3
249180230	"WISŁA-CENTRUM"	19521106	3.1
249180230	"WISŁA-CENTRUM"	19521107	21.2
249180230	"WISŁA-CENTRUM"	19521108	32.5
249180230	"WISŁA-CENTRUM"	19521109	9.3
249180230	"WISŁA-CENTRUM"	19521110	1.3
249180230	"WISŁA-CENTRUM"	19521111	4
249180230	"WISŁA-CENTRUM"	19521113	4.4
249180230	"WISŁA-CENTRUM"	19521114	0.9
249180230	"WISŁA-CENTRUM"	19521115	1.2
249180230	"WISŁA-CENTRUM"	19521121	9.6
249180230	"WISŁA-CENTRUM"	19521122	5.6
249180230	"WISŁA-CENTRUM"	19521123	1.8
249180230	"WISŁA-CENTRUM"	19521127	1.4
249180230	"WISŁA-CENTRUM"	19521128	8.2
249180230	"WISŁA-CENTRUM"	19521129	1.2
249180230	"WISŁA-CENTRUM"	19521130	0
249180230	"WISŁA-CENTRUM"	19521201	0
249180230	"WISŁA-CENTRUM"	19521213	4.1
249180230	"WISŁA-CENTRUM"	19521214	0.4
249180230	"WISŁA-CENTRUM"	19521215	8.4
249180230	"WISŁA-CENTRUM"	19521216	2.3
249180230	"WISŁA-CENTRUM"	19521217	0.9
249180230	"WISŁA-CENTRUM"	19521221	6.2
249180230	"WISŁA-CENTRUM"	19521222	0.4
249180230	"WISŁA-CENTRUM"	19521225	5.4
249180230	"WISŁA-CENTRUM"	19521226	1.1
249180230	"WISŁA-CENTRUM"	19521227	0.6
249180230	"WISŁA-CENTRUM"	19521228	0.6
249180230	"WISŁA-CENTRUM"	19521229	1
249180230	"WISŁA-CENTRUM"	19521230	3.3
249180230	"WISŁA-CENTRUM"	19521231	2.8
249180230	"WISŁA-CENTRUM"	19530102	12.4
249180230	"WISŁA-CENTRUM"	19530103	6.4
249180230	"WISŁA-CENTRUM"	19530107	9.4
249180230	"WISŁA-CENTRUM"	19530108	3.4
249180230	"WISŁA-CENTRUM"	19530109	2.3
249180230	"WISŁA-CENTRUM"	19530110	3.1
249180230	"WISŁA-CENTRUM"	19530111	10.2
249180230	"WISŁA-CENTRUM"	19530112	2.1
249180230	"WISŁA-CENTRUM"	19530118	2.3
249180230	"WISŁA-CENTRUM"	19530119	7.3
249180230	"WISŁA-CENTRUM"	19530121	2.1
249180230	"WISŁA-CENTRUM"	19530122	7.8
249180230	"WISŁA-CENTRUM"	19530123	1.9
249180230	"WISŁA-CENTRUM"	19530127	9.3
249180230	"WISŁA-CENTRUM"	19530128	5.4
249180230	"WISŁA-CENTRUM"	19530129	4.3
249180230	"WISŁA-CENTRUM"	19530131	0.3
249180230	"WISŁA-CENTRUM"	19530201	0.1
249180230	"WISŁA-CENTRUM"	19530202	0.1
249180230	"WISŁA-CENTRUM"	19530203	6.3
249180230	"WISŁA-CENTRUM"	19530205	0.4
249180230	"WISŁA-CENTRUM"	19530206	2.5
249180230	"WISŁA-CENTRUM"	19530207	2.9
249180230	"WISŁA-CENTRUM"	19530208	6.4
249180230	"WISŁA-CENTRUM"	19530211	0.3
249180230	"WISŁA-CENTRUM"	19530212	0
249180230	"WISŁA-CENTRUM"	19530216	1.4
249180230	"WISŁA-CENTRUM"	19530217	2.4
249180230	"WISŁA-CENTRUM"	19530218	2.3
249180230	"WISŁA-CENTRUM"	19530219	4.8
249180230	"WISŁA-CENTRUM"	19530220	0.3
249180230	"WISŁA-CENTRUM"	19530221	0.1
249180230	"WISŁA-CENTRUM"	19530222	2.3
249180230	"WISŁA-CENTRUM"	19530223	0.2
249180230	"WISŁA-CENTRUM"	19530227	7.5
249180230	"WISŁA-CENTRUM"	19530303	6.2
249180230	"WISŁA-CENTRUM"	19530304	9.1
249180230	"WISŁA-CENTRUM"	19530307	9.5
249180230	"WISŁA-CENTRUM"	19530308	3.4
249180230	"WISŁA-CENTRUM"	19530309	3.5
249180230	"WISŁA-CENTRUM"	19530310	4.3
249180230	"WISŁA-CENTRUM"	19530311	9.3
249180230	"WISŁA-CENTRUM"	19530312	18.4
249180230	"WISŁA-CENTRUM"	19530327	6.3
249180230	"WISŁA-CENTRUM"	19530329	0
249180230	"WISŁA-CENTRUM"	19530331	0.3
249180230	"WISŁA-CENTRUM"	19530405	3.1
249180230	"WISŁA-CENTRUM"	19530406	1.2
249180230	"WISŁA-CENTRUM"	19530407	3
249180230	"WISŁA-CENTRUM"	19530408	0.2
249180230	"WISŁA-CENTRUM"	19530417	4.1
249180230	"WISŁA-CENTRUM"	19530418	0.4
249180230	"WISŁA-CENTRUM"	19530428	12.5
249180230	"WISŁA-CENTRUM"	19530429	41.1
249180230	"WISŁA-CENTRUM"	19530430	32.1
249180230	"WISŁA-CENTRUM"	19530501	0.1
249180230	"WISŁA-CENTRUM"	19530503	0.2
249180230	"WISŁA-CENTRUM"	19530504	7.3
249180230	"WISŁA-CENTRUM"	19530506	22.1
249180230	"WISŁA-CENTRUM"	19530507	6.2
249180230	"WISŁA-CENTRUM"	19530509	3.9
249180230	"WISŁA-CENTRUM"	19530510	19.6
249180230	"WISŁA-CENTRUM"	19530511	14.1
249180230	"WISŁA-CENTRUM"	19530512	5.1
249180230	"WISŁA-CENTRUM"	19530513	2.1
249180230	"WISŁA-CENTRUM"	19530520	3.8
249180230	"WISŁA-CENTRUM"	19530522	3.9
249180230	"WISŁA-CENTRUM"	19530524	0
249180230	"WISŁA-CENTRUM"	19530526	0.6
249180230	"WISŁA-CENTRUM"	19530527	7.1
249180230	"WISŁA-CENTRUM"	19530528	2.4
249180230	"WISŁA-CENTRUM"	19530530	0.3
249180230	"WISŁA-CENTRUM"	19530531	19.4
249180230	"WISŁA-CENTRUM"	19530601	2.1
249180230	"WISŁA-CENTRUM"	19530603	4.1
249180230	"WISŁA-CENTRUM"	19530604	0.8
249180230	"WISŁA-CENTRUM"	19530608	2.1
249180230	"WISŁA-CENTRUM"	19530609	2.4
249180230	"WISŁA-CENTRUM"	19530610	6.1
249180230	"WISŁA-CENTRUM"	19530611	6.8
249180230	"WISŁA-CENTRUM"	19530612	16.2
249180230	"WISŁA-CENTRUM"	19530615	0.9
249180230	"WISŁA-CENTRUM"	19530616	4.1
249180230	"WISŁA-CENTRUM"	19530617	14.1
249180230	"WISŁA-CENTRUM"	19530618	2.1
249180230	"WISŁA-CENTRUM"	19530619	0.3
249180230	"WISŁA-CENTRUM"	19530624	11.2
249180230	"WISŁA-CENTRUM"	19530625	3.9
249180230	"WISŁA-CENTRUM"	19530626	4
249180230	"WISŁA-CENTRUM"	19530627	32.6
249180230	"WISŁA-CENTRUM"	19530628	4.4
249180230	"WISŁA-CENTRUM"	19530703	9.2
249180230	"WISŁA-CENTRUM"	19530704	5.8
249180230	"WISŁA-CENTRUM"	19530708	6.8
249180230	"WISŁA-CENTRUM"	19530710	9.4
249180230	"WISŁA-CENTRUM"	19530711	1.1
249180230	"WISŁA-CENTRUM"	19530713	9.4
249180230	"WISŁA-CENTRUM"	19530714	0.5
249180230	"WISŁA-CENTRUM"	19530715	17.3
249180230	"WISŁA-CENTRUM"	19530718	4.5
249180230	"WISŁA-CENTRUM"	19530719	45.5
249180230	"WISŁA-CENTRUM"	19530724	0.4
249180230	"WISŁA-CENTRUM"	19530727	20.3
249180230	"WISŁA-CENTRUM"	19530728	5.1
249180230	"WISŁA-CENTRUM"	19530729	0.5
249180230	"WISŁA-CENTRUM"	19530730	9.1
249180230	"WISŁA-CENTRUM"	19530801	14.6
249180230	"WISŁA-CENTRUM"	19530803	11.4
249180230	"WISŁA-CENTRUM"	19530804	1.9
249180230	"WISŁA-CENTRUM"	19530805	24.4
249180230	"WISŁA-CENTRUM"	19530806	12.2
249180230	"WISŁA-CENTRUM"	19530807	15.3
249180230	"WISŁA-CENTRUM"	19530808	4.1
249180230	"WISŁA-CENTRUM"	19530821	4
249180230	"WISŁA-CENTRUM"	19530822	22.3
249180230	"WISŁA-CENTRUM"	19530823	5.6
249180230	"WISŁA-CENTRUM"	19530825	1.1
249180230	"WISŁA-CENTRUM"	19530827	1.7
249180230	"WISŁA-CENTRUM"	19530903	0.6
249180230	"WISŁA-CENTRUM"	19530906	0
249180230	"WISŁA-CENTRUM"	19530910	5.6
249180230	"WISŁA-CENTRUM"	19530911	0.1
249180230	"WISŁA-CENTRUM"	19530912	5.1
249180230	"WISŁA-CENTRUM"	19530913	36.6
249180230	"WISŁA-CENTRUM"	19530914	6.1
249180230	"WISŁA-CENTRUM"	19530920	5.1
249180230	"WISŁA-CENTRUM"	19530921	0.2
249180230	"WISŁA-CENTRUM"	19530922	1.5
249180230	"WISŁA-CENTRUM"	19530925	1.1
249180230	"WISŁA-CENTRUM"	19530929	5.4
249180230	"WISŁA-CENTRUM"	19530930	2.4
249180230	"WISŁA-CENTRUM"	19531001	0
249180230	"WISŁA-CENTRUM"	19531004	17.6
249180230	"WISŁA-CENTRUM"	19531005	5.1
249180230	"WISŁA-CENTRUM"	19531006	11.8
249180230	"WISŁA-CENTRUM"	19531007	5.1
249180230	"WISŁA-CENTRUM"	19531008	2.6
249180230	"WISŁA-CENTRUM"	19531020	1
249180230	"WISŁA-CENTRUM"	19531030	3.1
249180230	"WISŁA-CENTRUM"	19531104	1.1
249180230	"WISŁA-CENTRUM"	19531106	14.8
249180230	"WISŁA-CENTRUM"	19531107	2.3
249180230	"WISŁA-CENTRUM"	19531114	5.3
249180230	"WISŁA-CENTRUM"	19531115	5.1
249180230	"WISŁA-CENTRUM"	19531120	11.2
249180230	"WISŁA-CENTRUM"	19531121	2.1
249180230	"WISŁA-CENTRUM"	19531122	22.1
249180230	"WISŁA-CENTRUM"	19531129	9.6
249180230	"WISŁA-CENTRUM"	19531130	10.1
249180230	"WISŁA-CENTRUM"	19531222	0.2
249180230	"WISŁA-CENTRUM"	19531223	3.1
249180230	"WISŁA-CENTRUM"	19531227	19.7
249180230	"WISŁA-CENTRUM"	19531228	3.1
249180230	"WISŁA-CENTRUM"	19531229	0.9
249180230	"WISŁA-CENTRUM"	19531230	5.9
249180230	"WISŁA-CENTRUM"	19531231	1.2
249180230	"WISŁA-CENTRUM"	19540108	3.1
249180230	"WISŁA-CENTRUM"	19540109	7.2
249180230	"WISŁA-CENTRUM"	19540110	11.1
249180230	"WISŁA-CENTRUM"	19540111	8.2
249180230	"WISŁA-CENTRUM"	19540112	1.9
249180230	"WISŁA-CENTRUM"	19540115	1.2
249180230	"WISŁA-CENTRUM"	19540116	0.3
249180230	"WISŁA-CENTRUM"	19540117	2.6
249180230	"WISŁA-CENTRUM"	19540118	1
249180230	"WISŁA-CENTRUM"	19540119	6.1
249180230	"WISŁA-CENTRUM"	19540120	10.7
249180230	"WISŁA-CENTRUM"	19540121	3.8
249180230	"WISŁA-CENTRUM"	19540122	5.1
249180230	"WISŁA-CENTRUM"	19540123	4.8
249180230	"WISŁA-CENTRUM"	19540202	4.2
249180230	"WISŁA-CENTRUM"	19540210	0.3
249180230	"WISŁA-CENTRUM"	19540211	0.5
249180230	"WISŁA-CENTRUM"	19540216	3.1
249180230	"WISŁA-CENTRUM"	19540217	0
249180230	"WISŁA-CENTRUM"	19540302	1.1
249180230	"WISŁA-CENTRUM"	19540305	3.1
249180230	"WISŁA-CENTRUM"	19540306	2.8
249180230	"WISŁA-CENTRUM"	19540324	2.8
249180230	"WISŁA-CENTRUM"	19540325	9.4
249180230	"WISŁA-CENTRUM"	19540326	4.1
249180230	"WISŁA-CENTRUM"	19540327	2.1
249180230	"WISŁA-CENTRUM"	19540328	7.5
249180230	"WISŁA-CENTRUM"	19540330	0.2
249180230	"WISŁA-CENTRUM"	19540401	0
249180230	"WISŁA-CENTRUM"	19540402	3.1
249180230	"WISŁA-CENTRUM"	19540403	7.1
249180230	"WISŁA-CENTRUM"	19540404	5.1
249180230	"WISŁA-CENTRUM"	19540405	2.1
249180230	"WISŁA-CENTRUM"	19540406	0.1
249180230	"WISŁA-CENTRUM"	19540407	0.8
249180230	"WISŁA-CENTRUM"	19540408	0.5
249180230	"WISŁA-CENTRUM"	19540409	0.4
249180230	"WISŁA-CENTRUM"	19540410	0.1
249180230	"WISŁA-CENTRUM"	19540411	0.6
249180230	"WISŁA-CENTRUM"	19540412	0.6
249180230	"WISŁA-CENTRUM"	19540413	6.2
249180230	"WISŁA-CENTRUM"	19540414	17.2
249180230	"WISŁA-CENTRUM"	19540415	29.1
249180230	"WISŁA-CENTRUM"	19540416	9.2
249180230	"WISŁA-CENTRUM"	19540417	3.1
249180230	"WISŁA-CENTRUM"	19540418	16.8
249180230	"WISŁA-CENTRUM"	19540419	14.1
249180230	"WISŁA-CENTRUM"	19540420	9.2
249180230	"WISŁA-CENTRUM"	19540421	2.1
249180230	"WISŁA-CENTRUM"	19540422	0.3
249180230	"WISŁA-CENTRUM"	19540503	0.1
249180230	"WISŁA-CENTRUM"	19540504	8.3
249180230	"WISŁA-CENTRUM"	19540505	1.9
249180230	"WISŁA-CENTRUM"	19540506	0.2
249180230	"WISŁA-CENTRUM"	19540507	13.8
249180230	"WISŁA-CENTRUM"	19540508	0.3
249180230	"WISŁA-CENTRUM"	19540510	2.2
249180230	"WISŁA-CENTRUM"	19540511	5.1
249180230	"WISŁA-CENTRUM"	19540513	0.7
249180230	"WISŁA-CENTRUM"	19540517	1.7
249180230	"WISŁA-CENTRUM"	19540518	18.4
249180230	"WISŁA-CENTRUM"	19540519	8.1
249180230	"WISŁA-CENTRUM"	19540520	0.1
249180230	"WISŁA-CENTRUM"	19540524	5.8
249180230	"WISŁA-CENTRUM"	19540525	0.5
249180230	"WISŁA-CENTRUM"	19540530	4.1
249180230	"WISŁA-CENTRUM"	19540531	2.4
249180230	"WISŁA-CENTRUM"	19540601	11.4
249180230	"WISŁA-CENTRUM"	19540602	2.1
249180230	"WISŁA-CENTRUM"	19540603	17.2
249180230	"WISŁA-CENTRUM"	19540604	2.3
249180230	"WISŁA-CENTRUM"	19540606	0.3
249180230	"WISŁA-CENTRUM"	19540607	8.1
249180230	"WISŁA-CENTRUM"	19540608	4
249180230	"WISŁA-CENTRUM"	19540610	14.9
249180230	"WISŁA-CENTRUM"	19540611	4.2
249180230	"WISŁA-CENTRUM"	19540612	0.6
249180230	"WISŁA-CENTRUM"	19540614	7.2
249180230	"WISŁA-CENTRUM"	19540615	0.5
249180230	"WISŁA-CENTRUM"	19540617	13.4
249180230	"WISŁA-CENTRUM"	19540618	0.1
249180230	"WISŁA-CENTRUM"	19540619	11.4
249180230	"WISŁA-CENTRUM"	19540622	9.1
249180230	"WISŁA-CENTRUM"	19540627	23.1
249180230	"WISŁA-CENTRUM"	19540628	11.5
249180230	"WISŁA-CENTRUM"	19540701	14.3
249180230	"WISŁA-CENTRUM"	19540702	43.6
249180230	"WISŁA-CENTRUM"	19540703	13.1
249180230	"WISŁA-CENTRUM"	19540705	2.8
249180230	"WISŁA-CENTRUM"	19540707	2.9
249180230	"WISŁA-CENTRUM"	19540708	8.7
249180230	"WISŁA-CENTRUM"	19540709	6.4
249180230	"WISŁA-CENTRUM"	19540713	11.6
249180230	"WISŁA-CENTRUM"	19540714	2.9
249180230	"WISŁA-CENTRUM"	19540715	6.4
249180230	"WISŁA-CENTRUM"	19540717	0.1
249180230	"WISŁA-CENTRUM"	19540718	6.2
249180230	"WISŁA-CENTRUM"	19540720	20.4
249180230	"WISŁA-CENTRUM"	19540722	1.4
249180230	"WISŁA-CENTRUM"	19540723	0.1
249180230	"WISŁA-CENTRUM"	19540726	0.1
249180230	"WISŁA-CENTRUM"	19540727	1.2
249180230	"WISŁA-CENTRUM"	19540728	1.3
249180230	"WISŁA-CENTRUM"	19540729	17.5
249180230	"WISŁA-CENTRUM"	19540805	0.1
249180230	"WISŁA-CENTRUM"	19540807	6.1
249180230	"WISŁA-CENTRUM"	19540810	11.1
249180230	"WISŁA-CENTRUM"	19540811	3.8
249180230	"WISŁA-CENTRUM"	19540816	5.6
249180230	"WISŁA-CENTRUM"	19540817	8.1
249180230	"WISŁA-CENTRUM"	19540818	1
249180230	"WISŁA-CENTRUM"	19540822	6.1
249180230	"WISŁA-CENTRUM"	19540825	7
249180230	"WISŁA-CENTRUM"	19540828	7.2
249180230	"WISŁA-CENTRUM"	19540912	5.4
249180230	"WISŁA-CENTRUM"	19540915	1.3
249180230	"WISŁA-CENTRUM"	19540917	2.2
249180230	"WISŁA-CENTRUM"	19540919	2.1
249180230	"WISŁA-CENTRUM"	19540921	4
249180230	"WISŁA-CENTRUM"	19540923	0.2
249180230	"WISŁA-CENTRUM"	19540927	24.1
249180230	"WISŁA-CENTRUM"	19540928	0.1
249180230	"WISŁA-CENTRUM"	19540929	8.4
249180230	"WISŁA-CENTRUM"	19540930	10.8
249180230	"WISŁA-CENTRUM"	19541001	13.8
249180230	"WISŁA-CENTRUM"	19541002	1
249180230	"WISŁA-CENTRUM"	19541004	1
249180230	"WISŁA-CENTRUM"	19541005	15.2
249180230	"WISŁA-CENTRUM"	19541006	3.9
249180230	"WISŁA-CENTRUM"	19541007	1.9
249180230	"WISŁA-CENTRUM"	19541011	0.1
249180230	"WISŁA-CENTRUM"	19541019	2.2
249180230	"WISŁA-CENTRUM"	19541020	4.1
249180230	"WISŁA-CENTRUM"	19541022	1.6
249180230	"WISŁA-CENTRUM"	19541025	18.3
249180230	"WISŁA-CENTRUM"	19541026	0.3
249180230	"WISŁA-CENTRUM"	19541028	4
249180230	"WISŁA-CENTRUM"	19541101	0.4
249180230	"WISŁA-CENTRUM"	19541103	7
249180230	"WISŁA-CENTRUM"	19541104	4.3
249180230	"WISŁA-CENTRUM"	19541109	0.2
249180230	"WISŁA-CENTRUM"	19541110	14.2
249180230	"WISŁA-CENTRUM"	19541111	2.8
249180230	"WISŁA-CENTRUM"	19541113	1.2
249180230	"WISŁA-CENTRUM"	19541114	0.1
249180230	"WISŁA-CENTRUM"	19541115	0.1
249180230	"WISŁA-CENTRUM"	19541116	12
249180230	"WISŁA-CENTRUM"	19541117	0.2
249180230	"WISŁA-CENTRUM"	19541118	0.1
249180230	"WISŁA-CENTRUM"	19541119	0.4
249180230	"WISŁA-CENTRUM"	19541201	1.3
249180230	"WISŁA-CENTRUM"	19541203	5.2
249180230	"WISŁA-CENTRUM"	19541204	1.6
249180230	"WISŁA-CENTRUM"	19541205	6.2
249180230	"WISŁA-CENTRUM"	19541207	0.6
249180230	"WISŁA-CENTRUM"	19541208	5.6
249180230	"WISŁA-CENTRUM"	19541211	1.4
249180230	"WISŁA-CENTRUM"	19541213	14
249180230	"WISŁA-CENTRUM"	19541214	4.9
249180230	"WISŁA-CENTRUM"	19541215	9.6
249180230	"WISŁA-CENTRUM"	19541216	1.8
249180230	"WISŁA-CENTRUM"	19541218	1
249180230	"WISŁA-CENTRUM"	19541220	1.1
249180230	"WISŁA-CENTRUM"	19541221	3
249180230	"WISŁA-CENTRUM"	19541222	2
249180230	"WISŁA-CENTRUM"	19541223	4.2
249180230	"WISŁA-CENTRUM"	19541224	5.1
249180230	"WISŁA-CENTRUM"	19541226	4.2
249180230	"WISŁA-CENTRUM"	19541227	48.3
249180230	"WISŁA-CENTRUM"	19541228	44.1
249180230	"WISŁA-CENTRUM"	19541229	19.2
249180230	"WISŁA-CENTRUM"	19541230	4.1
249180230	"WISŁA-CENTRUM"	19541231	1.2
249180230	"WISŁA-CENTRUM"	19550101	5.2
249180230	"WISŁA-CENTRUM"	19550108	1.2
249180230	"WISŁA-CENTRUM"	19550109	3.5
249180230	"WISŁA-CENTRUM"	19550111	7.1
249180230	"WISŁA-CENTRUM"	19550112	5.2
249180230	"WISŁA-CENTRUM"	19550115	3.2
249180230	"WISŁA-CENTRUM"	19550117	4.3
249180230	"WISŁA-CENTRUM"	19550121	1.2
249180230	"WISŁA-CENTRUM"	19550205	3.5
249180230	"WISŁA-CENTRUM"	19550206	5.2
249180230	"WISŁA-CENTRUM"	19550207	3.4
249180230	"WISŁA-CENTRUM"	19550208	15
249180230	"WISŁA-CENTRUM"	19550209	12.2
249180230	"WISŁA-CENTRUM"	19550210	10.2
249180230	"WISŁA-CENTRUM"	19550211	2.3
249180230	"WISŁA-CENTRUM"	19550213	4.2
249180230	"WISŁA-CENTRUM"	19550214	2.3
249180230	"WISŁA-CENTRUM"	19550215	6.5
249180230	"WISŁA-CENTRUM"	19550217	5.6
249180230	"WISŁA-CENTRUM"	19550218	6.2
249180230	"WISŁA-CENTRUM"	19550220	8.5
249180230	"WISŁA-CENTRUM"	19550223	1.5
249180230	"WISŁA-CENTRUM"	19550224	8.5
249180230	"WISŁA-CENTRUM"	19550307	12
249180230	"WISŁA-CENTRUM"	19550308	6.2
249180230	"WISŁA-CENTRUM"	19550309	0.5
249180230	"WISŁA-CENTRUM"	19550310	3.4
249180230	"WISŁA-CENTRUM"	19550314	3.8
249180230	"WISŁA-CENTRUM"	19550315	1.1
249180230	"WISŁA-CENTRUM"	19550317	6
249180230	"WISŁA-CENTRUM"	19550321	4.9
249180230	"WISŁA-CENTRUM"	19550324	8.3
249180230	"WISŁA-CENTRUM"	19550326	1.4
249180230	"WISŁA-CENTRUM"	19550327	6.3
249180230	"WISŁA-CENTRUM"	19550328	1.2
249180230	"WISŁA-CENTRUM"	19550330	1.6
249180230	"WISŁA-CENTRUM"	19550401	3.6
249180230	"WISŁA-CENTRUM"	19550402	1.3
249180230	"WISŁA-CENTRUM"	19550404	10.3
249180230	"WISŁA-CENTRUM"	19550405	2.7
249180230	"WISŁA-CENTRUM"	19550408	9
249180230	"WISŁA-CENTRUM"	19550409	0.2
249180230	"WISŁA-CENTRUM"	19550410	1.1
249180230	"WISŁA-CENTRUM"	19550411	15
249180230	"WISŁA-CENTRUM"	19550412	13.4
249180230	"WISŁA-CENTRUM"	19550413	12.2
249180230	"WISŁA-CENTRUM"	19550414	4.6
249180230	"WISŁA-CENTRUM"	19550415	1
249180230	"WISŁA-CENTRUM"	19550416	43.3
249180230	"WISŁA-CENTRUM"	19550417	5.4
249180230	"WISŁA-CENTRUM"	19550418	10.5
249180230	"WISŁA-CENTRUM"	19550419	3.4
249180230	"WISŁA-CENTRUM"	19550420	7.5
249180230	"WISŁA-CENTRUM"	19550421	0.8
249180230	"WISŁA-CENTRUM"	19550422	0.5
249180230	"WISŁA-CENTRUM"	19550424	7.1
249180230	"WISŁA-CENTRUM"	19550425	4.2
249180230	"WISŁA-CENTRUM"	19550501	28.2
249180230	"WISŁA-CENTRUM"	19550502	7.4
249180230	"WISŁA-CENTRUM"	19550503	0.9
249180230	"WISŁA-CENTRUM"	19550505	4.7
249180230	"WISŁA-CENTRUM"	19550507	1.9
249180230	"WISŁA-CENTRUM"	19550510	18
249180230	"WISŁA-CENTRUM"	19550511	4.2
249180230	"WISŁA-CENTRUM"	19550515	27.2
249180230	"WISŁA-CENTRUM"	19550516	2.4
249180230	"WISŁA-CENTRUM"	19550518	19.8
249180230	"WISŁA-CENTRUM"	19550519	10.1
249180230	"WISŁA-CENTRUM"	19550520	1
249180230	"WISŁA-CENTRUM"	19550522	3.2
249180230	"WISŁA-CENTRUM"	19550523	0.9
249180230	"WISŁA-CENTRUM"	19550524	0.9
249180230	"WISŁA-CENTRUM"	19550525	0.3
249180230	"WISŁA-CENTRUM"	19550527	14
249180230	"WISŁA-CENTRUM"	19550530	0.9
249180230	"WISŁA-CENTRUM"	19550601	20.9
249180230	"WISŁA-CENTRUM"	19550602	22.6
249180230	"WISŁA-CENTRUM"	19550603	19.6
249180230	"WISŁA-CENTRUM"	19550604	1.7
249180230	"WISŁA-CENTRUM"	19550610	18.6
249180230	"WISŁA-CENTRUM"	19550611	4.1
249180230	"WISŁA-CENTRUM"	19550613	6.8
249180230	"WISŁA-CENTRUM"	19550614	7.2
249180230	"WISŁA-CENTRUM"	19550616	0.1
249180230	"WISŁA-CENTRUM"	19550620	15.2
249180230	"WISŁA-CENTRUM"	19550621	53.6
249180230	"WISŁA-CENTRUM"	19550623	1
249180230	"WISŁA-CENTRUM"	19550627	2.7
249180230	"WISŁA-CENTRUM"	19550628	4.2
249180230	"WISŁA-CENTRUM"	19550701	2.7
249180230	"WISŁA-CENTRUM"	19550702	2.9
249180230	"WISŁA-CENTRUM"	19550703	7.8
249180230	"WISŁA-CENTRUM"	19550704	4.3
249180230	"WISŁA-CENTRUM"	19550705	3.2
249180230	"WISŁA-CENTRUM"	19550706	2.2
249180230	"WISŁA-CENTRUM"	19550707	38.1
249180230	"WISŁA-CENTRUM"	19550708	1.1
249180230	"WISŁA-CENTRUM"	19550709	16
249180230	"WISŁA-CENTRUM"	19550710	34.2
249180230	"WISŁA-CENTRUM"	19550716	0.8
249180230	"WISŁA-CENTRUM"	19550719	1.8
249180230	"WISŁA-CENTRUM"	19550720	0.4
249180230	"WISŁA-CENTRUM"	19550724	6.4
249180230	"WISŁA-CENTRUM"	19550725	3.8
249180230	"WISŁA-CENTRUM"	19550727	6.3
249180230	"WISŁA-CENTRUM"	19550728	9.4
249180230	"WISŁA-CENTRUM"	19550729	4.9
249180230	"WISŁA-CENTRUM"	19550730	10.1
249180230	"WISŁA-CENTRUM"	19550731	76.7
249180230	"WISŁA-CENTRUM"	19550802	9.4
249180230	"WISŁA-CENTRUM"	19550803	4.7
249180230	"WISŁA-CENTRUM"	19550805	25.6
249180230	"WISŁA-CENTRUM"	19550806	3.6
249180230	"WISŁA-CENTRUM"	19550808	11.9
249180230	"WISŁA-CENTRUM"	19550809	6.5
249180230	"WISŁA-CENTRUM"	19550810	5.4
249180230	"WISŁA-CENTRUM"	19550811	15.5
249180230	"WISŁA-CENTRUM"	19550814	14.3
249180230	"WISŁA-CENTRUM"	19550815	11.5
249180230	"WISŁA-CENTRUM"	19550816	15
249180230	"WISŁA-CENTRUM"	19550823	1.7
249180230	"WISŁA-CENTRUM"	19550824	2.7
249180230	"WISŁA-CENTRUM"	19550827	0.2
249180230	"WISŁA-CENTRUM"	19550828	3
249180230	"WISŁA-CENTRUM"	19550829	23.8
249180230	"WISŁA-CENTRUM"	19550830	0.2
249180230	"WISŁA-CENTRUM"	19550901	1.9
249180230	"WISŁA-CENTRUM"	19550907	0.3
249180230	"WISŁA-CENTRUM"	19550913	16
249180230	"WISŁA-CENTRUM"	19550914	15.6
249180230	"WISŁA-CENTRUM"	19550915	0.4
249180230	"WISŁA-CENTRUM"	19550923	0.1
249180230	"WISŁA-CENTRUM"	19550924	1.8
249180230	"WISŁA-CENTRUM"	19550926	0.2
249180230	"WISŁA-CENTRUM"	19550927	16.4
249180230	"WISŁA-CENTRUM"	19550928	2.7
249180230	"WISŁA-CENTRUM"	19551001	0.9
249180230	"WISŁA-CENTRUM"	19551006	4.8
249180230	"WISŁA-CENTRUM"	19551007	2.8
249180230	"WISŁA-CENTRUM"	19551009	1.3
249180230	"WISŁA-CENTRUM"	19551013	0.3
249180230	"WISŁA-CENTRUM"	19551015	6.6
249180230	"WISŁA-CENTRUM"	19551017	6.8
249180230	"WISŁA-CENTRUM"	19551018	4.8
249180230	"WISŁA-CENTRUM"	19551024	21.1
249180230	"WISŁA-CENTRUM"	19551025	12
249180230	"WISŁA-CENTRUM"	19551028	6.3
249180230	"WISŁA-CENTRUM"	19551029	2.6
249180230	"WISŁA-CENTRUM"	19551102	0.8
249180230	"WISŁA-CENTRUM"	19551112	0.3
249180230	"WISŁA-CENTRUM"	19551113	1.3
249180230	"WISŁA-CENTRUM"	19551114	1.8
249180230	"WISŁA-CENTRUM"	19551115	0.5
249180230	"WISŁA-CENTRUM"	19551116	1.3
249180230	"WISŁA-CENTRUM"	19551117	2.2
249180230	"WISŁA-CENTRUM"	19551118	0.1
249180230	"WISŁA-CENTRUM"	19551120	2.1
249180230	"WISŁA-CENTRUM"	19551121	5.8
249180230	"WISŁA-CENTRUM"	19551122	4.8
249180230	"WISŁA-CENTRUM"	19551123	2.7
249180230	"WISŁA-CENTRUM"	19551124	6.7
249180230	"WISŁA-CENTRUM"	19551125	10.1
249180230	"WISŁA-CENTRUM"	19551126	1
249180230	"WISŁA-CENTRUM"	19551127	6
249180230	"WISŁA-CENTRUM"	19551128	1.9
249180230	"WISŁA-CENTRUM"	19551129	0.3
249180230	"WISŁA-CENTRUM"	19551203	7.2
249180230	"WISŁA-CENTRUM"	19551204	4.4
249180230	"WISŁA-CENTRUM"	19551205	4
249180230	"WISŁA-CENTRUM"	19551206	2.9
249180230	"WISŁA-CENTRUM"	19551207	0.5
249180230	"WISŁA-CENTRUM"	19551208	7.8
249180230	"WISŁA-CENTRUM"	19551209	1.7
249180230	"WISŁA-CENTRUM"	19551210	7.2
249180230	"WISŁA-CENTRUM"	19551211	2.3
249180230	"WISŁA-CENTRUM"	19551215	1.2
249180230	"WISŁA-CENTRUM"	19551216	15
249180230	"WISŁA-CENTRUM"	19551217	0.3
249180230	"WISŁA-CENTRUM"	19551218	4.9
249180230	"WISŁA-CENTRUM"	19551220	0.4
249180230	"WISŁA-CENTRUM"	19551221	1.7
249180230	"WISŁA-CENTRUM"	19551222	0.8
249180230	"WISŁA-CENTRUM"	19551223	2
249180230	"WISŁA-CENTRUM"	19551225	1.1
249180230	"WISŁA-CENTRUM"	19551226	0.4
249180230	"WISŁA-CENTRUM"	19551227	2.6
249180230	"WISŁA-CENTRUM"	19551228	1.8
249180230	"WISŁA-CENTRUM"	19551229	2.6
249180230	"WISŁA-CENTRUM"	19551230	1.9
249180230	"WISŁA-CENTRUM"	19551231	2.2
249180230	"WISŁA-CENTRUM"	19560101	1.6
249180230	"WISŁA-CENTRUM"	19560102	4.2
249180230	"WISŁA-CENTRUM"	19560104	0.4
249180230	"WISŁA-CENTRUM"	19560105	2
249180230	"WISŁA-CENTRUM"	19560110	0.3
249180230	"WISŁA-CENTRUM"	19560115	3.1
249180230	"WISŁA-CENTRUM"	19560120	0.2
249180230	"WISŁA-CENTRUM"	19560121	0.2
249180230	"WISŁA-CENTRUM"	19560124	0.5
249180230	"WISŁA-CENTRUM"	19560125	4.5
249180230	"WISŁA-CENTRUM"	19560126	0.3
249180230	"WISŁA-CENTRUM"	19560127	0.6
249180230	"WISŁA-CENTRUM"	19560128	3.2
249180230	"WISŁA-CENTRUM"	19560129	2.5
249180230	"WISŁA-CENTRUM"	19560130	1.2
249180230	"WISŁA-CENTRUM"	19560202	0.3
249180230	"WISŁA-CENTRUM"	19560203	0.2
249180230	"WISŁA-CENTRUM"	19560204	0.6
249180230	"WISŁA-CENTRUM"	19560205	2
249180230	"WISŁA-CENTRUM"	19560206	2.9
249180230	"WISŁA-CENTRUM"	19560207	1.7
249180230	"WISŁA-CENTRUM"	19560208	2.2
249180230	"WISŁA-CENTRUM"	19560211	1.1
249180230	"WISŁA-CENTRUM"	19560214	0.9
249180230	"WISŁA-CENTRUM"	19560215	0.4
249180230	"WISŁA-CENTRUM"	19560218	1.7
249180230	"WISŁA-CENTRUM"	19560220	3.6
249180230	"WISŁA-CENTRUM"	19560221	2.5
249180230	"WISŁA-CENTRUM"	19560222	1.3
249180230	"WISŁA-CENTRUM"	19560223	1.4
249180230	"WISŁA-CENTRUM"	19560227	0.7
249180230	"WISŁA-CENTRUM"	19560228	3.4
249180230	"WISŁA-CENTRUM"	19560229	4.3
249180230	"WISŁA-CENTRUM"	19560301	4.2
249180230	"WISŁA-CENTRUM"	19560302	7.3
249180230	"WISŁA-CENTRUM"	19560303	1.4
249180230	"WISŁA-CENTRUM"	19560304	0.1
249180230	"WISŁA-CENTRUM"	19560305	6.7
249180230	"WISŁA-CENTRUM"	19560306	7.2
249180230	"WISŁA-CENTRUM"	19560307	9.2
249180230	"WISŁA-CENTRUM"	19560308	3.4
249180230	"WISŁA-CENTRUM"	19560309	6.2
249180230	"WISŁA-CENTRUM"	19560310	1.5
249180230	"WISŁA-CENTRUM"	19560311	1.1
249180230	"WISŁA-CENTRUM"	19560312	0.3
249180230	"WISŁA-CENTRUM"	19560325	0.5
249180230	"WISŁA-CENTRUM"	19560326	5.8
249180230	"WISŁA-CENTRUM"	19560404	4.9
249180230	"WISŁA-CENTRUM"	19560405	2.1
249180230	"WISŁA-CENTRUM"	19560406	2
249180230	"WISŁA-CENTRUM"	19560407	0.4
249180230	"WISŁA-CENTRUM"	19560409	18.1
249180230	"WISŁA-CENTRUM"	19560410	2.9
249180230	"WISŁA-CENTRUM"	19560411	18.8
249180230	"WISŁA-CENTRUM"	19560413	3.4
249180230	"WISŁA-CENTRUM"	19560415	2.1
249180230	"WISŁA-CENTRUM"	19560417	5.8
249180230	"WISŁA-CENTRUM"	19560418	7.9
249180230	"WISŁA-CENTRUM"	19560420	4.9
249180230	"WISŁA-CENTRUM"	19560421	4
249180230	"WISŁA-CENTRUM"	19560422	2
249180230	"WISŁA-CENTRUM"	19560423	4.1
249180230	"WISŁA-CENTRUM"	19560426	8.6
249180230	"WISŁA-CENTRUM"	19560427	1.8
249180230	"WISŁA-CENTRUM"	19560428	2.1
249180230	"WISŁA-CENTRUM"	19560430	18.8
249180230	"WISŁA-CENTRUM"	19560501	1.3
249180230	"WISŁA-CENTRUM"	19560508	0.2
249180230	"WISŁA-CENTRUM"	19560509	0.1
249180230	"WISŁA-CENTRUM"	19560510	2.3
249180230	"WISŁA-CENTRUM"	19560511	16.5
249180230	"WISŁA-CENTRUM"	19560512	1.2
249180230	"WISŁA-CENTRUM"	19560513	8.1
249180230	"WISŁA-CENTRUM"	19560515	1.7
249180230	"WISŁA-CENTRUM"	19560517	1.1
249180230	"WISŁA-CENTRUM"	19560518	9.8
249180230	"WISŁA-CENTRUM"	19560519	17
249180230	"WISŁA-CENTRUM"	19560526	14
249180230	"WISŁA-CENTRUM"	19560601	0.3
249180230	"WISŁA-CENTRUM"	19560605	59.6
249180230	"WISŁA-CENTRUM"	19560609	21
249180230	"WISŁA-CENTRUM"	19560610	1
249180230	"WISŁA-CENTRUM"	19560612	2.3
249180230	"WISŁA-CENTRUM"	19560614	3.4
249180230	"WISŁA-CENTRUM"	19560615	4.4
249180230	"WISŁA-CENTRUM"	19560616	0.2
249180230	"WISŁA-CENTRUM"	19560618	11.2
249180230	"WISŁA-CENTRUM"	19560619	3.2
249180230	"WISŁA-CENTRUM"	19560620	8.6
249180230	"WISŁA-CENTRUM"	19560621	10
249180230	"WISŁA-CENTRUM"	19560622	10
249180230	"WISŁA-CENTRUM"	19560623	20
249180230	"WISŁA-CENTRUM"	19560624	14.8
249180230	"WISŁA-CENTRUM"	19560625	5
249180230	"WISŁA-CENTRUM"	19560627	1.2
249180230	"WISŁA-CENTRUM"	19560628	0.2
249180230	"WISŁA-CENTRUM"	19560629	12.7
249180230	"WISŁA-CENTRUM"	19560630	1.2
249180230	"WISŁA-CENTRUM"	19560703	13.2
249180230	"WISŁA-CENTRUM"	19560704	4.9
249180230	"WISŁA-CENTRUM"	19560706	1.1
249180230	"WISŁA-CENTRUM"	19560708	6.1
249180230	"WISŁA-CENTRUM"	19560715	0.8
249180230	"WISŁA-CENTRUM"	19560716	4
249180230	"WISŁA-CENTRUM"	19560717	1.8
249180230	"WISŁA-CENTRUM"	19560719	0.9
249180230	"WISŁA-CENTRUM"	19560720	18.6
249180230	"WISŁA-CENTRUM"	19560721	0.9
249180230	"WISŁA-CENTRUM"	19560722	3.2
249180230	"WISŁA-CENTRUM"	19560723	1.2
249180230	"WISŁA-CENTRUM"	19560724	1.8
249180230	"WISŁA-CENTRUM"	19560725	3.4
249180230	"WISŁA-CENTRUM"	19560726	0.9
249180230	"WISŁA-CENTRUM"	19560728	1.7
249180230	"WISŁA-CENTRUM"	19560730	17.9
249180230	"WISŁA-CENTRUM"	19560802	1.2
249180230	"WISŁA-CENTRUM"	19560803	3.9
249180230	"WISŁA-CENTRUM"	19560804	7.4
249180230	"WISŁA-CENTRUM"	19560806	3
249180230	"WISŁA-CENTRUM"	19560807	9.6
249180230	"WISŁA-CENTRUM"	19560811	27.2
249180230	"WISŁA-CENTRUM"	19560812	6
249180230	"WISŁA-CENTRUM"	19560814	2.9
249180230	"WISŁA-CENTRUM"	19560816	0.2
249180230	"WISŁA-CENTRUM"	19560817	0.9
249180230	"WISŁA-CENTRUM"	19560818	1
249180230	"WISŁA-CENTRUM"	19560819	5.1
249180230	"WISŁA-CENTRUM"	19560821	19.4
249180230	"WISŁA-CENTRUM"	19560823	14.2
249180230	"WISŁA-CENTRUM"	19560824	0.2
249180230	"WISŁA-CENTRUM"	19560825	0.2
249180230	"WISŁA-CENTRUM"	19560829	13.5
249180230	"WISŁA-CENTRUM"	19560830	1
249180230	"WISŁA-CENTRUM"	19560903	0.1
249180230	"WISŁA-CENTRUM"	19560904	10.3
249180230	"WISŁA-CENTRUM"	19560910	0.4
249180230	"WISŁA-CENTRUM"	19560911	2.6
249180230	"WISŁA-CENTRUM"	19560912	17.9
249180230	"WISŁA-CENTRUM"	19560913	16.3
249180230	"WISŁA-CENTRUM"	19560917	11.5
249180230	"WISŁA-CENTRUM"	19560927	6.8
249180230	"WISŁA-CENTRUM"	19561003	7.8
249180230	"WISŁA-CENTRUM"	19561004	8.1
249180230	"WISŁA-CENTRUM"	19561006	44
249180230	"WISŁA-CENTRUM"	19561007	2.8
249180230	"WISŁA-CENTRUM"	19561009	5.5
249180230	"WISŁA-CENTRUM"	19561014	6.3
249180230	"WISŁA-CENTRUM"	19561018	2.8
249180230	"WISŁA-CENTRUM"	19561019	3.6
249180230	"WISŁA-CENTRUM"	19561020	0.1
249180230	"WISŁA-CENTRUM"	19561026	1.3
249180230	"WISŁA-CENTRUM"	19561027	0.2
249180230	"WISŁA-CENTRUM"	19561028	4.3
249180230	"WISŁA-CENTRUM"	19561029	5.1
249180230	"WISŁA-CENTRUM"	19561030	0.3
249180230	"WISŁA-CENTRUM"	19561102	0.2
249180230	"WISŁA-CENTRUM"	19561103	0.2
249180230	"WISŁA-CENTRUM"	19561105	2.7
249180230	"WISŁA-CENTRUM"	19561106	5
249180230	"WISŁA-CENTRUM"	19561107	8.2
249180230	"WISŁA-CENTRUM"	19561112	5.2
249180230	"WISŁA-CENTRUM"	19561113	3.7
249180230	"WISŁA-CENTRUM"	19561114	0.8
249180230	"WISŁA-CENTRUM"	19561115	2.8
249180230	"WISŁA-CENTRUM"	19561116	0.2
249180230	"WISŁA-CENTRUM"	19561117	0.9
249180230	"WISŁA-CENTRUM"	19561118	1.2
249180230	"WISŁA-CENTRUM"	19561126	8.1
249180230	"WISŁA-CENTRUM"	19561127	7.2
249180230	"WISŁA-CENTRUM"	19561128	1.1
249180230	"WISŁA-CENTRUM"	19561130	0.3
249180230	"WISŁA-CENTRUM"	19561202	0.8
249180230	"WISŁA-CENTRUM"	19561203	7.6
249180230	"WISŁA-CENTRUM"	19561204	18.2
249180230	"WISŁA-CENTRUM"	19561205	25.9
249180230	"WISŁA-CENTRUM"	19561206	6.1
249180230	"WISŁA-CENTRUM"	19561207	0.1
249180230	"WISŁA-CENTRUM"	19561208	0.1
249180230	"WISŁA-CENTRUM"	19561209	0.1
249180230	"WISŁA-CENTRUM"	19561210	1.4
249180230	"WISŁA-CENTRUM"	19561211	0.4
249180230	"WISŁA-CENTRUM"	19561212	0.1
249180230	"WISŁA-CENTRUM"	19561213	5.9
249180230	"WISŁA-CENTRUM"	19570103	0.2
249180230	"WISŁA-CENTRUM"	19570104	0.1
249180230	"WISŁA-CENTRUM"	19570105	2
249180230	"WISŁA-CENTRUM"	19570106	19.7
249180230	"WISŁA-CENTRUM"	19570107	0.3
249180230	"WISŁA-CENTRUM"	19570110	2.1
249180230	"WISŁA-CENTRUM"	19570111	2.5
249180230	"WISŁA-CENTRUM"	19570112	1.4
249180230	"WISŁA-CENTRUM"	19570113	2.9
249180230	"WISŁA-CENTRUM"	19570115	0.4
249180230	"WISŁA-CENTRUM"	19570126	0.1
249180230	"WISŁA-CENTRUM"	19570127	2.2
249180230	"WISŁA-CENTRUM"	19570128	5.8
249180230	"WISŁA-CENTRUM"	19570130	0.4
249180230	"WISŁA-CENTRUM"	19570131	1.3
249180230	"WISŁA-CENTRUM"	19570201	1.2
249180230	"WISŁA-CENTRUM"	19570202	0.4
249180230	"WISŁA-CENTRUM"	19570206	0.8
249180230	"WISŁA-CENTRUM"	19570207	4.3
249180230	"WISŁA-CENTRUM"	19570209	8.4
249180230	"WISŁA-CENTRUM"	19570210	0.8
249180230	"WISŁA-CENTRUM"	19570211	7.6
249180230	"WISŁA-CENTRUM"	19570215	0.8
249180230	"WISŁA-CENTRUM"	19570218	7.5
249180230	"WISŁA-CENTRUM"	19570219	3.8
249180230	"WISŁA-CENTRUM"	19570221	9.5
249180230	"WISŁA-CENTRUM"	19570222	1.8
249180230	"WISŁA-CENTRUM"	19570224	2.1
249180230	"WISŁA-CENTRUM"	19570225	11.6
249180230	"WISŁA-CENTRUM"	19570226	0.4
249180230	"WISŁA-CENTRUM"	19570228	0.8
249180230	"WISŁA-CENTRUM"	19570301	1.1
249180230	"WISŁA-CENTRUM"	19570302	1.6
249180230	"WISŁA-CENTRUM"	19570304	0.1
249180230	"WISŁA-CENTRUM"	19570314	0.9
249180230	"WISŁA-CENTRUM"	19570315	0.4
249180230	"WISŁA-CENTRUM"	19570316	12.4
249180230	"WISŁA-CENTRUM"	19570317	8.3
249180230	"WISŁA-CENTRUM"	19570318	6.6
249180230	"WISŁA-CENTRUM"	19570319	5.9
249180230	"WISŁA-CENTRUM"	19570324	0.9
249180230	"WISŁA-CENTRUM"	19570325	0.9
249180230	"WISŁA-CENTRUM"	19570328	0.3
249180230	"WISŁA-CENTRUM"	19570329	5.9
249180230	"WISŁA-CENTRUM"	19570330	0.2
249180230	"WISŁA-CENTRUM"	19570407	8.7
249180230	"WISŁA-CENTRUM"	19570408	1.8
249180230	"WISŁA-CENTRUM"	19570410	2.7
249180230	"WISŁA-CENTRUM"	19570411	2.8
249180230	"WISŁA-CENTRUM"	19570412	0.1
249180230	"WISŁA-CENTRUM"	19570413	0.2
249180230	"WISŁA-CENTRUM"	19570414	0.4
249180230	"WISŁA-CENTRUM"	19570415	0.1
249180230	"WISŁA-CENTRUM"	19570417	2.1
249180230	"WISŁA-CENTRUM"	19570418	0.2
249180230	"WISŁA-CENTRUM"	19570419	1.2
249180230	"WISŁA-CENTRUM"	19570420	0.3
249180230	"WISŁA-CENTRUM"	19570421	4.1
249180230	"WISŁA-CENTRUM"	19570422	4.1
249180230	"WISŁA-CENTRUM"	19570423	1.1
249180230	"WISŁA-CENTRUM"	19570424	1.9
249180230	"WISŁA-CENTRUM"	19570425	1.9
249180230	"WISŁA-CENTRUM"	19570426	0.1
249180230	"WISŁA-CENTRUM"	19570427	0.8
249180230	"WISŁA-CENTRUM"	19570430	6.9
249180230	"WISŁA-CENTRUM"	19570502	0.3
249180230	"WISŁA-CENTRUM"	19570504	1.2
249180230	"WISŁA-CENTRUM"	19570505	0.3
249180230	"WISŁA-CENTRUM"	19570506	0.5
249180230	"WISŁA-CENTRUM"	19570507	5.6
249180230	"WISŁA-CENTRUM"	19570508	11.7
249180230	"WISŁA-CENTRUM"	19570509	5.6
249180230	"WISŁA-CENTRUM"	19570510	17
249180230	"WISŁA-CENTRUM"	19570517	0.4
249180230	"WISŁA-CENTRUM"	19570520	26
249180230	"WISŁA-CENTRUM"	19570521	1.2
249180230	"WISŁA-CENTRUM"	19570522	2.1
249180230	"WISŁA-CENTRUM"	19570523	4.2
249180230	"WISŁA-CENTRUM"	19570524	1.1
249180230	"WISŁA-CENTRUM"	19570604	1.4
249180230	"WISŁA-CENTRUM"	19570605	5.5
249180230	"WISŁA-CENTRUM"	19570607	18
249180230	"WISŁA-CENTRUM"	19570608	5
249180230	"WISŁA-CENTRUM"	19570609	3.1
249180230	"WISŁA-CENTRUM"	19570618	1
249180230	"WISŁA-CENTRUM"	19570619	1.6
249180230	"WISŁA-CENTRUM"	19570620	0.2
249180230	"WISŁA-CENTRUM"	19570621	0.1
249180230	"WISŁA-CENTRUM"	19570622	3.1
249180230	"WISŁA-CENTRUM"	19570625	0.1
249180230	"WISŁA-CENTRUM"	19570627	0.2
249180230	"WISŁA-CENTRUM"	19570630	1.9
249180230	"WISŁA-CENTRUM"	19570702	7.1
249180230	"WISŁA-CENTRUM"	19570706	14.3
249180230	"WISŁA-CENTRUM"	19570707	5.8
249180230	"WISŁA-CENTRUM"	19570708	2.1
249180230	"WISŁA-CENTRUM"	19570710	16.3
249180230	"WISŁA-CENTRUM"	19570711	2.1
249180230	"WISŁA-CENTRUM"	19570712	16.2
249180230	"WISŁA-CENTRUM"	19570713	1.6
249180230	"WISŁA-CENTRUM"	19570714	6.9
249180230	"WISŁA-CENTRUM"	19570715	26.8
249180230	"WISŁA-CENTRUM"	19570716	65
249180230	"WISŁA-CENTRUM"	19570717	4.6
249180230	"WISŁA-CENTRUM"	19570720	20.8
249180230	"WISŁA-CENTRUM"	19570721	6.1
249180230	"WISŁA-CENTRUM"	19570722	1.9
249180230	"WISŁA-CENTRUM"	19570723	11.1
249180230	"WISŁA-CENTRUM"	19570724	25.4
249180230	"WISŁA-CENTRUM"	19570725	7.4
249180230	"WISŁA-CENTRUM"	19570726	5.2
249180230	"WISŁA-CENTRUM"	19570727	7.3
249180230	"WISŁA-CENTRUM"	19570728	0.4
249180230	"WISŁA-CENTRUM"	19570730	1.6
249180230	"WISŁA-CENTRUM"	19570810	0.3
249180230	"WISŁA-CENTRUM"	19570813	12
249180230	"WISŁA-CENTRUM"	19570814	6.2
249180230	"WISŁA-CENTRUM"	19570816	2.3
249180230	"WISŁA-CENTRUM"	19570817	8.3
249180230	"WISŁA-CENTRUM"	19570818	6.1
249180230	"WISŁA-CENTRUM"	19570819	1.5
249180230	"WISŁA-CENTRUM"	19570821	1
249180230	"WISŁA-CENTRUM"	19570822	8.9
249180230	"WISŁA-CENTRUM"	19570824	12.5
249180230	"WISŁA-CENTRUM"	19570827	2.8
249180230	"WISŁA-CENTRUM"	19570828	32.7
249180230	"WISŁA-CENTRUM"	19570829	4.1
249180230	"WISŁA-CENTRUM"	19570830	0.2
249180230	"WISŁA-CENTRUM"	19570831	2.4
249180230	"WISŁA-CENTRUM"	19570901	0.2
249180230	"WISŁA-CENTRUM"	19570902	10.8
249180230	"WISŁA-CENTRUM"	19570903	6.8
249180230	"WISŁA-CENTRUM"	19570904	12.1
249180230	"WISŁA-CENTRUM"	19570909	0.1
249180230	"WISŁA-CENTRUM"	19570910	1.4
249180230	"WISŁA-CENTRUM"	19570911	0.2
249180230	"WISŁA-CENTRUM"	19570912	3.2
249180230	"WISŁA-CENTRUM"	19570914	10.1
249180230	"WISŁA-CENTRUM"	19570915	1.2
249180230	"WISŁA-CENTRUM"	19570916	0.2
249180230	"WISŁA-CENTRUM"	19570917	1.5
249180230	"WISŁA-CENTRUM"	19570918	9.8
249180230	"WISŁA-CENTRUM"	19570919	1.9
249180230	"WISŁA-CENTRUM"	19570920	0.2
249180230	"WISŁA-CENTRUM"	19570922	0.8
249180230	"WISŁA-CENTRUM"	19570923	4.9
249180230	"WISŁA-CENTRUM"	19570924	10
249180230	"WISŁA-CENTRUM"	19570926	3
249180230	"WISŁA-CENTRUM"	19570927	3.2
249180230	"WISŁA-CENTRUM"	19570928	9.1
249180230	"WISŁA-CENTRUM"	19570929	16.4
249180230	"WISŁA-CENTRUM"	19571004	4.8
249180230	"WISŁA-CENTRUM"	19571020	7.1
249180230	"WISŁA-CENTRUM"	19571021	0.3
249180230	"WISŁA-CENTRUM"	19571022	7.6
249180230	"WISŁA-CENTRUM"	19571023	0.2
249180230	"WISŁA-CENTRUM"	19571024	1.1
249180230	"WISŁA-CENTRUM"	19571110	1
249180230	"WISŁA-CENTRUM"	19571111	0.4
249180230	"WISŁA-CENTRUM"	19571125	1.3
249180230	"WISŁA-CENTRUM"	19571126	0.3
249180230	"WISŁA-CENTRUM"	19571127	1.1
249180230	"WISŁA-CENTRUM"	19571128	13.8
249180230	"WISŁA-CENTRUM"	19571129	5.9
249180230	"WISŁA-CENTRUM"	19571130	1
249180230	"WISŁA-CENTRUM"	19571201	1.2
249180230	"WISŁA-CENTRUM"	19571203	3.3
249180230	"WISŁA-CENTRUM"	19571204	7.2
249180230	"WISŁA-CENTRUM"	19571205	6.2
249180230	"WISŁA-CENTRUM"	19571206	0.8
249180230	"WISŁA-CENTRUM"	19571208	2.3
249180230	"WISŁA-CENTRUM"	19571209	2.8
249180230	"WISŁA-CENTRUM"	19571210	2.8
249180230	"WISŁA-CENTRUM"	19571213	2.9
249180230	"WISŁA-CENTRUM"	19571214	1.6
249180230	"WISŁA-CENTRUM"	19571228	0.3
249180230	"WISŁA-CENTRUM"	19571230	0.1
249180230	"WISŁA-CENTRUM"	19571231	0.3
249180230	"WISŁA-CENTRUM"	19580101	0.4
249180230	"WISŁA-CENTRUM"	19580102	2
249180230	"WISŁA-CENTRUM"	19580103	1
249180230	"WISŁA-CENTRUM"	19580106	3.9
249180230	"WISŁA-CENTRUM"	19580107	9.1
249180230	"WISŁA-CENTRUM"	19580108	1.2
249180230	"WISŁA-CENTRUM"	19580109	0.3
249180230	"WISŁA-CENTRUM"	19580113	0.2
249180230	"WISŁA-CENTRUM"	19580114	1
249180230	"WISŁA-CENTRUM"	19580115	2
249180230	"WISŁA-CENTRUM"	19580116	0.3
249180230	"WISŁA-CENTRUM"	19580117	1.1
249180230	"WISŁA-CENTRUM"	19580118	0.1
249180230	"WISŁA-CENTRUM"	19580119	1.7
249180230	"WISŁA-CENTRUM"	19580120	5.2
249180230	"WISŁA-CENTRUM"	19580121	1.8
249180230	"WISŁA-CENTRUM"	19580130	0.2
249180230	"WISŁA-CENTRUM"	19580131	1.9
249180230	"WISŁA-CENTRUM"	19580203	6.7
249180230	"WISŁA-CENTRUM"	19580204	1.6
249180230	"WISŁA-CENTRUM"	19580205	10.9
249180230	"WISŁA-CENTRUM"	19580206	0.2
249180230	"WISŁA-CENTRUM"	19580207	3.9
249180230	"WISŁA-CENTRUM"	19580211	0.4
249180230	"WISŁA-CENTRUM"	19580215	1.5
249180230	"WISŁA-CENTRUM"	19580216	3.6
249180230	"WISŁA-CENTRUM"	19580217	0.7
249180230	"WISŁA-CENTRUM"	19580218	0.1
249180230	"WISŁA-CENTRUM"	19580219	0.3
249180230	"WISŁA-CENTRUM"	19580220	5.1
249180230	"WISŁA-CENTRUM"	19580221	7.4
249180230	"WISŁA-CENTRUM"	19580222	4.9
249180230	"WISŁA-CENTRUM"	19580223	0.5
249180230	"WISŁA-CENTRUM"	19580224	2.9
249180230	"WISŁA-CENTRUM"	19580227	7.3
249180230	"WISŁA-CENTRUM"	19580228	0.8
249180230	"WISŁA-CENTRUM"	19580302	10
249180230	"WISŁA-CENTRUM"	19580303	14.9
249180230	"WISŁA-CENTRUM"	19580304	0.3
249180230	"WISŁA-CENTRUM"	19580306	1.2
249180230	"WISŁA-CENTRUM"	19580308	4.9
249180230	"WISŁA-CENTRUM"	19580311	14.2
249180230	"WISŁA-CENTRUM"	19580312	11.7
249180230	"WISŁA-CENTRUM"	19580313	0.7
249180230	"WISŁA-CENTRUM"	19580314	2.1
249180230	"WISŁA-CENTRUM"	19580315	0.3
249180230	"WISŁA-CENTRUM"	19580316	3
249180230	"WISŁA-CENTRUM"	19580317	3.1
249180230	"WISŁA-CENTRUM"	19580318	0.2
249180230	"WISŁA-CENTRUM"	19580319	0.3
249180230	"WISŁA-CENTRUM"	19580320	2.6
249180230	"WISŁA-CENTRUM"	19580321	4.9
249180230	"WISŁA-CENTRUM"	19580322	2.3
249180230	"WISŁA-CENTRUM"	19580323	1.2
249180230	"WISŁA-CENTRUM"	19580328	1.2
249180230	"WISŁA-CENTRUM"	19580329	0.2
249180230	"WISŁA-CENTRUM"	19580330	2.6
249180230	"WISŁA-CENTRUM"	19580331	1.4
249180230	"WISŁA-CENTRUM"	19580401	1.2
249180230	"WISŁA-CENTRUM"	19580404	0.2
249180230	"WISŁA-CENTRUM"	19580405	0.2
249180230	"WISŁA-CENTRUM"	19580406	0.2
249180230	"WISŁA-CENTRUM"	19580407	1.8
249180230	"WISŁA-CENTRUM"	19580408	0.6
249180230	"WISŁA-CENTRUM"	19580409	1.7
249180230	"WISŁA-CENTRUM"	19580410	4
249180230	"WISŁA-CENTRUM"	19580411	7.7
249180230	"WISŁA-CENTRUM"	19580416	3.7
249180230	"WISŁA-CENTRUM"	19580417	7.6
249180230	"WISŁA-CENTRUM"	19580418	5
249180230	"WISŁA-CENTRUM"	19580419	4.2
249180230	"WISŁA-CENTRUM"	19580420	1.2
249180230	"WISŁA-CENTRUM"	19580421	7.7
249180230	"WISŁA-CENTRUM"	19580422	7
249180230	"WISŁA-CENTRUM"	19580423	1.8
249180230	"WISŁA-CENTRUM"	19580427	1.7
249180230	"WISŁA-CENTRUM"	19580503	5.3
249180230	"WISŁA-CENTRUM"	19580504	0.3
249180230	"WISŁA-CENTRUM"	19580506	6.1
249180230	"WISŁA-CENTRUM"	19580507	4.3
249180230	"WISŁA-CENTRUM"	19580508	5.1
249180230	"WISŁA-CENTRUM"	19580509	1.3
249180230	"WISŁA-CENTRUM"	19580510	0.3
249180230	"WISŁA-CENTRUM"	19580512	0.1
249180230	"WISŁA-CENTRUM"	19580516	0.3
249180230	"WISŁA-CENTRUM"	19580517	2.4
249180230	"WISŁA-CENTRUM"	19580518	0.3
249180230	"WISŁA-CENTRUM"	19580519	2.7
249180230	"WISŁA-CENTRUM"	19580523	2.9
249180230	"WISŁA-CENTRUM"	19580528	25.2
249180230	"WISŁA-CENTRUM"	19580530	0.4
249180230	"WISŁA-CENTRUM"	19580531	3.9
249180230	"WISŁA-CENTRUM"	19580603	1.2
249180230	"WISŁA-CENTRUM"	19580604	6
249180230	"WISŁA-CENTRUM"	19580605	4.3
249180230	"WISŁA-CENTRUM"	19580606	1.2
249180230	"WISŁA-CENTRUM"	19580609	2.7
249180230	"WISŁA-CENTRUM"	19580610	1.2
249180230	"WISŁA-CENTRUM"	19580611	3.3
249180230	"WISŁA-CENTRUM"	19580612	2.1
249180230	"WISŁA-CENTRUM"	19580618	2.3
249180230	"WISŁA-CENTRUM"	19580619	1.4
249180230	"WISŁA-CENTRUM"	19580620	0.3
249180230	"WISŁA-CENTRUM"	19580621	3.8
249180230	"WISŁA-CENTRUM"	19580622	5.4
249180230	"WISŁA-CENTRUM"	19580623	6.8
249180230	"WISŁA-CENTRUM"	19580624	4.6
249180230	"WISŁA-CENTRUM"	19580627	10.8
249180230	"WISŁA-CENTRUM"	19580628	41.8
249180230	"WISŁA-CENTRUM"	19580629	87
249180230	"WISŁA-CENTRUM"	19580630	10
249180230	"WISŁA-CENTRUM"	19580702	3.9
249180230	"WISŁA-CENTRUM"	19580703	12.5
249180230	"WISŁA-CENTRUM"	19580704	34.2
249180230	"WISŁA-CENTRUM"	19580705	29.9
249180230	"WISŁA-CENTRUM"	19580706	0.9
249180230	"WISŁA-CENTRUM"	19580708	5.6
249180230	"WISŁA-CENTRUM"	19580714	4.3
249180230	"WISŁA-CENTRUM"	19580717	11.1
249180230	"WISŁA-CENTRUM"	19580720	2.4
249180230	"WISŁA-CENTRUM"	19580722	6.6
249180230	"WISŁA-CENTRUM"	19580723	22.3
249180230	"WISŁA-CENTRUM"	19580724	2.3
249180230	"WISŁA-CENTRUM"	19580725	0.4
249180230	"WISŁA-CENTRUM"	19580729	3.6
249180230	"WISŁA-CENTRUM"	19580802	6.1
249180230	"WISŁA-CENTRUM"	19580803	8.1
249180230	"WISŁA-CENTRUM"	19580804	0.8
249180230	"WISŁA-CENTRUM"	19580807	12.1
249180230	"WISŁA-CENTRUM"	19580808	35.2
249180230	"WISŁA-CENTRUM"	19580812	6.8
249180230	"WISŁA-CENTRUM"	19580813	7
249180230	"WISŁA-CENTRUM"	19580815	0.7
249180230	"WISŁA-CENTRUM"	19580816	0.9
249180230	"WISŁA-CENTRUM"	19580817	1.1
249180230	"WISŁA-CENTRUM"	19580818	15.1
249180230	"WISŁA-CENTRUM"	19580820	9.9
249180230	"WISŁA-CENTRUM"	19580821	3.1
249180230	"WISŁA-CENTRUM"	19580822	33.3
249180230	"WISŁA-CENTRUM"	19580823	3.1
249180230	"WISŁA-CENTRUM"	19580824	2.1
249180230	"WISŁA-CENTRUM"	19580825	1.9
249180230	"WISŁA-CENTRUM"	19580826	8.2
249180230	"WISŁA-CENTRUM"	19580827	1
249180230	"WISŁA-CENTRUM"	19580830	2.2
249180230	"WISŁA-CENTRUM"	19580831	0.2
249180230	"WISŁA-CENTRUM"	19580910	9
249180230	"WISŁA-CENTRUM"	19580911	21.1
249180230	"WISŁA-CENTRUM"	19580916	0.4
249180230	"WISŁA-CENTRUM"	19580917	0.2
249180230	"WISŁA-CENTRUM"	19580918	5
249180230	"WISŁA-CENTRUM"	19580921	4.7
249180230	"WISŁA-CENTRUM"	19580922	11.3
249180230	"WISŁA-CENTRUM"	19580923	2.8
249180230	"WISŁA-CENTRUM"	19580924	1.5
249180230	"WISŁA-CENTRUM"	19580925	1.6
249180230	"WISŁA-CENTRUM"	19580926	3.6
249180230	"WISŁA-CENTRUM"	19580927	3.9
249180230	"WISŁA-CENTRUM"	19581001	0.1
249180230	"WISŁA-CENTRUM"	19581002	9.3
249180230	"WISŁA-CENTRUM"	19581003	4.8
249180230	"WISŁA-CENTRUM"	19581006	1.6
249180230	"WISŁA-CENTRUM"	19581007	3.5
249180230	"WISŁA-CENTRUM"	19581008	11.7
249180230	"WISŁA-CENTRUM"	19581012	4.9
249180230	"WISŁA-CENTRUM"	19581013	28.1
249180230	"WISŁA-CENTRUM"	19581014	21
249180230	"WISŁA-CENTRUM"	19581015	11
249180230	"WISŁA-CENTRUM"	19581016	21.7
249180230	"WISŁA-CENTRUM"	19581017	10.8
249180230	"WISŁA-CENTRUM"	19581018	13.7
249180230	"WISŁA-CENTRUM"	19581019	3.4
249180230	"WISŁA-CENTRUM"	19581021	0.1
249180230	"WISŁA-CENTRUM"	19581022	0.7
249180230	"WISŁA-CENTRUM"	19581023	1
249180230	"WISŁA-CENTRUM"	19581024	1.1
249180230	"WISŁA-CENTRUM"	19581025	0.3
249180230	"WISŁA-CENTRUM"	19581028	0.2
249180230	"WISŁA-CENTRUM"	19581101	9.9
249180230	"WISŁA-CENTRUM"	19581102	0.9
249180230	"WISŁA-CENTRUM"	19581104	3
249180230	"WISŁA-CENTRUM"	19581107	0.3
249180230	"WISŁA-CENTRUM"	19581108	0.2
249180230	"WISŁA-CENTRUM"	19581109	5.1
249180230	"WISŁA-CENTRUM"	19581110	8.1
249180230	"WISŁA-CENTRUM"	19581113	0.1
249180230	"WISŁA-CENTRUM"	19581114	0.3
249180230	"WISŁA-CENTRUM"	19581115	5.1
249180230	"WISŁA-CENTRUM"	19581116	0.2
249180230	"WISŁA-CENTRUM"	19581126	1.6
249180230	"WISŁA-CENTRUM"	19581129	0.7
249180230	"WISŁA-CENTRUM"	19581130	1.2
249180230	"WISŁA-CENTRUM"	19581201	3.4
249180230	"WISŁA-CENTRUM"	19581202	5.4
249180230	"WISŁA-CENTRUM"	19581205	2.4
249180230	"WISŁA-CENTRUM"	19581206	5
249180230	"WISŁA-CENTRUM"	19581209	0.3
249180230	"WISŁA-CENTRUM"	19581210	0.4
249180230	"WISŁA-CENTRUM"	19581213	1.1
249180230	"WISŁA-CENTRUM"	19581214	8
249180230	"WISŁA-CENTRUM"	19581223	1.8
249180230	"WISŁA-CENTRUM"	19581224	1
249180230	"WISŁA-CENTRUM"	19581225	4.3
249180230	"WISŁA-CENTRUM"	19581226	9.6
249180230	"WISŁA-CENTRUM"	19581227	1.1
249180230	"WISŁA-CENTRUM"	19581228	7.1
249180230	"WISŁA-CENTRUM"	19581229	5.7
249180230	"WISŁA-CENTRUM"	19581230	2.6
249180230	"WISŁA-CENTRUM"	19590104	0.2
249180230	"WISŁA-CENTRUM"	19590105	2.8
249180230	"WISŁA-CENTRUM"	19590108	2
249180230	"WISŁA-CENTRUM"	19590109	19.8
249180230	"WISŁA-CENTRUM"	19590113	0.8
249180230	"WISŁA-CENTRUM"	19590115	0.4
249180230	"WISŁA-CENTRUM"	19590116	0.2
249180230	"WISŁA-CENTRUM"	19590117	0.3
249180230	"WISŁA-CENTRUM"	19590123	2.8
249180230	"WISŁA-CENTRUM"	19590124	15.3
249180230	"WISŁA-CENTRUM"	19590125	3.8
249180230	"WISŁA-CENTRUM"	19590126	2
249180230	"WISŁA-CENTRUM"	19590127	7.1
249180230	"WISŁA-CENTRUM"	19590128	0.2
249180230	"WISŁA-CENTRUM"	19590131	0.2
249180230	"WISŁA-CENTRUM"	19590201	7
249180230	"WISŁA-CENTRUM"	19590202	0.7
249180230	"WISŁA-CENTRUM"	19590215	1.4
249180230	"WISŁA-CENTRUM"	19590216	0.2
249180230	"WISŁA-CENTRUM"	19590217	0.2
249180230	"WISŁA-CENTRUM"	19590218	0.3
249180230	"WISŁA-CENTRUM"	19590220	2.1
249180230	"WISŁA-CENTRUM"	19590221	2.3
249180230	"WISŁA-CENTRUM"	19590222	2
249180230	"WISŁA-CENTRUM"	19590223	0.1
249180230	"WISŁA-CENTRUM"	19590224	2.1
249180230	"WISŁA-CENTRUM"	19590304	0.2
249180230	"WISŁA-CENTRUM"	19590307	1.2
249180230	"WISŁA-CENTRUM"	19590308	22.3
249180230	"WISŁA-CENTRUM"	19590312	0.1
249180230	"WISŁA-CENTRUM"	19590313	0.2
249180230	"WISŁA-CENTRUM"	19590324	0.6
249180230	"WISŁA-CENTRUM"	19590326	0.7
249180230	"WISŁA-CENTRUM"	19590327	1.1
249180230	"WISŁA-CENTRUM"	19590328	0.2
249180230	"WISŁA-CENTRUM"	19590329	0.3
249180230	"WISŁA-CENTRUM"	19590405	7.1
249180230	"WISŁA-CENTRUM"	19590406	1.1
249180230	"WISŁA-CENTRUM"	19590407	4.6
249180230	"WISŁA-CENTRUM"	19590410	1.3
249180230	"WISŁA-CENTRUM"	19590411	15.2
249180230	"WISŁA-CENTRUM"	19590412	1.1
249180230	"WISŁA-CENTRUM"	19590413	0.8
249180230	"WISŁA-CENTRUM"	19590417	2.4
249180230	"WISŁA-CENTRUM"	19590418	19.5
249180230	"WISŁA-CENTRUM"	19590419	25.7
249180230	"WISŁA-CENTRUM"	19590420	2.3
249180230	"WISŁA-CENTRUM"	19590423	3.6
249180230	"WISŁA-CENTRUM"	19590424	1.8
249180230	"WISŁA-CENTRUM"	19590501	10.7
249180230	"WISŁA-CENTRUM"	19590502	1.2
249180230	"WISŁA-CENTRUM"	19590503	0.4
249180230	"WISŁA-CENTRUM"	19590506	4.8
249180230	"WISŁA-CENTRUM"	19590507	5.3
249180230	"WISŁA-CENTRUM"	19590515	2.2
249180230	"WISŁA-CENTRUM"	19590516	1
249180230	"WISŁA-CENTRUM"	19590517	3.6
249180230	"WISŁA-CENTRUM"	19590519	1.1
249180230	"WISŁA-CENTRUM"	19590520	0.6
249180230	"WISŁA-CENTRUM"	19590530	2.9
249180230	"WISŁA-CENTRUM"	19590531	40
249180230	"WISŁA-CENTRUM"	19590601	10
249180230	"WISŁA-CENTRUM"	19590602	3.3
249180230	"WISŁA-CENTRUM"	19590603	20.1
249180230	"WISŁA-CENTRUM"	19590604	2.9
249180230	"WISŁA-CENTRUM"	19590609	14.9
249180230	"WISŁA-CENTRUM"	19590610	20.1
249180230	"WISŁA-CENTRUM"	19590611	21.7
249180230	"WISŁA-CENTRUM"	19590612	4
249180230	"WISŁA-CENTRUM"	19590613	12.8
249180230	"WISŁA-CENTRUM"	19590614	3
249180230	"WISŁA-CENTRUM"	19590615	0.2
249180230	"WISŁA-CENTRUM"	19590616	0.4
249180230	"WISŁA-CENTRUM"	19590625	31.6
249180230	"WISŁA-CENTRUM"	19590628	0.3
249180230	"WISŁA-CENTRUM"	19590629	27.6
249180230	"WISŁA-CENTRUM"	19590630	94
249180230	"WISŁA-CENTRUM"	19590701	27.6
249180230	"WISŁA-CENTRUM"	19590702	0.2
249180230	"WISŁA-CENTRUM"	19590703	22.4
249180230	"WISŁA-CENTRUM"	19590704	1.8
249180230	"WISŁA-CENTRUM"	19590707	1.4
249180230	"WISŁA-CENTRUM"	19590715	1.1
249180230	"WISŁA-CENTRUM"	19590716	2.9
249180230	"WISŁA-CENTRUM"	19590717	1.3
249180230	"WISŁA-CENTRUM"	19590718	11.2
249180230	"WISŁA-CENTRUM"	19590719	3.1
249180230	"WISŁA-CENTRUM"	19590721	3.1
249180230	"WISŁA-CENTRUM"	19590722	8.3
249180230	"WISŁA-CENTRUM"	19590723	0.2
249180230	"WISŁA-CENTRUM"	19590729	33
249180230	"WISŁA-CENTRUM"	19590730	15
249180230	"WISŁA-CENTRUM"	19590731	18
249180230	"WISŁA-CENTRUM"	19590801	3
249180230	"WISŁA-CENTRUM"	19590802	2.8
249180230	"WISŁA-CENTRUM"	19590803	0.1
249180230	"WISŁA-CENTRUM"	19590804	0.4
249180230	"WISŁA-CENTRUM"	19590805	3
249180230	"WISŁA-CENTRUM"	19590806	1
249180230	"WISŁA-CENTRUM"	19590811	20
249180230	"WISŁA-CENTRUM"	19590812	2.1
249180230	"WISŁA-CENTRUM"	19590813	7
249180230	"WISŁA-CENTRUM"	19590814	4.3
249180230	"WISŁA-CENTRUM"	19590815	6.6
249180230	"WISŁA-CENTRUM"	19590816	22.1
249180230	"WISŁA-CENTRUM"	19590817	1.9
249180230	"WISŁA-CENTRUM"	19590828	0.3
249180230	"WISŁA-CENTRUM"	19590829	1.7
249180230	"WISŁA-CENTRUM"	19590831	1
249180230	"WISŁA-CENTRUM"	19590901	0.9
249180230	"WISŁA-CENTRUM"	19590909	0.3
249180230	"WISŁA-CENTRUM"	19590913	1.4
249180230	"WISŁA-CENTRUM"	19590922	2.2
249180230	"WISŁA-CENTRUM"	19590924	1.1
249180230	"WISŁA-CENTRUM"	19590928	1.1
249180230	"WISŁA-CENTRUM"	19591013	0.4
249180230	"WISŁA-CENTRUM"	19591022	5.6
249180230	"WISŁA-CENTRUM"	19591023	12.2
249180230	"WISŁA-CENTRUM"	19591024	1.8
249180230	"WISŁA-CENTRUM"	19591029	1.8
249180230	"WISŁA-CENTRUM"	19591030	0.2
249180230	"WISŁA-CENTRUM"	19591105	0.2
249180230	"WISŁA-CENTRUM"	19591106	6.4
249180230	"WISŁA-CENTRUM"	19591107	3.6
249180230	"WISŁA-CENTRUM"	19591108	7.6
249180230	"WISŁA-CENTRUM"	19591109	2
249180230	"WISŁA-CENTRUM"	19591115	1
249180230	"WISŁA-CENTRUM"	19591116	3
249180230	"WISŁA-CENTRUM"	19591117	3.4
249180230	"WISŁA-CENTRUM"	19591204	4
249180230	"WISŁA-CENTRUM"	19591205	5.1
249180230	"WISŁA-CENTRUM"	19591206	2.6
249180230	"WISŁA-CENTRUM"	19591208	1.1
249180230	"WISŁA-CENTRUM"	19591210	0.3
249180230	"WISŁA-CENTRUM"	19591213	9.4
249180230	"WISŁA-CENTRUM"	19591214	1.6
249180230	"WISŁA-CENTRUM"	19591218	6.1
249180230	"WISŁA-CENTRUM"	19591219	1.3
249180230	"WISŁA-CENTRUM"	19591221	1.1
249180230	"WISŁA-CENTRUM"	19591222	0.3
249180230	"WISŁA-CENTRUM"	19591223	0.2
249180230	"WISŁA-CENTRUM"	19591224	11.8
249180230	"WISŁA-CENTRUM"	19591225	6.1
249180230	"WISŁA-CENTRUM"	19591226	2
249180230	"WISŁA-CENTRUM"	19591227	0.2
249180230	"WISŁA-CENTRUM"	19591228	15.8
249180230	"WISŁA-CENTRUM"	19591229	11
249180230	"WISŁA-CENTRUM"	19591230	8.7
249180230	"WISŁA-CENTRUM"	19591231	2.5
249180230	"WISŁA-CENTRUM"	19600101	0.4
249180230	"WISŁA-CENTRUM"	19600103	0.3
249180230	"WISŁA-CENTRUM"	19600104	1
249180230	"WISŁA-CENTRUM"	19600105	2
249180230	"WISŁA-CENTRUM"	19600106	4.3
249180230	"WISŁA-CENTRUM"	19600107	6.2
249180230	"WISŁA-CENTRUM"	19600108	1.9
249180230	"WISŁA-CENTRUM"	19600109	1.7
249180230	"WISŁA-CENTRUM"	19600112	7.3
249180230	"WISŁA-CENTRUM"	19600113	1.4
249180230	"WISŁA-CENTRUM"	19600120	3.6
249180230	"WISŁA-CENTRUM"	19600121	5
249180230	"WISŁA-CENTRUM"	19600124	1.4
249180230	"WISŁA-CENTRUM"	19600126	0.2
249180230	"WISŁA-CENTRUM"	19600130	12.6
249180230	"WISŁA-CENTRUM"	19600131	1.7
249180230	"WISŁA-CENTRUM"	19600213	21.7
249180230	"WISŁA-CENTRUM"	19600215	0.7
249180230	"WISŁA-CENTRUM"	19600216	1
249180230	"WISŁA-CENTRUM"	19600217	1.4
249180230	"WISŁA-CENTRUM"	19600218	4.9
249180230	"WISŁA-CENTRUM"	19600223	1.5
249180230	"WISŁA-CENTRUM"	19600224	5.5
249180230	"WISŁA-CENTRUM"	19600225	0.3
249180230	"WISŁA-CENTRUM"	19600227	1
249180230	"WISŁA-CENTRUM"	19600229	0.3
249180230	"WISŁA-CENTRUM"	19600301	3
249180230	"WISŁA-CENTRUM"	19600302	1.6
249180230	"WISŁA-CENTRUM"	19600303	1.5
249180230	"WISŁA-CENTRUM"	19600307	0.1
249180230	"WISŁA-CENTRUM"	19600312	0.1
249180230	"WISŁA-CENTRUM"	19600315	0.1
249180230	"WISŁA-CENTRUM"	19600316	3.2
249180230	"WISŁA-CENTRUM"	19600317	6.4
249180230	"WISŁA-CENTRUM"	19600318	8.4
249180230	"WISŁA-CENTRUM"	19600319	3
249180230	"WISŁA-CENTRUM"	19600404	1
249180230	"WISŁA-CENTRUM"	19600406	1.7
249180230	"WISŁA-CENTRUM"	19600407	2.2
249180230	"WISŁA-CENTRUM"	19600408	14.2
249180230	"WISŁA-CENTRUM"	19600412	0.4
249180230	"WISŁA-CENTRUM"	19600414	10.2
249180230	"WISŁA-CENTRUM"	19600415	0.3
249180230	"WISŁA-CENTRUM"	19600416	1
249180230	"WISŁA-CENTRUM"	19600421	0.3
249180230	"WISŁA-CENTRUM"	19600422	10.6
249180230	"WISŁA-CENTRUM"	19600423	2.6
249180230	"WISŁA-CENTRUM"	19600424	9.6
249180230	"WISŁA-CENTRUM"	19600425	8
249180230	"WISŁA-CENTRUM"	19600426	0.4
249180230	"WISŁA-CENTRUM"	19600427	3.6
249180230	"WISŁA-CENTRUM"	19600428	4.8
249180230	"WISŁA-CENTRUM"	19600429	1.8
249180230	"WISŁA-CENTRUM"	19600430	2.1
249180230	"WISŁA-CENTRUM"	19600501	11
249180230	"WISŁA-CENTRUM"	19600502	1.1
249180230	"WISŁA-CENTRUM"	19600508	2.6
249180230	"WISŁA-CENTRUM"	19600509	8
249180230	"WISŁA-CENTRUM"	19600510	1.1
249180230	"WISŁA-CENTRUM"	19600513	2.6
249180230	"WISŁA-CENTRUM"	19600517	6.6
249180230	"WISŁA-CENTRUM"	19600519	6.2
249180230	"WISŁA-CENTRUM"	19600520	17
249180230	"WISŁA-CENTRUM"	19600521	1.1
249180230	"WISŁA-CENTRUM"	19600522	20
249180230	"WISŁA-CENTRUM"	19600523	9.8
249180230	"WISŁA-CENTRUM"	19600524	5.1
249180230	"WISŁA-CENTRUM"	19600525	4.3
249180230	"WISŁA-CENTRUM"	19600526	12.3
249180230	"WISŁA-CENTRUM"	19600529	6.3
249180230	"WISŁA-CENTRUM"	19600530	0.7
249180230	"WISŁA-CENTRUM"	19600531	2
249180230	"WISŁA-CENTRUM"	19600602	16.4
249180230	"WISŁA-CENTRUM"	19600603	6.6
249180230	"WISŁA-CENTRUM"	19600604	4.7
249180230	"WISŁA-CENTRUM"	19600605	0.3
249180230	"WISŁA-CENTRUM"	19600608	0.4
249180230	"WISŁA-CENTRUM"	19600609	1.1
249180230	"WISŁA-CENTRUM"	19600610	20.6
249180230	"WISŁA-CENTRUM"	19600611	17.2
249180230	"WISŁA-CENTRUM"	19600614	16.1
249180230	"WISŁA-CENTRUM"	19600615	7.7
249180230	"WISŁA-CENTRUM"	19600617	3.4
249180230	"WISŁA-CENTRUM"	19600618	0.9
249180230	"WISŁA-CENTRUM"	19600619	44.1
249180230	"WISŁA-CENTRUM"	19600620	19.7
249180230	"WISŁA-CENTRUM"	19600621	4
249180230	"WISŁA-CENTRUM"	19600626	2.4
249180230	"WISŁA-CENTRUM"	19600627	13
249180230	"WISŁA-CENTRUM"	19600628	4.4
249180230	"WISŁA-CENTRUM"	19600629	6
249180230	"WISŁA-CENTRUM"	19600701	5.6
249180230	"WISŁA-CENTRUM"	19600703	1.8
249180230	"WISŁA-CENTRUM"	19600704	7
249180230	"WISŁA-CENTRUM"	19600705	1.2
249180230	"WISŁA-CENTRUM"	19600706	25.9
249180230	"WISŁA-CENTRUM"	19600707	18.6
249180230	"WISŁA-CENTRUM"	19600708	19.6
249180230	"WISŁA-CENTRUM"	19600709	43.5
249180230	"WISŁA-CENTRUM"	19600712	30.2
249180230	"WISŁA-CENTRUM"	19600713	37.6
249180230	"WISŁA-CENTRUM"	19600716	4.2
249180230	"WISŁA-CENTRUM"	19600718	0.2
249180230	"WISŁA-CENTRUM"	19600720	9.4
249180230	"WISŁA-CENTRUM"	19600721	11.4
249180230	"WISŁA-CENTRUM"	19600722	2.2
249180230	"WISŁA-CENTRUM"	19600723	31.7
249180230	"WISŁA-CENTRUM"	19600724	53.3
249180230	"WISŁA-CENTRUM"	19600725	161.4
249180230	"WISŁA-CENTRUM"	19600726	19
249180230	"WISŁA-CENTRUM"	19600727	10.7
249180230	"WISŁA-CENTRUM"	19600728	5.4
249180230	"WISŁA-CENTRUM"	19600729	0.2
249180230	"WISŁA-CENTRUM"	19600802	5.6
249180230	"WISŁA-CENTRUM"	19600805	4.5
249180230	"WISŁA-CENTRUM"	19600806	16.2
249180230	"WISŁA-CENTRUM"	19600808	12
249180230	"WISŁA-CENTRUM"	19600809	7.4
249180230	"WISŁA-CENTRUM"	19600812	1
249180230	"WISŁA-CENTRUM"	19600813	41.5
249180230	"WISŁA-CENTRUM"	19600815	11
249180230	"WISŁA-CENTRUM"	19600816	1
249180230	"WISŁA-CENTRUM"	19600819	17.6
249180230	"WISŁA-CENTRUM"	19600820	1
249180230	"WISŁA-CENTRUM"	19600821	1.3
249180230	"WISŁA-CENTRUM"	19600824	0.2
249180230	"WISŁA-CENTRUM"	19600828	2.9
249180230	"WISŁA-CENTRUM"	19600829	21.3
249180230	"WISŁA-CENTRUM"	19600830	1.2
249180230	"WISŁA-CENTRUM"	19600831	0.4
249180230	"WISŁA-CENTRUM"	19600901	1
249180230	"WISŁA-CENTRUM"	19600902	4.6
249180230	"WISŁA-CENTRUM"	19600904	3.4
249180230	"WISŁA-CENTRUM"	19600905	25.9
249180230	"WISŁA-CENTRUM"	19600906	13.7
249180230	"WISŁA-CENTRUM"	19600907	6.8
249180230	"WISŁA-CENTRUM"	19600908	9.6
249180230	"WISŁA-CENTRUM"	19600909	1.2
249180230	"WISŁA-CENTRUM"	19600926	3.4
249180230	"WISŁA-CENTRUM"	19600927	1
249180230	"WISŁA-CENTRUM"	19600928	0.9
249180230	"WISŁA-CENTRUM"	19601001	10
249180230	"WISŁA-CENTRUM"	19601002	0.3
249180230	"WISŁA-CENTRUM"	19601007	2.5
249180230	"WISŁA-CENTRUM"	19601008	1.7
249180230	"WISŁA-CENTRUM"	19601009	0.3
249180230	"WISŁA-CENTRUM"	19601010	1.1
249180230	"WISŁA-CENTRUM"	19601011	0.1
249180230	"WISŁA-CENTRUM"	19601015	4
249180230	"WISŁA-CENTRUM"	19601016	1.3
249180230	"WISŁA-CENTRUM"	19601017	6.8
249180230	"WISŁA-CENTRUM"	19601018	9.4
249180230	"WISŁA-CENTRUM"	19601021	14
249180230	"WISŁA-CENTRUM"	19601022	2.7
249180230	"WISŁA-CENTRUM"	19601027	3.6
249180230	"WISŁA-CENTRUM"	19601031	2.2
249180230	"WISŁA-CENTRUM"	19601101	5.7
249180230	"WISŁA-CENTRUM"	19601102	2.6
249180230	"WISŁA-CENTRUM"	19601105	1.1
249180230	"WISŁA-CENTRUM"	19601113	3.2
249180230	"WISŁA-CENTRUM"	19601114	4
249180230	"WISŁA-CENTRUM"	19601116	13.5
249180230	"WISŁA-CENTRUM"	19601117	0.3
249180230	"WISŁA-CENTRUM"	19601118	5.3
249180230	"WISŁA-CENTRUM"	19601119	9.9
249180230	"WISŁA-CENTRUM"	19601120	2
249180230	"WISŁA-CENTRUM"	19601125	2.1
249180230	"WISŁA-CENTRUM"	19601126	0.6
249180230	"WISŁA-CENTRUM"	19601128	4.3
249180230	"WISŁA-CENTRUM"	19601129	0.8
249180230	"WISŁA-CENTRUM"	19601130	1.6
249180230	"WISŁA-CENTRUM"	19601203	0.2
249180230	"WISŁA-CENTRUM"	19601204	0.7
249180230	"WISŁA-CENTRUM"	19601207	0.2
249180230	"WISŁA-CENTRUM"	19601208	4.2
249180230	"WISŁA-CENTRUM"	19601209	3
249180230	"WISŁA-CENTRUM"	19601211	11.1
249180230	"WISŁA-CENTRUM"	19601212	2
249180230	"WISŁA-CENTRUM"	19601214	1.9
249180230	"WISŁA-CENTRUM"	19601219	2.4
249180230	"WISŁA-CENTRUM"	19601220	0.4
249180230	"WISŁA-CENTRUM"	19601229	0.2
249180230	"WISŁA-CENTRUM"	19601231	0.2
