"V1"	"V2"	"V3"	"V4"
249180030	"CHAŁUPKI"	19530101	0.4
249180030	"CHAŁUPKI"	19530102	16.2
249180030	"CHAŁUPKI"	19530103	2.7
249180030	"CHAŁUPKI"	19530106	0.6
249180030	"CHAŁUPKI"	19530107	7.7
249180030	"CHAŁUPKI"	19530108	7.5
249180030	"CHAŁUPKI"	19530109	0.6
249180030	"CHAŁUPKI"	19530110	1.9
249180030	"CHAŁUPKI"	19530111	1.1
249180030	"CHAŁUPKI"	19530112	0.8
249180030	"CHAŁUPKI"	19530118	3.8
249180030	"CHAŁUPKI"	19530119	1.2
249180030	"CHAŁUPKI"	19530121	1.4
249180030	"CHAŁUPKI"	19530122	4.5
249180030	"CHAŁUPKI"	19530123	0.2
249180030	"CHAŁUPKI"	19530128	12.9
249180030	"CHAŁUPKI"	19530130	0.4
249180030	"CHAŁUPKI"	19530131	0.8
249180030	"CHAŁUPKI"	19530202	5.1
249180030	"CHAŁUPKI"	19530203	0.8
249180030	"CHAŁUPKI"	19530206	0.8
249180030	"CHAŁUPKI"	19530207	1.8
249180030	"CHAŁUPKI"	19530208	0.4
249180030	"CHAŁUPKI"	19530211	2.1
249180030	"CHAŁUPKI"	19530213	0.1
249180030	"CHAŁUPKI"	19530216	1
249180030	"CHAŁUPKI"	19530217	1.8
249180030	"CHAŁUPKI"	19530219	0.8
249180030	"CHAŁUPKI"	19530222	0.8
249180030	"CHAŁUPKI"	19530223	0.4
249180030	"CHAŁUPKI"	19530228	1.9
249180030	"CHAŁUPKI"	19530304	10.5
249180030	"CHAŁUPKI"	19530307	4.1
249180030	"CHAŁUPKI"	19530308	0.1
249180030	"CHAŁUPKI"	19530309	0
249180030	"CHAŁUPKI"	19530310	1.2
249180030	"CHAŁUPKI"	19530311	4.9
249180030	"CHAŁUPKI"	19530312	4.6
249180030	"CHAŁUPKI"	19530313	2.2
249180030	"CHAŁUPKI"	19530327	1.4
249180030	"CHAŁUPKI"	19530329	0.1
249180030	"CHAŁUPKI"	19530405	3
249180030	"CHAŁUPKI"	19530406	2.3
249180030	"CHAŁUPKI"	19530407	0.5
249180030	"CHAŁUPKI"	19530416	0.1
249180030	"CHAŁUPKI"	19530417	4.7
249180030	"CHAŁUPKI"	19530428	8.4
249180030	"CHAŁUPKI"	19530429	15.2
249180030	"CHAŁUPKI"	19530430	13.2
249180030	"CHAŁUPKI"	19530503	0.1
249180030	"CHAŁUPKI"	19530504	0.9
249180030	"CHAŁUPKI"	19530505	8.2
249180030	"CHAŁUPKI"	19530506	4.5
249180030	"CHAŁUPKI"	19530507	6.9
249180030	"CHAŁUPKI"	19530509	4.6
249180030	"CHAŁUPKI"	19530510	23.7
249180030	"CHAŁUPKI"	19530511	6.7
249180030	"CHAŁUPKI"	19530512	1.7
249180030	"CHAŁUPKI"	19530513	0.4
249180030	"CHAŁUPKI"	19530520	1
249180030	"CHAŁUPKI"	19530522	23.8
249180030	"CHAŁUPKI"	19530527	9.6
249180030	"CHAŁUPKI"	19530531	4.5
249180030	"CHAŁUPKI"	19530603	5.3
249180030	"CHAŁUPKI"	19530608	0.6
249180030	"CHAŁUPKI"	19530609	0.6
249180030	"CHAŁUPKI"	19530612	35.1
249180030	"CHAŁUPKI"	19530616	3.4
249180030	"CHAŁUPKI"	19530617	2.6
249180030	"CHAŁUPKI"	19530619	7.3
249180030	"CHAŁUPKI"	19530624	16.5
249180030	"CHAŁUPKI"	19530625	7
249180030	"CHAŁUPKI"	19530626	22.7
249180030	"CHAŁUPKI"	19530627	0.6
249180030	"CHAŁUPKI"	19530702	3.9
249180030	"CHAŁUPKI"	19530703	3.1
249180030	"CHAŁUPKI"	19530710	5.1
249180030	"CHAŁUPKI"	19530711	2
249180030	"CHAŁUPKI"	19530713	9.8
249180030	"CHAŁUPKI"	19530719	23.1
249180030	"CHAŁUPKI"	19530724	1.4
249180030	"CHAŁUPKI"	19530727	6.2
249180030	"CHAŁUPKI"	19530728	3.2
249180030	"CHAŁUPKI"	19530730	21.2
249180030	"CHAŁUPKI"	19530802	7.1
249180030	"CHAŁUPKI"	19530803	1.7
249180030	"CHAŁUPKI"	19530805	8.2
249180030	"CHAŁUPKI"	19530806	2
249180030	"CHAŁUPKI"	19530807	2.1
249180030	"CHAŁUPKI"	19530808	4
249180030	"CHAŁUPKI"	19530821	1.3
249180030	"CHAŁUPKI"	19530822	14.2
249180030	"CHAŁUPKI"	19530826	0.2
249180030	"CHAŁUPKI"	19530830	0
249180030	"CHAŁUPKI"	19530903	35.2
249180030	"CHAŁUPKI"	19530912	2.3
249180030	"CHAŁUPKI"	19530913	4.8
249180030	"CHAŁUPKI"	19530914	0.4
249180030	"CHAŁUPKI"	19530920	29.7
249180030	"CHAŁUPKI"	19530929	0.4
249180030	"CHAŁUPKI"	19530930	0.5
249180030	"CHAŁUPKI"	19531004	0.7
249180030	"CHAŁUPKI"	19531006	1
249180030	"CHAŁUPKI"	19531007	3
249180030	"CHAŁUPKI"	19531009	0.2
249180030	"CHAŁUPKI"	19531020	0
249180030	"CHAŁUPKI"	19531031	4.2
249180030	"CHAŁUPKI"	19531104	0.6
249180030	"CHAŁUPKI"	19531105	2.9
249180030	"CHAŁUPKI"	19531106	6.3
249180030	"CHAŁUPKI"	19531110	0.5
249180030	"CHAŁUPKI"	19531114	2.9
249180030	"CHAŁUPKI"	19531115	1.5
249180030	"CHAŁUPKI"	19531120	6.6
249180030	"CHAŁUPKI"	19531121	0.8
249180030	"CHAŁUPKI"	19531122	2.6
249180030	"CHAŁUPKI"	19531129	0
249180030	"CHAŁUPKI"	19531212	2.8
249180030	"CHAŁUPKI"	19531220	0
249180030	"CHAŁUPKI"	19531221	0
249180030	"CHAŁUPKI"	19531222	0.9
249180030	"CHAŁUPKI"	19531223	0.3
249180030	"CHAŁUPKI"	19531227	1.2
249180030	"CHAŁUPKI"	19531228	1.2
249180030	"CHAŁUPKI"	19531229	0
249180030	"CHAŁUPKI"	19531230	0.8
249180030	"CHAŁUPKI"	19531231	2.1
249180030	"CHAŁUPKI"	19540102	0.7
249180030	"CHAŁUPKI"	19540106	0
249180030	"CHAŁUPKI"	19540107	0
249180030	"CHAŁUPKI"	19540108	2.3
249180030	"CHAŁUPKI"	19540109	3.3
249180030	"CHAŁUPKI"	19540110	0.5
249180030	"CHAŁUPKI"	19540111	0.7
249180030	"CHAŁUPKI"	19540113	1.7
249180030	"CHAŁUPKI"	19540118	0.5
249180030	"CHAŁUPKI"	19540120	4.2
249180030	"CHAŁUPKI"	19540121	0.2
249180030	"CHAŁUPKI"	19540122	0.1
249180030	"CHAŁUPKI"	19540123	0.5
249180030	"CHAŁUPKI"	19540124	1.3
249180030	"CHAŁUPKI"	19540125	0.8
249180030	"CHAŁUPKI"	19540129	0.4
249180030	"CHAŁUPKI"	19540210	0.6
249180030	"CHAŁUPKI"	19540211	2.8
249180030	"CHAŁUPKI"	19540212	2.1
249180030	"CHAŁUPKI"	19540213	0
249180030	"CHAŁUPKI"	19540216	10.7
249180030	"CHAŁUPKI"	19540217	0.2
249180030	"CHAŁUPKI"	19540226	0
249180030	"CHAŁUPKI"	19540302	0.8
249180030	"CHAŁUPKI"	19540303	2.5
249180030	"CHAŁUPKI"	19540324	4.8
249180030	"CHAŁUPKI"	19540325	2.3
249180030	"CHAŁUPKI"	19540326	2
249180030	"CHAŁUPKI"	19540328	3.2
249180030	"CHAŁUPKI"	19540331	0.7
249180030	"CHAŁUPKI"	19540401	4.2
249180030	"CHAŁUPKI"	19540402	1.5
249180030	"CHAŁUPKI"	19540403	3.3
249180030	"CHAŁUPKI"	19540405	7
249180030	"CHAŁUPKI"	19540406	6
249180030	"CHAŁUPKI"	19540408	0.9
249180030	"CHAŁUPKI"	19540411	7
249180030	"CHAŁUPKI"	19540412	1
249180030	"CHAŁUPKI"	19540413	1.7
249180030	"CHAŁUPKI"	19540414	2.3
249180030	"CHAŁUPKI"	19540415	2.1
249180030	"CHAŁUPKI"	19540416	3.9
249180030	"CHAŁUPKI"	19540418	5.8
249180030	"CHAŁUPKI"	19540419	10.5
249180030	"CHAŁUPKI"	19540420	6.8
249180030	"CHAŁUPKI"	19540422	0.6
249180030	"CHAŁUPKI"	19540430	1.6
249180030	"CHAŁUPKI"	19540503	0
249180030	"CHAŁUPKI"	19540504	7.6
249180030	"CHAŁUPKI"	19540506	0.1
249180030	"CHAŁUPKI"	19540507	0.9
249180030	"CHAŁUPKI"	19540508	1.1
249180030	"CHAŁUPKI"	19540509	1.6
249180030	"CHAŁUPKI"	19540510	0.4
249180030	"CHAŁUPKI"	19540511	2.1
249180030	"CHAŁUPKI"	19540517	5.3
249180030	"CHAŁUPKI"	19540518	30.2
249180030	"CHAŁUPKI"	19540519	0.4
249180030	"CHAŁUPKI"	19540524	7.2
249180030	"CHAŁUPKI"	19540529	0.5
249180030	"CHAŁUPKI"	19540530	2
249180030	"CHAŁUPKI"	19540531	5.7
249180030	"CHAŁUPKI"	19540603	0.5
249180030	"CHAŁUPKI"	19540607	15.2
249180030	"CHAŁUPKI"	19540608	0.2
249180030	"CHAŁUPKI"	19540610	12
249180030	"CHAŁUPKI"	19540611	2.9
249180030	"CHAŁUPKI"	19540614	0.5
249180030	"CHAŁUPKI"	19540615	1.2
249180030	"CHAŁUPKI"	19540622	0.3
249180030	"CHAŁUPKI"	19540628	53.6
249180030	"CHAŁUPKI"	19540629	6.2
249180030	"CHAŁUPKI"	19540701	26.5
249180030	"CHAŁUPKI"	19540702	36.2
249180030	"CHAŁUPKI"	19540703	6.1
249180030	"CHAŁUPKI"	19540706	4.3
249180030	"CHAŁUPKI"	19540708	9.7
249180030	"CHAŁUPKI"	19540709	0
249180030	"CHAŁUPKI"	19540712	4
249180030	"CHAŁUPKI"	19540713	2.6
249180030	"CHAŁUPKI"	19540714	2.1
249180030	"CHAŁUPKI"	19540715	2.2
249180030	"CHAŁUPKI"	19540718	5.8
249180030	"CHAŁUPKI"	19540719	2.8
249180030	"CHAŁUPKI"	19540720	0.5
249180030	"CHAŁUPKI"	19540722	9.6
249180030	"CHAŁUPKI"	19540725	0.2
249180030	"CHAŁUPKI"	19540726	1.9
249180030	"CHAŁUPKI"	19540727	0.6
249180030	"CHAŁUPKI"	19540728	5.5
249180030	"CHAŁUPKI"	19540731	2.5
249180030	"CHAŁUPKI"	19540807	2.9
249180030	"CHAŁUPKI"	19540809	0.2
249180030	"CHAŁUPKI"	19540810	10.7
249180030	"CHAŁUPKI"	19540812	0.4
249180030	"CHAŁUPKI"	19540815	7.7
249180030	"CHAŁUPKI"	19540817	1.7
249180030	"CHAŁUPKI"	19540822	5.8
249180030	"CHAŁUPKI"	19540912	4.4
249180030	"CHAŁUPKI"	19540915	1.4
249180030	"CHAŁUPKI"	19540917	1.5
249180030	"CHAŁUPKI"	19540918	1.9
249180030	"CHAŁUPKI"	19540919	1.6
249180030	"CHAŁUPKI"	19540927	5.6
249180030	"CHAŁUPKI"	19540928	0.7
249180030	"CHAŁUPKI"	19540929	1.8
249180030	"CHAŁUPKI"	19540930	2.2
249180030	"CHAŁUPKI"	19541005	3.6
249180030	"CHAŁUPKI"	19541006	2.6
249180030	"CHAŁUPKI"	19541007	1.9
249180030	"CHAŁUPKI"	19541019	0.8
249180030	"CHAŁUPKI"	19541022	0
249180030	"CHAŁUPKI"	19541025	15.7
249180030	"CHAŁUPKI"	19541028	2.5
249180030	"CHAŁUPKI"	19541103	2.4
249180030	"CHAŁUPKI"	19541104	0.2
249180030	"CHAŁUPKI"	19541109	3.9
249180030	"CHAŁUPKI"	19541110	9.1
249180030	"CHAŁUPKI"	19541111	0.4
249180030	"CHAŁUPKI"	19541115	3.1
249180030	"CHAŁUPKI"	19541116	2.5
249180030	"CHAŁUPKI"	19541120	1.6
249180030	"CHAŁUPKI"	19541130	0.4
249180030	"CHAŁUPKI"	19541201	0.4
249180030	"CHAŁUPKI"	19541203	1.3
249180030	"CHAŁUPKI"	19541205	1.4
249180030	"CHAŁUPKI"	19541206	0.9
249180030	"CHAŁUPKI"	19541207	2
249180030	"CHAŁUPKI"	19541208	3
249180030	"CHAŁUPKI"	19541212	4.2
249180030	"CHAŁUPKI"	19541213	7
249180030	"CHAŁUPKI"	19541214	3
249180030	"CHAŁUPKI"	19541222	8.2
249180030	"CHAŁUPKI"	19541223	4
249180030	"CHAŁUPKI"	19541224	4.1
249180030	"CHAŁUPKI"	19541225	0
249180030	"CHAŁUPKI"	19541226	4.9
249180030	"CHAŁUPKI"	19541227	6.1
249180030	"CHAŁUPKI"	19541228	11.3
249180030	"CHAŁUPKI"	19541229	2.3
249180030	"CHAŁUPKI"	19541230	1.5
249180030	"CHAŁUPKI"	19541231	1.9
249180030	"CHAŁUPKI"	19550101	5.7
249180030	"CHAŁUPKI"	19550102	3.5
249180030	"CHAŁUPKI"	19550108	4.4
249180030	"CHAŁUPKI"	19550111	3.4
249180030	"CHAŁUPKI"	19550112	3.7
249180030	"CHAŁUPKI"	19550114	3.6
249180030	"CHAŁUPKI"	19550115	0.9
249180030	"CHAŁUPKI"	19550116	2.5
249180030	"CHAŁUPKI"	19550117	0.2
249180030	"CHAŁUPKI"	19550118	0.8
249180030	"CHAŁUPKI"	19550205	0
249180030	"CHAŁUPKI"	19550206	0.3
249180030	"CHAŁUPKI"	19550207	1.8
249180030	"CHAŁUPKI"	19550208	1
249180030	"CHAŁUPKI"	19550209	1.2
249180030	"CHAŁUPKI"	19550210	1.5
249180030	"CHAŁUPKI"	19550211	0.2
249180030	"CHAŁUPKI"	19550213	0
249180030	"CHAŁUPKI"	19550215	0.1
249180030	"CHAŁUPKI"	19550217	0.7
249180030	"CHAŁUPKI"	19550218	9.1
249180030	"CHAŁUPKI"	19550219	1.1
249180030	"CHAŁUPKI"	19550221	0.1
249180030	"CHAŁUPKI"	19550224	3.1
249180030	"CHAŁUPKI"	19550307	19.9
249180030	"CHAŁUPKI"	19550308	6.8
249180030	"CHAŁUPKI"	19550316	4.7
249180030	"CHAŁUPKI"	19550318	4.8
249180030	"CHAŁUPKI"	19550319	8.1
249180030	"CHAŁUPKI"	19550324	9.2
249180030	"CHAŁUPKI"	19550326	7.1
249180030	"CHAŁUPKI"	19550327	0.3
249180030	"CHAŁUPKI"	19550328	0
249180030	"CHAŁUPKI"	19550407	4
249180030	"CHAŁUPKI"	19550408	7.5
249180030	"CHAŁUPKI"	19550409	1.8
249180030	"CHAŁUPKI"	19550410	1.5
249180030	"CHAŁUPKI"	19550411	2.5
249180030	"CHAŁUPKI"	19550412	0.5
249180030	"CHAŁUPKI"	19550413	5.4
249180030	"CHAŁUPKI"	19550414	4.2
249180030	"CHAŁUPKI"	19550416	5.6
249180030	"CHAŁUPKI"	19550417	0.3
249180030	"CHAŁUPKI"	19550418	3.4
249180030	"CHAŁUPKI"	19550419	3.1
249180030	"CHAŁUPKI"	19550420	4.1
249180030	"CHAŁUPKI"	19550422	0.1
249180030	"CHAŁUPKI"	19550424	1.1
249180030	"CHAŁUPKI"	19550425	0.2
249180030	"CHAŁUPKI"	19550501	0
249180030	"CHAŁUPKI"	19550502	6.4
249180030	"CHAŁUPKI"	19550503	0.4
249180030	"CHAŁUPKI"	19550504	0
249180030	"CHAŁUPKI"	19550506	0.1
249180030	"CHAŁUPKI"	19550510	9.2
249180030	"CHAŁUPKI"	19550511	12
249180030	"CHAŁUPKI"	19550515	22.7
249180030	"CHAŁUPKI"	19550516	1.3
249180030	"CHAŁUPKI"	19550518	13.8
249180030	"CHAŁUPKI"	19550521	0.4
249180030	"CHAŁUPKI"	19550522	1.2
249180030	"CHAŁUPKI"	19550525	1
249180030	"CHAŁUPKI"	19550527	25.5
249180030	"CHAŁUPKI"	19550531	3.8
249180030	"CHAŁUPKI"	19550601	9
249180030	"CHAŁUPKI"	19550602	7.5
249180030	"CHAŁUPKI"	19550610	1.7
249180030	"CHAŁUPKI"	19550614	0.6
249180030	"CHAŁUPKI"	19550615	0.8
249180030	"CHAŁUPKI"	19550620	12.8
249180030	"CHAŁUPKI"	19550621	31.3
249180030	"CHAŁUPKI"	19550626	9
249180030	"CHAŁUPKI"	19550627	0.1
249180030	"CHAŁUPKI"	19550628	0.8
249180030	"CHAŁUPKI"	19550630	13.2
249180030	"CHAŁUPKI"	19550703	26.4
249180030	"CHAŁUPKI"	19550704	3.4
249180030	"CHAŁUPKI"	19550706	0.8
249180030	"CHAŁUPKI"	19550707	47.1
249180030	"CHAŁUPKI"	19550708	5.3
249180030	"CHAŁUPKI"	19550709	1.9
249180030	"CHAŁUPKI"	19550710	0.9
249180030	"CHAŁUPKI"	19550711	1.2
249180030	"CHAŁUPKI"	19550712	1.4
249180030	"CHAŁUPKI"	19550716	0.2
249180030	"CHAŁUPKI"	19550720	1.5
249180030	"CHAŁUPKI"	19550724	6.3
249180030	"CHAŁUPKI"	19550725	2.9
249180030	"CHAŁUPKI"	19550727	0.5
249180030	"CHAŁUPKI"	19550728	7.1
249180030	"CHAŁUPKI"	19550729	2.6
249180030	"CHAŁUPKI"	19550730	1.3
249180030	"CHAŁUPKI"	19550802	30
249180030	"CHAŁUPKI"	19550803	0.9
249180030	"CHAŁUPKI"	19550804	0
249180030	"CHAŁUPKI"	19550805	9.5
249180030	"CHAŁUPKI"	19550808	6.3
249180030	"CHAŁUPKI"	19550809	4.1
249180030	"CHAŁUPKI"	19550810	1.1
249180030	"CHAŁUPKI"	19550811	10.8
249180030	"CHAŁUPKI"	19550812	1.8
249180030	"CHAŁUPKI"	19550814	11.2
249180030	"CHAŁUPKI"	19550822	4.2
249180030	"CHAŁUPKI"	19550823	6.5
249180030	"CHAŁUPKI"	19550828	16.5
249180030	"CHAŁUPKI"	19550829	12.1
249180030	"CHAŁUPKI"	19550830	0.5
249180030	"CHAŁUPKI"	19550831	0.8
249180030	"CHAŁUPKI"	19550901	2.6
249180030	"CHAŁUPKI"	19550911	0.3
249180030	"CHAŁUPKI"	19550912	0.9
249180030	"CHAŁUPKI"	19550913	8.5
249180030	"CHAŁUPKI"	19550914	9.8
249180030	"CHAŁUPKI"	19550927	8.3
249180030	"CHAŁUPKI"	19550928	3.2
249180030	"CHAŁUPKI"	19551007	1.3
249180030	"CHAŁUPKI"	19551008	13.9
249180030	"CHAŁUPKI"	19551015	1.7
249180030	"CHAŁUPKI"	19551017	1.9
249180030	"CHAŁUPKI"	19551024	9.8
249180030	"CHAŁUPKI"	19551026	1.8
249180030	"CHAŁUPKI"	19551027	0.3
249180030	"CHAŁUPKI"	19551028	2.5
249180030	"CHAŁUPKI"	19551029	0.1
249180030	"CHAŁUPKI"	19551031	0
249180030	"CHAŁUPKI"	19551103	0.8
249180030	"CHAŁUPKI"	19551106	0
249180030	"CHAŁUPKI"	19551112	0.5
249180030	"CHAŁUPKI"	19551113	0.3
249180030	"CHAŁUPKI"	19551116	1.9
249180030	"CHAŁUPKI"	19551117	0.9
249180030	"CHAŁUPKI"	19551120	1.7
249180030	"CHAŁUPKI"	19551121	0.7
249180030	"CHAŁUPKI"	19551122	0.6
249180030	"CHAŁUPKI"	19551123	0.6
249180030	"CHAŁUPKI"	19551124	0.8
249180030	"CHAŁUPKI"	19551125	0
249180030	"CHAŁUPKI"	19551203	1.2
249180030	"CHAŁUPKI"	19551204	0.3
249180030	"CHAŁUPKI"	19551205	1.6
249180030	"CHAŁUPKI"	19551206	1.8
249180030	"CHAŁUPKI"	19551207	1.2
249180030	"CHAŁUPKI"	19551208	2
249180030	"CHAŁUPKI"	19551209	1.1
249180030	"CHAŁUPKI"	19551210	0.5
249180030	"CHAŁUPKI"	19551211	1.6
249180030	"CHAŁUPKI"	19551215	1.3
249180030	"CHAŁUPKI"	19551216	1.8
249180030	"CHAŁUPKI"	19551218	1.9
249180030	"CHAŁUPKI"	19551221	1.8
249180030	"CHAŁUPKI"	19551222	1.7
249180030	"CHAŁUPKI"	19551225	2
249180030	"CHAŁUPKI"	19551226	2.3
249180030	"CHAŁUPKI"	19551227	12.6
249180030	"CHAŁUPKI"	19551228	2.9
249180030	"CHAŁUPKI"	19551229	1.7
249180030	"CHAŁUPKI"	19551230	2.1
249180030	"CHAŁUPKI"	19560102	1.3
249180030	"CHAŁUPKI"	19560104	2.1
249180030	"CHAŁUPKI"	19560105	1.1
249180030	"CHAŁUPKI"	19560107	0.1
249180030	"CHAŁUPKI"	19560110	0.6
249180030	"CHAŁUPKI"	19560118	0
249180030	"CHAŁUPKI"	19560122	0
249180030	"CHAŁUPKI"	19560125	1.3
249180030	"CHAŁUPKI"	19560126	0
249180030	"CHAŁUPKI"	19560127	1.7
249180030	"CHAŁUPKI"	19560128	0
249180030	"CHAŁUPKI"	19560130	1.1
249180030	"CHAŁUPKI"	19560202	0.8
249180030	"CHAŁUPKI"	19560203	0.2
249180030	"CHAŁUPKI"	19560205	2
249180030	"CHAŁUPKI"	19560206	2.3
249180030	"CHAŁUPKI"	19560207	1.6
249180030	"CHAŁUPKI"	19560208	3.5
249180030	"CHAŁUPKI"	19560211	4.6
249180030	"CHAŁUPKI"	19560214	3.4
249180030	"CHAŁUPKI"	19560215	1.1
249180030	"CHAŁUPKI"	19560218	4.3
249180030	"CHAŁUPKI"	19560219	0.1
249180030	"CHAŁUPKI"	19560220	9.6
249180030	"CHAŁUPKI"	19560221	2.3
249180030	"CHAŁUPKI"	19560222	0
249180030	"CHAŁUPKI"	19560223	1.6
249180030	"CHAŁUPKI"	19560228	2.4
249180030	"CHAŁUPKI"	19560229	1.3
249180030	"CHAŁUPKI"	19560301	0.4
249180030	"CHAŁUPKI"	19560302	0.2
249180030	"CHAŁUPKI"	19560304	0.5
249180030	"CHAŁUPKI"	19560305	0.1
249180030	"CHAŁUPKI"	19560307	0.1
249180030	"CHAŁUPKI"	19560308	2
249180030	"CHAŁUPKI"	19560309	4.2
249180030	"CHAŁUPKI"	19560310	2.3
249180030	"CHAŁUPKI"	19560311	1.6
249180030	"CHAŁUPKI"	19560312	0.2
249180030	"CHAŁUPKI"	19560313	0.3
249180030	"CHAŁUPKI"	19560326	5.4
249180030	"CHAŁUPKI"	19560404	4.2
249180030	"CHAŁUPKI"	19560406	1.2
249180030	"CHAŁUPKI"	19560407	0
249180030	"CHAŁUPKI"	19560409	6.8
249180030	"CHAŁUPKI"	19560415	1.7
249180030	"CHAŁUPKI"	19560417	3.1
249180030	"CHAŁUPKI"	19560418	10.6
249180030	"CHAŁUPKI"	19560420	2.1
249180030	"CHAŁUPKI"	19560421	1.4
249180030	"CHAŁUPKI"	19560423	5.5
249180030	"CHAŁUPKI"	19560426	5.9
249180030	"CHAŁUPKI"	19560427	3.6
249180030	"CHAŁUPKI"	19560428	1.5
249180030	"CHAŁUPKI"	19560429	1.3
249180030	"CHAŁUPKI"	19560430	18.5
249180030	"CHAŁUPKI"	19560501	1.1
249180030	"CHAŁUPKI"	19560510	1.2
249180030	"CHAŁUPKI"	19560511	2.3
249180030	"CHAŁUPKI"	19560512	4.5
249180030	"CHAŁUPKI"	19560517	8.2
249180030	"CHAŁUPKI"	19560518	5.1
249180030	"CHAŁUPKI"	19560519	6.8
249180030	"CHAŁUPKI"	19560520	1.2
249180030	"CHAŁUPKI"	19560525	2.5
249180030	"CHAŁUPKI"	19560526	70.5
249180030	"CHAŁUPKI"	19560608	5
249180030	"CHAŁUPKI"	19560609	14.7
249180030	"CHAŁUPKI"	19560610	0
249180030	"CHAŁUPKI"	19560612	4.3
249180030	"CHAŁUPKI"	19560615	0.3
249180030	"CHAŁUPKI"	19560616	0.5
249180030	"CHAŁUPKI"	19560619	4.2
249180030	"CHAŁUPKI"	19560620	5.3
249180030	"CHAŁUPKI"	19560621	2.1
249180030	"CHAŁUPKI"	19560622	1
249180030	"CHAŁUPKI"	19560623	13.5
249180030	"CHAŁUPKI"	19560624	12.5
249180030	"CHAŁUPKI"	19560625	12
249180030	"CHAŁUPKI"	19560626	0
249180030	"CHAŁUPKI"	19560628	3.5
249180030	"CHAŁUPKI"	19560629	5.3
249180030	"CHAŁUPKI"	19560630	2.8
249180030	"CHAŁUPKI"	19560703	39.8
249180030	"CHAŁUPKI"	19560706	0.8
249180030	"CHAŁUPKI"	19560708	0.1
249180030	"CHAŁUPKI"	19560715	0.6
249180030	"CHAŁUPKI"	19560716	0.2
249180030	"CHAŁUPKI"	19560717	0.5
249180030	"CHAŁUPKI"	19560719	0.4
249180030	"CHAŁUPKI"	19560720	11.4
249180030	"CHAŁUPKI"	19560722	0.8
249180030	"CHAŁUPKI"	19560724	6.5
249180030	"CHAŁUPKI"	19560725	0.6
249180030	"CHAŁUPKI"	19560729	2.3
249180030	"CHAŁUPKI"	19560730	5.1
249180030	"CHAŁUPKI"	19560731	5.4
249180030	"CHAŁUPKI"	19560802	2.5
249180030	"CHAŁUPKI"	19560803	4
249180030	"CHAŁUPKI"	19560804	8.4
249180030	"CHAŁUPKI"	19560805	1.3
249180030	"CHAŁUPKI"	19560807	7.2
249180030	"CHAŁUPKI"	19560810	0
249180030	"CHAŁUPKI"	19560811	8.7
249180030	"CHAŁUPKI"	19560812	1.3
249180030	"CHAŁUPKI"	19560814	4.4
249180030	"CHAŁUPKI"	19560816	0.2
249180030	"CHAŁUPKI"	19560817	5.2
249180030	"CHAŁUPKI"	19560818	0.4
249180030	"CHAŁUPKI"	19560819	2.9
249180030	"CHAŁUPKI"	19560821	10.7
249180030	"CHAŁUPKI"	19560823	11.5
249180030	"CHAŁUPKI"	19560824	0.8
249180030	"CHAŁUPKI"	19560826	0.1
249180030	"CHAŁUPKI"	19560829	7.5
249180030	"CHAŁUPKI"	19560830	0.4
249180030	"CHAŁUPKI"	19560904	6.6
249180030	"CHAŁUPKI"	19560906	0
249180030	"CHAŁUPKI"	19560907	0.2
249180030	"CHAŁUPKI"	19560908	0
249180030	"CHAŁUPKI"	19560910	1.5
249180030	"CHAŁUPKI"	19560911	2
249180030	"CHAŁUPKI"	19560912	10.3
249180030	"CHAŁUPKI"	19560913	7.5
249180030	"CHAŁUPKI"	19560917	3.6
249180030	"CHAŁUPKI"	19560927	0
249180030	"CHAŁUPKI"	19560928	0.6
249180030	"CHAŁUPKI"	19561002	6.3
249180030	"CHAŁUPKI"	19561003	3.3
249180030	"CHAŁUPKI"	19561005	6.4
249180030	"CHAŁUPKI"	19561006	7.5
249180030	"CHAŁUPKI"	19561007	0.6
249180030	"CHAŁUPKI"	19561014	1
249180030	"CHAŁUPKI"	19561018	2.3
249180030	"CHAŁUPKI"	19561019	0
249180030	"CHAŁUPKI"	19561026	4.8
249180030	"CHAŁUPKI"	19561027	0.4
249180030	"CHAŁUPKI"	19561028	16.2
249180030	"CHAŁUPKI"	19561029	4.5
249180030	"CHAŁUPKI"	19561030	0.8
249180030	"CHAŁUPKI"	19561103	0
249180030	"CHAŁUPKI"	19561106	7.5
249180030	"CHAŁUPKI"	19561107	3.7
249180030	"CHAŁUPKI"	19561110	2.3
249180030	"CHAŁUPKI"	19561111	0
249180030	"CHAŁUPKI"	19561112	4.5
249180030	"CHAŁUPKI"	19561113	3.4
249180030	"CHAŁUPKI"	19561114	1.5
249180030	"CHAŁUPKI"	19561115	2.9
249180030	"CHAŁUPKI"	19561116	1
249180030	"CHAŁUPKI"	19561117	0
249180030	"CHAŁUPKI"	19561118	0.4
249180030	"CHAŁUPKI"	19561124	0.2
249180030	"CHAŁUPKI"	19561125	4.2
249180030	"CHAŁUPKI"	19561126	4.6
249180030	"CHAŁUPKI"	19561127	4.5
249180030	"CHAŁUPKI"	19561128	0.2
249180030	"CHAŁUPKI"	19561202	0
249180030	"CHAŁUPKI"	19561203	3.9
249180030	"CHAŁUPKI"	19561204	9.5
249180030	"CHAŁUPKI"	19561205	1.5
249180030	"CHAŁUPKI"	19561206	0.7
249180030	"CHAŁUPKI"	19561212	0.3
249180030	"CHAŁUPKI"	19561213	6.5
249180030	"CHAŁUPKI"	19561221	0.6
249180030	"CHAŁUPKI"	19561223	2.3
249180030	"CHAŁUPKI"	19561224	1.3
249180030	"CHAŁUPKI"	19561225	2.7
249180030	"CHAŁUPKI"	19561226	1.3
249180030	"CHAŁUPKI"	19561231	1.2
249180030	"CHAŁUPKI"	19570105	2.5
249180030	"CHAŁUPKI"	19570106	3
249180030	"CHAŁUPKI"	19570110	1.6
249180030	"CHAŁUPKI"	19570111	0.6
249180030	"CHAŁUPKI"	19570112	1.7
249180030	"CHAŁUPKI"	19570113	2.6
249180030	"CHAŁUPKI"	19570126	0.6
249180030	"CHAŁUPKI"	19570127	0.4
249180030	"CHAŁUPKI"	19570128	1.4
249180030	"CHAŁUPKI"	19570130	1.5
249180030	"CHAŁUPKI"	19570131	0.9
249180030	"CHAŁUPKI"	19570206	5.8
249180030	"CHAŁUPKI"	19570207	1.6
249180030	"CHAŁUPKI"	19570208	1.7
249180030	"CHAŁUPKI"	19570210	1.6
249180030	"CHAŁUPKI"	19570211	0.5
249180030	"CHAŁUPKI"	19570218	18.5
249180030	"CHAŁUPKI"	19570221	2.8
249180030	"CHAŁUPKI"	19570222	0.3
249180030	"CHAŁUPKI"	19570224	3.1
249180030	"CHAŁUPKI"	19570225	9.7
249180030	"CHAŁUPKI"	19570228	0.6
249180030	"CHAŁUPKI"	19570305	0.4
249180030	"CHAŁUPKI"	19570314	0.3
249180030	"CHAŁUPKI"	19570316	3
249180030	"CHAŁUPKI"	19570317	4
249180030	"CHAŁUPKI"	19570318	6
249180030	"CHAŁUPKI"	19570319	4.2
249180030	"CHAŁUPKI"	19570325	1.4
249180030	"CHAŁUPKI"	19570328	1.4
249180030	"CHAŁUPKI"	19570329	6.3
249180030	"CHAŁUPKI"	19570330	0.2
249180030	"CHAŁUPKI"	19570407	8.8
249180030	"CHAŁUPKI"	19570410	4
249180030	"CHAŁUPKI"	19570412	0.6
249180030	"CHAŁUPKI"	19570413	0.3
249180030	"CHAŁUPKI"	19570414	0
249180030	"CHAŁUPKI"	19570419	1.3
249180030	"CHAŁUPKI"	19570421	9.9
249180030	"CHAŁUPKI"	19570422	2.6
249180030	"CHAŁUPKI"	19570423	4.1
249180030	"CHAŁUPKI"	19570424	2.1
249180030	"CHAŁUPKI"	19570426	0.2
249180030	"CHAŁUPKI"	19570430	8.4
249180030	"CHAŁUPKI"	19570505	0.2
249180030	"CHAŁUPKI"	19570508	0.8
249180030	"CHAŁUPKI"	19570509	2.7
249180030	"CHAŁUPKI"	19570510	9.5
249180030	"CHAŁUPKI"	19570520	10.4
249180030	"CHAŁUPKI"	19570521	1
249180030	"CHAŁUPKI"	19570522	1.4
249180030	"CHAŁUPKI"	19570524	0.2
249180030	"CHAŁUPKI"	19570604	3.7
249180030	"CHAŁUPKI"	19570605	7.2
249180030	"CHAŁUPKI"	19570607	30.3
249180030	"CHAŁUPKI"	19570609	7.3
249180030	"CHAŁUPKI"	19570610	0.6
249180030	"CHAŁUPKI"	19570619	1.8
249180030	"CHAŁUPKI"	19570621	0
249180030	"CHAŁUPKI"	19570622	1.7
249180030	"CHAŁUPKI"	19570627	2.2
249180030	"CHAŁUPKI"	19570702	13.3
249180030	"CHAŁUPKI"	19570705	4.3
249180030	"CHAŁUPKI"	19570707	4.5
249180030	"CHAŁUPKI"	19570708	10
249180030	"CHAŁUPKI"	19570710	0.9
249180030	"CHAŁUPKI"	19570711	0
249180030	"CHAŁUPKI"	19570714	22.9
249180030	"CHAŁUPKI"	19570715	3.6
249180030	"CHAŁUPKI"	19570716	41.2
249180030	"CHAŁUPKI"	19570717	0.9
249180030	"CHAŁUPKI"	19570720	25.5
249180030	"CHAŁUPKI"	19570722	0
249180030	"CHAŁUPKI"	19570723	5.6
249180030	"CHAŁUPKI"	19570724	4.6
249180030	"CHAŁUPKI"	19570725	4.5
249180030	"CHAŁUPKI"	19570726	15.5
249180030	"CHAŁUPKI"	19570727	3.5
249180030	"CHAŁUPKI"	19570729	0.2
249180030	"CHAŁUPKI"	19570730	1
249180030	"CHAŁUPKI"	19570731	0.8
249180030	"CHAŁUPKI"	19570807	0
249180030	"CHAŁUPKI"	19570810	8.6
249180030	"CHAŁUPKI"	19570813	1.1
249180030	"CHAŁUPKI"	19570814	32.5
249180030	"CHAŁUPKI"	19570816	4.5
249180030	"CHAŁUPKI"	19570817	1.4
249180030	"CHAŁUPKI"	19570818	1.3
249180030	"CHAŁUPKI"	19570819	0.3
249180030	"CHAŁUPKI"	19570822	7.6
249180030	"CHAŁUPKI"	19570824	4.4
249180030	"CHAŁUPKI"	19570827	4.8
249180030	"CHAŁUPKI"	19570828	11.5
249180030	"CHAŁUPKI"	19570830	0
249180030	"CHAŁUPKI"	19570831	9.3
249180030	"CHAŁUPKI"	19570902	10.4
249180030	"CHAŁUPKI"	19570903	1.5
249180030	"CHAŁUPKI"	19570904	3.6
249180030	"CHAŁUPKI"	19570909	8.3
249180030	"CHAŁUPKI"	19570910	0.2
249180030	"CHAŁUPKI"	19570911	3.1
249180030	"CHAŁUPKI"	19570912	4.6
249180030	"CHAŁUPKI"	19570914	14.1
249180030	"CHAŁUPKI"	19570915	0.2
249180030	"CHAŁUPKI"	19570918	7.5
249180030	"CHAŁUPKI"	19570919	1.2
249180030	"CHAŁUPKI"	19570920	0.7
249180030	"CHAŁUPKI"	19570922	2.2
249180030	"CHAŁUPKI"	19570923	2.5
249180030	"CHAŁUPKI"	19570924	2.2
249180030	"CHAŁUPKI"	19570926	0
249180030	"CHAŁUPKI"	19570927	1.5
249180030	"CHAŁUPKI"	19570928	4.9
249180030	"CHAŁUPKI"	19570929	6
249180030	"CHAŁUPKI"	19571004	0.3
249180030	"CHAŁUPKI"	19571006	0
249180030	"CHAŁUPKI"	19571020	4.6
249180030	"CHAŁUPKI"	19571022	4.7
249180030	"CHAŁUPKI"	19571102	1.5
249180030	"CHAŁUPKI"	19571107	0
249180030	"CHAŁUPKI"	19571109	7.2
249180030	"CHAŁUPKI"	19571110	0.6
249180030	"CHAŁUPKI"	19571111	0.7
249180030	"CHAŁUPKI"	19571112	0.4
249180030	"CHAŁUPKI"	19571125	1.8
249180030	"CHAŁUPKI"	19571126	0.2
249180030	"CHAŁUPKI"	19571127	0.3
249180030	"CHAŁUPKI"	19571128	1.4
249180030	"CHAŁUPKI"	19571129	3.7
249180030	"CHAŁUPKI"	19571203	6.7
249180030	"CHAŁUPKI"	19571204	6.4
249180030	"CHAŁUPKI"	19571205	0.6
249180030	"CHAŁUPKI"	19571208	6.3
249180030	"CHAŁUPKI"	19571210	1.8
249180030	"CHAŁUPKI"	19571213	7
249180030	"CHAŁUPKI"	19571214	5.1
249180030	"CHAŁUPKI"	19571228	1.1
249180030	"CHAŁUPKI"	19580102	1.6
249180030	"CHAŁUPKI"	19580106	2
249180030	"CHAŁUPKI"	19580107	1.5
249180030	"CHAŁUPKI"	19580108	0.6
249180030	"CHAŁUPKI"	19580112	3.7
249180030	"CHAŁUPKI"	19580113	1.7
249180030	"CHAŁUPKI"	19580114	0.6
249180030	"CHAŁUPKI"	19580115	1
249180030	"CHAŁUPKI"	19580117	2.3
249180030	"CHAŁUPKI"	19580120	11.3
249180030	"CHAŁUPKI"	19580121	2.5
249180030	"CHAŁUPKI"	19580130	0.3
249180030	"CHAŁUPKI"	19580131	0.1
249180030	"CHAŁUPKI"	19580202	0.3
249180030	"CHAŁUPKI"	19580203	2
249180030	"CHAŁUPKI"	19580204	0.6
249180030	"CHAŁUPKI"	19580206	1.2
249180030	"CHAŁUPKI"	19580211	1.1
249180030	"CHAŁUPKI"	19580213	1.2
249180030	"CHAŁUPKI"	19580216	0.1
249180030	"CHAŁUPKI"	19580217	0.9
249180030	"CHAŁUPKI"	19580219	0.2
249180030	"CHAŁUPKI"	19580221	0.5
249180030	"CHAŁUPKI"	19580222	4
249180030	"CHAŁUPKI"	19580223	0.4
249180030	"CHAŁUPKI"	19580224	2.5
249180030	"CHAŁUPKI"	19580226	2.3
249180030	"CHAŁUPKI"	19580227	10
249180030	"CHAŁUPKI"	19580301	0.4
249180030	"CHAŁUPKI"	19580302	16.5
249180030	"CHAŁUPKI"	19580303	4.9
249180030	"CHAŁUPKI"	19580304	0.1
249180030	"CHAŁUPKI"	19580305	5.5
249180030	"CHAŁUPKI"	19580308	1.9
249180030	"CHAŁUPKI"	19580311	10.1
249180030	"CHAŁUPKI"	19580312	3.2
249180030	"CHAŁUPKI"	19580313	0.1
249180030	"CHAŁUPKI"	19580314	0.9
249180030	"CHAŁUPKI"	19580315	1
249180030	"CHAŁUPKI"	19580316	2
249180030	"CHAŁUPKI"	19580317	0.9
249180030	"CHAŁUPKI"	19580318	0.8
249180030	"CHAŁUPKI"	19580319	0.7
249180030	"CHAŁUPKI"	19580320	3.6
249180030	"CHAŁUPKI"	19580321	1.9
249180030	"CHAŁUPKI"	19580322	1.1
249180030	"CHAŁUPKI"	19580323	2.9
249180030	"CHAŁUPKI"	19580328	1.7
249180030	"CHAŁUPKI"	19580329	0
249180030	"CHAŁUPKI"	19580331	0.4
249180030	"CHAŁUPKI"	19580401	0.1
249180030	"CHAŁUPKI"	19580404	0.4
249180030	"CHAŁUPKI"	19580405	0.5
249180030	"CHAŁUPKI"	19580407	0.5
249180030	"CHAŁUPKI"	19580409	0.8
249180030	"CHAŁUPKI"	19580410	3.4
249180030	"CHAŁUPKI"	19580411	1.2
249180030	"CHAŁUPKI"	19580416	4.5
249180030	"CHAŁUPKI"	19580417	12.5
249180030	"CHAŁUPKI"	19580419	2.1
249180030	"CHAŁUPKI"	19580421	3.3
249180030	"CHAŁUPKI"	19580422	9.6
249180030	"CHAŁUPKI"	19580423	0.2
249180030	"CHAŁUPKI"	19580427	1.2
249180030	"CHAŁUPKI"	19580503	2.1
249180030	"CHAŁUPKI"	19580506	6.6
249180030	"CHAŁUPKI"	19580507	2.2
249180030	"CHAŁUPKI"	19580508	6.4
249180030	"CHAŁUPKI"	19580509	1.3
249180030	"CHAŁUPKI"	19580510	1.4
249180030	"CHAŁUPKI"	19580516	0
249180030	"CHAŁUPKI"	19580519	0.5
249180030	"CHAŁUPKI"	19580522	0
249180030	"CHAŁUPKI"	19580528	25.3
249180030	"CHAŁUPKI"	19580531	3.8
249180030	"CHAŁUPKI"	19580604	0.9
249180030	"CHAŁUPKI"	19580605	3.7
249180030	"CHAŁUPKI"	19580606	0.5
249180030	"CHAŁUPKI"	19580619	2.4
249180030	"CHAŁUPKI"	19580620	5.6
249180030	"CHAŁUPKI"	19580621	6
249180030	"CHAŁUPKI"	19580623	5.8
249180030	"CHAŁUPKI"	19580624	7.6
249180030	"CHAŁUPKI"	19580627	17.7
249180030	"CHAŁUPKI"	19580628	16.5
249180030	"CHAŁUPKI"	19580629	30
249180030	"CHAŁUPKI"	19580630	4.9
249180030	"CHAŁUPKI"	19580702	1.2
249180030	"CHAŁUPKI"	19580703	8.9
249180030	"CHAŁUPKI"	19580704	14.8
249180030	"CHAŁUPKI"	19580705	10.4
249180030	"CHAŁUPKI"	19580706	17.1
249180030	"CHAŁUPKI"	19580707	0.5
249180030	"CHAŁUPKI"	19580708	2.8
249180030	"CHAŁUPKI"	19580714	10.1
249180030	"CHAŁUPKI"	19580717	4.5
249180030	"CHAŁUPKI"	19580726	11.3
249180030	"CHAŁUPKI"	19580802	0.9
249180030	"CHAŁUPKI"	19580803	9.6
249180030	"CHAŁUPKI"	19580804	0.7
249180030	"CHAŁUPKI"	19580807	13.6
249180030	"CHAŁUPKI"	19580808	14.6
249180030	"CHAŁUPKI"	19580813	5.9
249180030	"CHAŁUPKI"	19580815	0.3
249180030	"CHAŁUPKI"	19580816	0.3
249180030	"CHAŁUPKI"	19580820	4.1
249180030	"CHAŁUPKI"	19580821	0.8
249180030	"CHAŁUPKI"	19580822	5.1
249180030	"CHAŁUPKI"	19580823	1.9
249180030	"CHAŁUPKI"	19580825	0.9
249180030	"CHAŁUPKI"	19580826	0.7
249180030	"CHAŁUPKI"	19580910	0.8
249180030	"CHAŁUPKI"	19580911	1.2
249180030	"CHAŁUPKI"	19580912	0.7
249180030	"CHAŁUPKI"	19580917	0.9
249180030	"CHAŁUPKI"	19580918	14.4
249180030	"CHAŁUPKI"	19580921	5.7
249180030	"CHAŁUPKI"	19580922	5
249180030	"CHAŁUPKI"	19580923	1.4
249180030	"CHAŁUPKI"	19580924	0.5
249180030	"CHAŁUPKI"	19580926	1.4
249180030	"CHAŁUPKI"	19580927	1.1
249180030	"CHAŁUPKI"	19581002	15.6
249180030	"CHAŁUPKI"	19581003	5.5
249180030	"CHAŁUPKI"	19581006	1.5
249180030	"CHAŁUPKI"	19581007	8.6
249180030	"CHAŁUPKI"	19581008	2.7
249180030	"CHAŁUPKI"	19581013	32.7
249180030	"CHAŁUPKI"	19581014	3
249180030	"CHAŁUPKI"	19581015	1.5
249180030	"CHAŁUPKI"	19581016	4.5
249180030	"CHAŁUPKI"	19581017	9.1
249180030	"CHAŁUPKI"	19581018	2.8
249180030	"CHAŁUPKI"	19581019	0.1
249180030	"CHAŁUPKI"	19581021	0.6
249180030	"CHAŁUPKI"	19581022	0.4
249180030	"CHAŁUPKI"	19581023	0.1
249180030	"CHAŁUPKI"	19581101	9.6
249180030	"CHAŁUPKI"	19581104	1.1
249180030	"CHAŁUPKI"	19581107	3.1
249180030	"CHAŁUPKI"	19581108	1
249180030	"CHAŁUPKI"	19581110	9.3
249180030	"CHAŁUPKI"	19581111	0.2
249180030	"CHAŁUPKI"	19581114	1.4
249180030	"CHAŁUPKI"	19581115	6
249180030	"CHAŁUPKI"	19581116	1.8
249180030	"CHAŁUPKI"	19581126	0.6
249180030	"CHAŁUPKI"	19581129	0.4
249180030	"CHAŁUPKI"	19581201	0.8
249180030	"CHAŁUPKI"	19581202	0.1
249180030	"CHAŁUPKI"	19581206	1.5
249180030	"CHAŁUPKI"	19581213	0.1
249180030	"CHAŁUPKI"	19581214	23.9
249180030	"CHAŁUPKI"	19581223	3.6
249180030	"CHAŁUPKI"	19581224	1.6
249180030	"CHAŁUPKI"	19581225	13.3
249180030	"CHAŁUPKI"	19581226	2.1
249180030	"CHAŁUPKI"	19581227	0.4
249180030	"CHAŁUPKI"	19581228	2
249180030	"CHAŁUPKI"	19581230	0.5
249180030	"CHAŁUPKI"	19590106	0.2
249180030	"CHAŁUPKI"	19590107	0.2
249180030	"CHAŁUPKI"	19590108	1.3
249180030	"CHAŁUPKI"	19590109	20.8
249180030	"CHAŁUPKI"	19590110	1.3
249180030	"CHAŁUPKI"	19590117	0.3
249180030	"CHAŁUPKI"	19590121	0.2
249180030	"CHAŁUPKI"	19590123	2.4
249180030	"CHAŁUPKI"	19590124	2.6
249180030	"CHAŁUPKI"	19590125	2.5
249180030	"CHAŁUPKI"	19590126	4.5
249180030	"CHAŁUPKI"	19590127	2.9
249180030	"CHAŁUPKI"	19590128	0.4
249180030	"CHAŁUPKI"	19590131	1.2
249180030	"CHAŁUPKI"	19590201	2
249180030	"CHAŁUPKI"	19590202	0.1
249180030	"CHAŁUPKI"	19590203	0.1
249180030	"CHAŁUPKI"	19590216	1.2
249180030	"CHAŁUPKI"	19590218	0.6
249180030	"CHAŁUPKI"	19590221	1
249180030	"CHAŁUPKI"	19590224	0.2
249180030	"CHAŁUPKI"	19590304	0.6
249180030	"CHAŁUPKI"	19590308	20.3
249180030	"CHAŁUPKI"	19590324	3.6
249180030	"CHAŁUPKI"	19590327	0.3
249180030	"CHAŁUPKI"	19590402	0.1
249180030	"CHAŁUPKI"	19590405	5.5
249180030	"CHAŁUPKI"	19590406	2.4
249180030	"CHAŁUPKI"	19590407	2.5
249180030	"CHAŁUPKI"	19590409	0.7
249180030	"CHAŁUPKI"	19590410	7.3
249180030	"CHAŁUPKI"	19590411	1.9
249180030	"CHAŁUPKI"	19590412	0.3
249180030	"CHAŁUPKI"	19590413	0.2
249180030	"CHAŁUPKI"	19590417	2.2
249180030	"CHAŁUPKI"	19590418	2.3
249180030	"CHAŁUPKI"	19590419	1
249180030	"CHAŁUPKI"	19590423	5.2
249180030	"CHAŁUPKI"	19590428	0
249180030	"CHAŁUPKI"	19590429	0
249180030	"CHAŁUPKI"	19590430	0.1
249180030	"CHAŁUPKI"	19590501	16.5
249180030	"CHAŁUPKI"	19590502	6.7
249180030	"CHAŁUPKI"	19590503	0.6
249180030	"CHAŁUPKI"	19590506	2
249180030	"CHAŁUPKI"	19590507	0.2
249180030	"CHAŁUPKI"	19590512	2.5
249180030	"CHAŁUPKI"	19590513	0
249180030	"CHAŁUPKI"	19590515	3.7
249180030	"CHAŁUPKI"	19590516	1.9
249180030	"CHAŁUPKI"	19590517	3.8
249180030	"CHAŁUPKI"	19590518	3.4
249180030	"CHAŁUPKI"	19590531	11.8
249180030	"CHAŁUPKI"	19590603	4.6
249180030	"CHAŁUPKI"	19590604	1
249180030	"CHAŁUPKI"	19590607	1.2
249180030	"CHAŁUPKI"	19590608	0.4
249180030	"CHAŁUPKI"	19590609	3
249180030	"CHAŁUPKI"	19590610	3.6
249180030	"CHAŁUPKI"	19590611	4.4
249180030	"CHAŁUPKI"	19590612	8.3
249180030	"CHAŁUPKI"	19590613	22.7
249180030	"CHAŁUPKI"	19590614	0.3
249180030	"CHAŁUPKI"	19590625	1.5
249180030	"CHAŁUPKI"	19590626	1.4
249180030	"CHAŁUPKI"	19590627	0.4
249180030	"CHAŁUPKI"	19590628	0.6
249180030	"CHAŁUPKI"	19590629	37.7
249180030	"CHAŁUPKI"	19590630	36.8
249180030	"CHAŁUPKI"	19590701	1.3
249180030	"CHAŁUPKI"	19590702	0.3
249180030	"CHAŁUPKI"	19590703	12
249180030	"CHAŁUPKI"	19590704	0.2
249180030	"CHAŁUPKI"	19590707	5.2
249180030	"CHAŁUPKI"	19590713	0.7
249180030	"CHAŁUPKI"	19590715	0.3
249180030	"CHAŁUPKI"	19590716	2.8
249180030	"CHAŁUPKI"	19590717	6.1
249180030	"CHAŁUPKI"	19590718	11.4
249180030	"CHAŁUPKI"	19590719	63.5
249180030	"CHAŁUPKI"	19590720	1.3
249180030	"CHAŁUPKI"	19590721	0.2
249180030	"CHAŁUPKI"	19590722	0.9
249180030	"CHAŁUPKI"	19590724	6.9
249180030	"CHAŁUPKI"	19590727	1.1
249180030	"CHAŁUPKI"	19590729	18.7
249180030	"CHAŁUPKI"	19590730	23.7
249180030	"CHAŁUPKI"	19590731	11.8
249180030	"CHAŁUPKI"	19590801	2.6
249180030	"CHAŁUPKI"	19590802	3.3
249180030	"CHAŁUPKI"	19590805	0.2
249180030	"CHAŁUPKI"	19590811	0.3
249180030	"CHAŁUPKI"	19590816	5.7
249180030	"CHAŁUPKI"	19590817	0.8
249180030	"CHAŁUPKI"	19590818	0.2
249180030	"CHAŁUPKI"	19590819	2.2
249180030	"CHAŁUPKI"	19590829	0.4
249180030	"CHAŁUPKI"	19590901	0
249180030	"CHAŁUPKI"	19590913	0.3
249180030	"CHAŁUPKI"	19590916	0
249180030	"CHAŁUPKI"	19590922	0
249180030	"CHAŁUPKI"	19590928	0
249180030	"CHAŁUPKI"	19590929	0
249180030	"CHAŁUPKI"	19591003	0
249180030	"CHAŁUPKI"	19591022	1.8
249180030	"CHAŁUPKI"	19591023	5.6
249180030	"CHAŁUPKI"	19591024	1.3
249180030	"CHAŁUPKI"	19591029	0
249180030	"CHAŁUPKI"	19591105	0.6
249180030	"CHAŁUPKI"	19591106	4.5
249180030	"CHAŁUPKI"	19591107	8.7
249180030	"CHAŁUPKI"	19591108	8.1
249180030	"CHAŁUPKI"	19591109	4.7
249180030	"CHAŁUPKI"	19591115	0.3
249180030	"CHAŁUPKI"	19591116	5.6
249180030	"CHAŁUPKI"	19591204	4.3
249180030	"CHAŁUPKI"	19591205	10.2
249180030	"CHAŁUPKI"	19591206	0.6
249180030	"CHAŁUPKI"	19591208	0.6
249180030	"CHAŁUPKI"	19591213	18.2
249180030	"CHAŁUPKI"	19591214	1.3
249180030	"CHAŁUPKI"	19591215	0.3
249180030	"CHAŁUPKI"	19591218	1.9
249180030	"CHAŁUPKI"	19591221	1
249180030	"CHAŁUPKI"	19591222	0.1
249180030	"CHAŁUPKI"	19591223	1.6
249180030	"CHAŁUPKI"	19591224	18.5
249180030	"CHAŁUPKI"	19591225	4
249180030	"CHAŁUPKI"	19591226	1
249180030	"CHAŁUPKI"	19591228	3.5
249180030	"CHAŁUPKI"	19591230	0.4
249180030	"CHAŁUPKI"	19600101	1.3
249180030	"CHAŁUPKI"	19600102	0
249180030	"CHAŁUPKI"	19600106	6.2
249180030	"CHAŁUPKI"	19600107	2.4
249180030	"CHAŁUPKI"	19600108	1.8
249180030	"CHAŁUPKI"	19600109	0.2
249180030	"CHAŁUPKI"	19600110	0
249180030	"CHAŁUPKI"	19600112	9.4
249180030	"CHAŁUPKI"	19600113	1.3
249180030	"CHAŁUPKI"	19600120	0.1
249180030	"CHAŁUPKI"	19600121	0.1
249180030	"CHAŁUPKI"	19600128	4.4
249180030	"CHAŁUPKI"	19600130	2.1
249180030	"CHAŁUPKI"	19600131	0
249180030	"CHAŁUPKI"	19600213	0
249180030	"CHAŁUPKI"	19600214	1.2
249180030	"CHAŁUPKI"	19600218	3.2
249180030	"CHAŁUPKI"	19600219	0.3
249180030	"CHAŁUPKI"	19600223	9.3
249180030	"CHAŁUPKI"	19600224	3.7
249180030	"CHAŁUPKI"	19600227	0.1
249180030	"CHAŁUPKI"	19600229	0.2
249180030	"CHAŁUPKI"	19600301	5.6
249180030	"CHAŁUPKI"	19600303	2.6
249180030	"CHAŁUPKI"	19600306	0
249180030	"CHAŁUPKI"	19600312	0.1
249180030	"CHAŁUPKI"	19600315	0.3
249180030	"CHAŁUPKI"	19600316	14.1
249180030	"CHAŁUPKI"	19600317	10.4
249180030	"CHAŁUPKI"	19600318	9.3
249180030	"CHAŁUPKI"	19600319	9.7
249180030	"CHAŁUPKI"	19600320	0.2
249180030	"CHAŁUPKI"	19600404	1.1
249180030	"CHAŁUPKI"	19600406	0.3
249180030	"CHAŁUPKI"	19600407	3.8
249180030	"CHAŁUPKI"	19600408	7.6
249180030	"CHAŁUPKI"	19600415	1.3
249180030	"CHAŁUPKI"	19600416	1.5
249180030	"CHAŁUPKI"	19600417	0.1
249180030	"CHAŁUPKI"	19600422	0.4
249180030	"CHAŁUPKI"	19600423	0.3
249180030	"CHAŁUPKI"	19600424	1.1
249180030	"CHAŁUPKI"	19600425	10.1
249180030	"CHAŁUPKI"	19600426	1.4
249180030	"CHAŁUPKI"	19600427	0.1
249180030	"CHAŁUPKI"	19600428	1.4
249180030	"CHAŁUPKI"	19600429	5.3
249180030	"CHAŁUPKI"	19600502	0.9
249180030	"CHAŁUPKI"	19600508	0
249180030	"CHAŁUPKI"	19600509	4.8
249180030	"CHAŁUPKI"	19600516	0
249180030	"CHAŁUPKI"	19600517	9.3
249180030	"CHAŁUPKI"	19600519	11.6
249180030	"CHAŁUPKI"	19600520	30.4
249180030	"CHAŁUPKI"	19600522	25.7
249180030	"CHAŁUPKI"	19600523	4.9
249180030	"CHAŁUPKI"	19600524	9.7
249180030	"CHAŁUPKI"	19600526	0.5
249180030	"CHAŁUPKI"	19600529	6.4
249180030	"CHAŁUPKI"	19600530	0.4
249180030	"CHAŁUPKI"	19600602	0.5
249180030	"CHAŁUPKI"	19600603	2.2
249180030	"CHAŁUPKI"	19600604	5
249180030	"CHAŁUPKI"	19600605	13.1
249180030	"CHAŁUPKI"	19600607	0.7
249180030	"CHAŁUPKI"	19600608	0
249180030	"CHAŁUPKI"	19600609	3.1
249180030	"CHAŁUPKI"	19600610	10.6
249180030	"CHAŁUPKI"	19600611	3.9
249180030	"CHAŁUPKI"	19600614	10.6
249180030	"CHAŁUPKI"	19600615	5.9
249180030	"CHAŁUPKI"	19600617	0.5
249180030	"CHAŁUPKI"	19600619	3.6
249180030	"CHAŁUPKI"	19600620	8.3
249180030	"CHAŁUPKI"	19600621	3.5
249180030	"CHAŁUPKI"	19600622	0.3
249180030	"CHAŁUPKI"	19600626	0
249180030	"CHAŁUPKI"	19600627	13.2
249180030	"CHAŁUPKI"	19600629	0.3
249180030	"CHAŁUPKI"	19600630	0
249180030	"CHAŁUPKI"	19600701	0.5
249180030	"CHAŁUPKI"	19600702	0
249180030	"CHAŁUPKI"	19600703	0.5
249180030	"CHAŁUPKI"	19600704	3.4
249180030	"CHAŁUPKI"	19600705	1.3
249180030	"CHAŁUPKI"	19600706	26.7
249180030	"CHAŁUPKI"	19600707	6.5
249180030	"CHAŁUPKI"	19600708	0
249180030	"CHAŁUPKI"	19600709	18.4
249180030	"CHAŁUPKI"	19600712	30.5
249180030	"CHAŁUPKI"	19600713	14.5
249180030	"CHAŁUPKI"	19600717	1.4
249180030	"CHAŁUPKI"	19600718	0.3
249180030	"CHAŁUPKI"	19600721	3.1
249180030	"CHAŁUPKI"	19600722	3.5
249180030	"CHAŁUPKI"	19600723	35.9
249180030	"CHAŁUPKI"	19600724	14.3
249180030	"CHAŁUPKI"	19600725	26.3
249180030	"CHAŁUPKI"	19600726	0.9
249180030	"CHAŁUPKI"	19600728	0
249180030	"CHAŁUPKI"	19600802	6.8
249180030	"CHAŁUPKI"	19600805	3.6
249180030	"CHAŁUPKI"	19600806	4.4
249180030	"CHAŁUPKI"	19600807	0.1
249180030	"CHAŁUPKI"	19600808	16.5
249180030	"CHAŁUPKI"	19600809	5.3
249180030	"CHAŁUPKI"	19600810	0.6
249180030	"CHAŁUPKI"	19600812	1.1
249180030	"CHAŁUPKI"	19600813	2.2
249180030	"CHAŁUPKI"	19600814	0
249180030	"CHAŁUPKI"	19600815	5.5
249180030	"CHAŁUPKI"	19600816	0
249180030	"CHAŁUPKI"	19600817	0
249180030	"CHAŁUPKI"	19600818	0.6
249180030	"CHAŁUPKI"	19600819	6.4
249180030	"CHAŁUPKI"	19600821	5.6
249180030	"CHAŁUPKI"	19600828	0.08
249180030	"CHAŁUPKI"	19600829	54.5
249180030	"CHAŁUPKI"	19600830	1.5
249180030	"CHAŁUPKI"	19600831	0
249180030	"CHAŁUPKI"	19600901	6.4
249180030	"CHAŁUPKI"	19600902	4.1
249180030	"CHAŁUPKI"	19600904	8.6
249180030	"CHAŁUPKI"	19600905	16.3
249180030	"CHAŁUPKI"	19600906	7.1
249180030	"CHAŁUPKI"	19600907	1.9
249180030	"CHAŁUPKI"	19600908	0.7
249180030	"CHAŁUPKI"	19600920	0
249180030	"CHAŁUPKI"	19600923	0
249180030	"CHAŁUPKI"	19600926	7.6
249180030	"CHAŁUPKI"	19600927	0
249180030	"CHAŁUPKI"	19601001	7.6
249180030	"CHAŁUPKI"	19601002	0
249180030	"CHAŁUPKI"	19601007	1.6
249180030	"CHAŁUPKI"	19601008	1.1
249180030	"CHAŁUPKI"	19601010	1.6
249180030	"CHAŁUPKI"	19601012	0
249180030	"CHAŁUPKI"	19601015	10.3
249180030	"CHAŁUPKI"	19601017	2.7
249180030	"CHAŁUPKI"	19601018	1.3
249180030	"CHAŁUPKI"	19601019	0.4
249180030	"CHAŁUPKI"	19601021	7.6
249180030	"CHAŁUPKI"	19601022	0.3
249180030	"CHAŁUPKI"	19601025	0
249180030	"CHAŁUPKI"	19601026	0
249180030	"CHAŁUPKI"	19601031	0.4
249180030	"CHAŁUPKI"	19601101	3.2
249180030	"CHAŁUPKI"	19601102	1.4
249180030	"CHAŁUPKI"	19601103	0
249180030	"CHAŁUPKI"	19601105	1.2
249180030	"CHAŁUPKI"	19601112	0
249180030	"CHAŁUPKI"	19601113	3.4
249180030	"CHAŁUPKI"	19601114	0.6
249180030	"CHAŁUPKI"	19601116	3.9
249180030	"CHAŁUPKI"	19601118	1
249180030	"CHAŁUPKI"	19601119	10.7
249180030	"CHAŁUPKI"	19601125	0.5
249180030	"CHAŁUPKI"	19601128	0.5
249180030	"CHAŁUPKI"	19601129	0
249180030	"CHAŁUPKI"	19601130	0.6
249180030	"CHAŁUPKI"	19601204	0
249180030	"CHAŁUPKI"	19601208	3.6
249180030	"CHAŁUPKI"	19601209	2.9
249180030	"CHAŁUPKI"	19601211	9.9
249180030	"CHAŁUPKI"	19601212	2.4
249180030	"CHAŁUPKI"	19601213	3.5
249180030	"CHAŁUPKI"	19601214	3.8
249180030	"CHAŁUPKI"	19601219	0.6
249180030	"CHAŁUPKI"	19601220	1
249180030	"CHAŁUPKI"	19601222	0
249180030	"CHAŁUPKI"	19601229	1
249180030	"CHAŁUPKI"	19601230	0.3
249180030	"CHAŁUPKI"	19601231	0.3
