"V1"	"V2"	"V3"	"V4"
249190010	"JAWISZOWICE"	19510101	0.4
249190010	"JAWISZOWICE"	19510104	1.6
249190010	"JAWISZOWICE"	19510105	1.5
249190010	"JAWISZOWICE"	19510114	8.2
249190010	"JAWISZOWICE"	19510116	4.1
249190010	"JAWISZOWICE"	19510119	2.6
249190010	"JAWISZOWICE"	19510120	4.8
249190010	"JAWISZOWICE"	19510121	5.9
249190010	"JAWISZOWICE"	19510122	1.7
249190010	"JAWISZOWICE"	19510215	5.4
249190010	"JAWISZOWICE"	19510218	1.1
249190010	"JAWISZOWICE"	19510220	0.2
249190010	"JAWISZOWICE"	19510222	1.8
249190010	"JAWISZOWICE"	19510223	2.4
249190010	"JAWISZOWICE"	19510225	6.9
249190010	"JAWISZOWICE"	19510227	14.4
249190010	"JAWISZOWICE"	19510302	2.3
249190010	"JAWISZOWICE"	19510304	3.6
249190010	"JAWISZOWICE"	19510305	1.4
249190010	"JAWISZOWICE"	19510306	4.6
249190010	"JAWISZOWICE"	19510307	2.3
249190010	"JAWISZOWICE"	19510308	0.4
249190010	"JAWISZOWICE"	19510309	2.9
249190010	"JAWISZOWICE"	19510310	3.7
249190010	"JAWISZOWICE"	19510313	0.5
249190010	"JAWISZOWICE"	19510315	1.1
249190010	"JAWISZOWICE"	19510319	14.3
249190010	"JAWISZOWICE"	19510320	2.2
249190010	"JAWISZOWICE"	19510325	7.6
249190010	"JAWISZOWICE"	19510326	4.2
249190010	"JAWISZOWICE"	19510328	0.2
249190010	"JAWISZOWICE"	19510330	0.6
249190010	"JAWISZOWICE"	19510401	9.6
249190010	"JAWISZOWICE"	19510402	24.7
249190010	"JAWISZOWICE"	19510409	6.8
249190010	"JAWISZOWICE"	19510415	4.7
249190010	"JAWISZOWICE"	19510420	2.6
249190010	"JAWISZOWICE"	19510422	7.6
249190010	"JAWISZOWICE"	19510429	5.8
249190010	"JAWISZOWICE"	19510501	1.6
249190010	"JAWISZOWICE"	19510505	2.4
249190010	"JAWISZOWICE"	19510506	14.7
249190010	"JAWISZOWICE"	19510507	17.8
249190010	"JAWISZOWICE"	19510509	3.3
249190010	"JAWISZOWICE"	19510510	0.4
249190010	"JAWISZOWICE"	19510511	31.4
249190010	"JAWISZOWICE"	19510512	7.6
249190010	"JAWISZOWICE"	19510515	3.2
249190010	"JAWISZOWICE"	19510516	5.8
249190010	"JAWISZOWICE"	19510517	14.2
249190010	"JAWISZOWICE"	19510519	13.4
249190010	"JAWISZOWICE"	19510521	0.6
249190010	"JAWISZOWICE"	19510522	2.9
249190010	"JAWISZOWICE"	19510523	3.3
249190010	"JAWISZOWICE"	19510524	1.6
249190010	"JAWISZOWICE"	19510529	8.4
249190010	"JAWISZOWICE"	19510530	1.7
249190010	"JAWISZOWICE"	19510604	4.6
249190010	"JAWISZOWICE"	19510607	1.7
249190010	"JAWISZOWICE"	19510608	19.2
249190010	"JAWISZOWICE"	19510610	4.7
249190010	"JAWISZOWICE"	19510612	4.5
249190010	"JAWISZOWICE"	19510614	2.6
249190010	"JAWISZOWICE"	19510619	4.3
249190010	"JAWISZOWICE"	19510620	1.7
249190010	"JAWISZOWICE"	19510625	10.2
249190010	"JAWISZOWICE"	19510626	6.4
249190010	"JAWISZOWICE"	19510705	3.1
249190010	"JAWISZOWICE"	19510706	1.4
249190010	"JAWISZOWICE"	19510710	9.1
249190010	"JAWISZOWICE"	19510713	3.6
249190010	"JAWISZOWICE"	19510716	13.5
249190010	"JAWISZOWICE"	19510717	1.7
249190010	"JAWISZOWICE"	19510721	2.8
249190010	"JAWISZOWICE"	19510724	4.8
249190010	"JAWISZOWICE"	19510725	8.6
249190010	"JAWISZOWICE"	19510726	6.6
249190010	"JAWISZOWICE"	19510727	0.4
249190010	"JAWISZOWICE"	19510728	3.6
249190010	"JAWISZOWICE"	19510810	7.8
249190010	"JAWISZOWICE"	19510812	3.5
249190010	"JAWISZOWICE"	19510815	8.4
249190010	"JAWISZOWICE"	19510823	4.6
249190010	"JAWISZOWICE"	19510824	3.7
249190010	"JAWISZOWICE"	19510825	1.5
249190010	"JAWISZOWICE"	19510905	6.1
249190010	"JAWISZOWICE"	19510909	3.2
249190010	"JAWISZOWICE"	19510920	3.9
249190010	"JAWISZOWICE"	19510921	7.4
249190010	"JAWISZOWICE"	19510922	2.2
249190010	"JAWISZOWICE"	19510926	0.8
249190010	"JAWISZOWICE"	19510928	2.2
249190010	"JAWISZOWICE"	19510929	11.7
249190010	"JAWISZOWICE"	19510930	1.2
249190010	"JAWISZOWICE"	19511001	1.2
249190010	"JAWISZOWICE"	19511003	1.3
249190010	"JAWISZOWICE"	19511101	1.1
249190010	"JAWISZOWICE"	19511102	0.3
249190010	"JAWISZOWICE"	19511103	3.4
249190010	"JAWISZOWICE"	19511104	2.1
249190010	"JAWISZOWICE"	19511109	2.2
249190010	"JAWISZOWICE"	19511116	2.2
249190010	"JAWISZOWICE"	19511122	3.1
249190010	"JAWISZOWICE"	19511123	16.4
249190010	"JAWISZOWICE"	19511124	7.6
249190010	"JAWISZOWICE"	19511126	2.1
249190010	"JAWISZOWICE"	19511127	1.2
249190010	"JAWISZOWICE"	19511129	1.1
249190010	"JAWISZOWICE"	19511130	0.9
249190010	"JAWISZOWICE"	19511201	4.1
249190010	"JAWISZOWICE"	19511203	0.2
249190010	"JAWISZOWICE"	19511205	4.6
249190010	"JAWISZOWICE"	19511210	4.8
249190010	"JAWISZOWICE"	19511211	1.7
249190010	"JAWISZOWICE"	19511212	0.4
249190010	"JAWISZOWICE"	19511213	0.8
249190010	"JAWISZOWICE"	19511214	10.6
249190010	"JAWISZOWICE"	19511215	0.8
249190010	"JAWISZOWICE"	19511228	4.6
249190010	"JAWISZOWICE"	19511230	2.8
249190010	"JAWISZOWICE"	19520102	1.6
249190010	"JAWISZOWICE"	19520105	0.5
249190010	"JAWISZOWICE"	19520106	1
249190010	"JAWISZOWICE"	19520108	1.1
249190010	"JAWISZOWICE"	19520109	2.5
249190010	"JAWISZOWICE"	19520111	0.9
249190010	"JAWISZOWICE"	19520112	7.3
249190010	"JAWISZOWICE"	19520114	0.5
249190010	"JAWISZOWICE"	19520115	0.4
249190010	"JAWISZOWICE"	19520117	0.7
249190010	"JAWISZOWICE"	19520119	8.3
249190010	"JAWISZOWICE"	19520120	8.7
249190010	"JAWISZOWICE"	19520121	8.2
249190010	"JAWISZOWICE"	19520122	3.3
249190010	"JAWISZOWICE"	19520126	8.1
249190010	"JAWISZOWICE"	19520128	12.2
249190010	"JAWISZOWICE"	19520202	10.1
249190010	"JAWISZOWICE"	19520203	6.3
249190010	"JAWISZOWICE"	19520205	7.8
249190010	"JAWISZOWICE"	19520206	0.8
249190010	"JAWISZOWICE"	19520209	1.4
249190010	"JAWISZOWICE"	19520210	0.3
249190010	"JAWISZOWICE"	19520211	0.4
249190010	"JAWISZOWICE"	19520212	5.8
249190010	"JAWISZOWICE"	19520215	20.6
249190010	"JAWISZOWICE"	19520216	12.4
249190010	"JAWISZOWICE"	19520217	7.2
249190010	"JAWISZOWICE"	19520218	0.5
249190010	"JAWISZOWICE"	19520219	7.2
249190010	"JAWISZOWICE"	19520220	1.8
249190010	"JAWISZOWICE"	19520221	0.7
249190010	"JAWISZOWICE"	19520222	11.2
249190010	"JAWISZOWICE"	19520223	5.2
249190010	"JAWISZOWICE"	19520224	1.6
249190010	"JAWISZOWICE"	19520227	8.2
249190010	"JAWISZOWICE"	19520301	3.8
249190010	"JAWISZOWICE"	19520304	3.7
249190010	"JAWISZOWICE"	19520306	3.1
249190010	"JAWISZOWICE"	19520308	2.1
249190010	"JAWISZOWICE"	19520314	6.3
249190010	"JAWISZOWICE"	19520316	1.8
249190010	"JAWISZOWICE"	19520323	2.8
249190010	"JAWISZOWICE"	19520325	5.7
249190010	"JAWISZOWICE"	19520326	6.3
249190010	"JAWISZOWICE"	19520327	13.3
249190010	"JAWISZOWICE"	19520401	20.7
249190010	"JAWISZOWICE"	19520409	3.6
249190010	"JAWISZOWICE"	19520416	13.4
249190010	"JAWISZOWICE"	19520425	1.7
249190010	"JAWISZOWICE"	19520428	3.4
249190010	"JAWISZOWICE"	19520508	15.2
249190010	"JAWISZOWICE"	19520509	1.1
249190010	"JAWISZOWICE"	19520513	1.8
249190010	"JAWISZOWICE"	19520515	2.1
249190010	"JAWISZOWICE"	19520516	4.4
249190010	"JAWISZOWICE"	19520519	1.4
249190010	"JAWISZOWICE"	19520520	3.6
249190010	"JAWISZOWICE"	19520521	5.1
249190010	"JAWISZOWICE"	19520522	2.6
249190010	"JAWISZOWICE"	19520524	3.7
249190010	"JAWISZOWICE"	19520525	2.1
249190010	"JAWISZOWICE"	19520526	8.2
249190010	"JAWISZOWICE"	19520527	3.3
249190010	"JAWISZOWICE"	19520528	4.2
249190010	"JAWISZOWICE"	19520601	11.4
249190010	"JAWISZOWICE"	19520604	3.6
249190010	"JAWISZOWICE"	19520605	7.1
249190010	"JAWISZOWICE"	19520608	4.6
249190010	"JAWISZOWICE"	19520611	5.6
249190010	"JAWISZOWICE"	19520612	5.3
249190010	"JAWISZOWICE"	19520613	9.3
249190010	"JAWISZOWICE"	19520616	30.4
249190010	"JAWISZOWICE"	19520620	10.7
249190010	"JAWISZOWICE"	19520621	14.7
249190010	"JAWISZOWICE"	19520625	4.6
249190010	"JAWISZOWICE"	19520626	5.2
249190010	"JAWISZOWICE"	19520627	1.6
249190010	"JAWISZOWICE"	19520628	4.2
249190010	"JAWISZOWICE"	19520715	4.6
249190010	"JAWISZOWICE"	19520719	7.4
249190010	"JAWISZOWICE"	19520721	0.1
249190010	"JAWISZOWICE"	19520725	3.6
249190010	"JAWISZOWICE"	19520726	2.2
249190010	"JAWISZOWICE"	19520803	0
249190010	"JAWISZOWICE"	19520804	4.2
249190010	"JAWISZOWICE"	19520805	3.3
249190010	"JAWISZOWICE"	19520807	7.1
249190010	"JAWISZOWICE"	19520809	4.9
249190010	"JAWISZOWICE"	19520816	34.9
249190010	"JAWISZOWICE"	19520817	10.6
249190010	"JAWISZOWICE"	19520820	2.2
249190010	"JAWISZOWICE"	19520821	24.8
249190010	"JAWISZOWICE"	19520823	10.8
249190010	"JAWISZOWICE"	19520825	1.6
249190010	"JAWISZOWICE"	19520831	10.4
249190010	"JAWISZOWICE"	19520902	0.7
249190010	"JAWISZOWICE"	19520903	1.1
249190010	"JAWISZOWICE"	19520904	4.5
249190010	"JAWISZOWICE"	19520906	12.6
249190010	"JAWISZOWICE"	19520907	17.2
249190010	"JAWISZOWICE"	19520908	10.3
249190010	"JAWISZOWICE"	19520909	18.9
249190010	"JAWISZOWICE"	19520910	1.6
249190010	"JAWISZOWICE"	19520911	0.7
249190010	"JAWISZOWICE"	19520912	3.8
249190010	"JAWISZOWICE"	19520913	0.9
249190010	"JAWISZOWICE"	19520917	2.2
249190010	"JAWISZOWICE"	19520918	13.1
249190010	"JAWISZOWICE"	19520919	4.7
249190010	"JAWISZOWICE"	19520920	1.8
249190010	"JAWISZOWICE"	19520922	6.2
249190010	"JAWISZOWICE"	19520923	10.3
249190010	"JAWISZOWICE"	19520924	2.6
249190010	"JAWISZOWICE"	19520928	8.1
249190010	"JAWISZOWICE"	19520929	7.7
249190010	"JAWISZOWICE"	19521003	10.3
249190010	"JAWISZOWICE"	19521006	15.2
249190010	"JAWISZOWICE"	19521007	2.2
249190010	"JAWISZOWICE"	19521010	1.5
249190010	"JAWISZOWICE"	19521011	0.8
249190010	"JAWISZOWICE"	19521012	1.3
249190010	"JAWISZOWICE"	19521013	1.1
249190010	"JAWISZOWICE"	19521016	1.3
249190010	"JAWISZOWICE"	19521017	1.8
249190010	"JAWISZOWICE"	19521019	0.8
249190010	"JAWISZOWICE"	19521020	3.1
249190010	"JAWISZOWICE"	19521021	1.5
249190010	"JAWISZOWICE"	19521023	18.1
249190010	"JAWISZOWICE"	19521025	4.7
249190010	"JAWISZOWICE"	19521026	3.8
249190010	"JAWISZOWICE"	19521027	3.3
249190010	"JAWISZOWICE"	19521030	1.1
249190010	"JAWISZOWICE"	19521031	6.7
249190010	"JAWISZOWICE"	19521101	15.2
249190010	"JAWISZOWICE"	19521103	3.6
249190010	"JAWISZOWICE"	19521106	2.1
249190010	"JAWISZOWICE"	19521107	2.2
249190010	"JAWISZOWICE"	19521108	28.4
249190010	"JAWISZOWICE"	19521109	1.4
249190010	"JAWISZOWICE"	19521111	1.3
249190010	"JAWISZOWICE"	19521113	4.8
249190010	"JAWISZOWICE"	19521116	4.2
249190010	"JAWISZOWICE"	19521117	0.4
249190010	"JAWISZOWICE"	19521120	3.1
249190010	"JAWISZOWICE"	19521121	5.1
249190010	"JAWISZOWICE"	19521122	5.9
249190010	"JAWISZOWICE"	19521123	2.3
249190010	"JAWISZOWICE"	19521127	5
249190010	"JAWISZOWICE"	19521128	4.3
249190010	"JAWISZOWICE"	19521130	2.6
249190010	"JAWISZOWICE"	19521201	1.6
249190010	"JAWISZOWICE"	19521214	0
249190010	"JAWISZOWICE"	19521215	1.1
249190010	"JAWISZOWICE"	19521216	1.9
249190010	"JAWISZOWICE"	19521217	0.7
249190010	"JAWISZOWICE"	19521223	0.1
249190010	"JAWISZOWICE"	19521225	3.7
249190010	"JAWISZOWICE"	19521228	1.5
249190010	"JAWISZOWICE"	19521229	0.5
249190010	"JAWISZOWICE"	19521230	4.1
249190010	"JAWISZOWICE"	19530103	16.2
249190010	"JAWISZOWICE"	19530104	1.2
249190010	"JAWISZOWICE"	19530108	1.8
249190010	"JAWISZOWICE"	19530109	6.7
249190010	"JAWISZOWICE"	19530110	2.7
249190010	"JAWISZOWICE"	19530111	1.2
249190010	"JAWISZOWICE"	19530112	1.3
249190010	"JAWISZOWICE"	19530119	5.8
249190010	"JAWISZOWICE"	19530122	6.6
249190010	"JAWISZOWICE"	19530123	0.5
249190010	"JAWISZOWICE"	19530128	4.6
249190010	"JAWISZOWICE"	19530129	4.1
249190010	"JAWISZOWICE"	19530130	2.1
249190010	"JAWISZOWICE"	19530203	5.6
249190010	"JAWISZOWICE"	19530207	0.5
249190010	"JAWISZOWICE"	19530208	4.1
249190010	"JAWISZOWICE"	19530214	1.5
249190010	"JAWISZOWICE"	19530216	0.9
249190010	"JAWISZOWICE"	19530218	1.5
249190010	"JAWISZOWICE"	19530219	2
249190010	"JAWISZOWICE"	19530220	0.9
249190010	"JAWISZOWICE"	19530223	1.3
249190010	"JAWISZOWICE"	19530224	0.4
249190010	"JAWISZOWICE"	19530228	5.1
249190010	"JAWISZOWICE"	19530304	5.6
249190010	"JAWISZOWICE"	19530308	3.9
249190010	"JAWISZOWICE"	19530309	3.3
249190010	"JAWISZOWICE"	19530310	1.1
249190010	"JAWISZOWICE"	19530311	5.8
249190010	"JAWISZOWICE"	19530312	1.1
249190010	"JAWISZOWICE"	19530313	2
249190010	"JAWISZOWICE"	19530327	7.3
249190010	"JAWISZOWICE"	19530406	3.8
249190010	"JAWISZOWICE"	19530407	3.4
249190010	"JAWISZOWICE"	19530417	5.8
249190010	"JAWISZOWICE"	19530418	0.7
249190010	"JAWISZOWICE"	19530428	4.2
249190010	"JAWISZOWICE"	19530429	1.2
249190010	"JAWISZOWICE"	19530430	23.8
249190010	"JAWISZOWICE"	19530503	6.7
249190010	"JAWISZOWICE"	19530504	8.1
249190010	"JAWISZOWICE"	19530505	7.3
249190010	"JAWISZOWICE"	19530506	7.8
249190010	"JAWISZOWICE"	19530507	11.4
249190010	"JAWISZOWICE"	19530510	2
249190010	"JAWISZOWICE"	19530511	21.1
249190010	"JAWISZOWICE"	19530512	4.8
249190010	"JAWISZOWICE"	19530520	5.1
249190010	"JAWISZOWICE"	19530522	7.2
249190010	"JAWISZOWICE"	19530526	6.7
249190010	"JAWISZOWICE"	19530530	0.3
249190010	"JAWISZOWICE"	19530601	9.8
249190010	"JAWISZOWICE"	19530602	3.6
249190010	"JAWISZOWICE"	19530609	1.6
249190010	"JAWISZOWICE"	19530610	8
249190010	"JAWISZOWICE"	19530612	10.8
249190010	"JAWISZOWICE"	19530616	3.1
249190010	"JAWISZOWICE"	19530619	8.7
249190010	"JAWISZOWICE"	19530625	7.1
249190010	"JAWISZOWICE"	19530704	1.8
249190010	"JAWISZOWICE"	19530709	6.4
249190010	"JAWISZOWICE"	19530710	3.6
249190010	"JAWISZOWICE"	19530714	13.4
249190010	"JAWISZOWICE"	19530715	6.1
249190010	"JAWISZOWICE"	19530718	25.6
249190010	"JAWISZOWICE"	19530727	31.6
249190010	"JAWISZOWICE"	19530729	4.1
249190010	"JAWISZOWICE"	19530730	16.6
249190010	"JAWISZOWICE"	19530803	9.4
249190010	"JAWISZOWICE"	19530805	6.4
249190010	"JAWISZOWICE"	19530806	8.7
249190010	"JAWISZOWICE"	19530807	8.6
249190010	"JAWISZOWICE"	19530822	21
249190010	"JAWISZOWICE"	19530823	1.7
249190010	"JAWISZOWICE"	19530827	0.6
249190010	"JAWISZOWICE"	19530903	11.4
249190010	"JAWISZOWICE"	19530910	3.1
249190010	"JAWISZOWICE"	19530912	10.4
249190010	"JAWISZOWICE"	19530913	11.2
249190010	"JAWISZOWICE"	19530914	1.7
249190010	"JAWISZOWICE"	19530920	2.1
249190010	"JAWISZOWICE"	19530921	5.4
249190010	"JAWISZOWICE"	19530925	1.1
249190010	"JAWISZOWICE"	19530929	12.8
249190010	"JAWISZOWICE"	19530930	7.6
249190010	"JAWISZOWICE"	19531001	7.6
249190010	"JAWISZOWICE"	19531004	10.2
249190010	"JAWISZOWICE"	19531005	1.2
249190010	"JAWISZOWICE"	19531006	2.8
249190010	"JAWISZOWICE"	19531007	2.2
249190010	"JAWISZOWICE"	19531008	0.4
249190010	"JAWISZOWICE"	19531030	3.2
249190010	"JAWISZOWICE"	19531106	7.6
249190010	"JAWISZOWICE"	19531107	1.3
249190010	"JAWISZOWICE"	19531114	3.3
249190010	"JAWISZOWICE"	19531115	2.1
249190010	"JAWISZOWICE"	19531120	7.3
249190010	"JAWISZOWICE"	19531121	1.4
249190010	"JAWISZOWICE"	19531122	0.5
249190010	"JAWISZOWICE"	19531129	0.4
249190010	"JAWISZOWICE"	19531222	2.5
249190010	"JAWISZOWICE"	19531223	1.4
249190010	"JAWISZOWICE"	19531228	1.2
249190010	"JAWISZOWICE"	19531229	5.8
249190010	"JAWISZOWICE"	19531230	2.3
249190010	"JAWISZOWICE"	19531231	3.4
249190010	"JAWISZOWICE"	19540101	5.4
249190010	"JAWISZOWICE"	19540102	0.6
249190010	"JAWISZOWICE"	19540103	0.9
249190010	"JAWISZOWICE"	19540108	0.2
249190010	"JAWISZOWICE"	19540109	2.4
249190010	"JAWISZOWICE"	19540110	5.1
249190010	"JAWISZOWICE"	19540112	3.4
249190010	"JAWISZOWICE"	19540116	4.1
249190010	"JAWISZOWICE"	19540118	1.8
249190010	"JAWISZOWICE"	19540120	2.1
249190010	"JAWISZOWICE"	19540121	4.7
249190010	"JAWISZOWICE"	19540122	1.2
249190010	"JAWISZOWICE"	19540123	1.8
249190010	"JAWISZOWICE"	19540125	1.6
249190010	"JAWISZOWICE"	19540129	2.2
249190010	"JAWISZOWICE"	19540211	0.7
249190010	"JAWISZOWICE"	19540213	0.8
249190010	"JAWISZOWICE"	19540214	2.2
249190010	"JAWISZOWICE"	19540217	11.8
249190010	"JAWISZOWICE"	19540301	0.8
249190010	"JAWISZOWICE"	19540303	0.2
249190010	"JAWISZOWICE"	19540317	2.6
249190010	"JAWISZOWICE"	19540325	2.1
249190010	"JAWISZOWICE"	19540326	0.3
249190010	"JAWISZOWICE"	19540327	3.5
249190010	"JAWISZOWICE"	19540328	1
249190010	"JAWISZOWICE"	19540329	2
249190010	"JAWISZOWICE"	19540330	0
249190010	"JAWISZOWICE"	19540401	0
249190010	"JAWISZOWICE"	19540402	3.4
249190010	"JAWISZOWICE"	19540403	2.7
249190010	"JAWISZOWICE"	19540404	0.3
249190010	"JAWISZOWICE"	19540405	0.2
249190010	"JAWISZOWICE"	19540406	2.7
249190010	"JAWISZOWICE"	19540407	1.8
249190010	"JAWISZOWICE"	19540408	1.5
249190010	"JAWISZOWICE"	19540409	0
249190010	"JAWISZOWICE"	19540411	0
249190010	"JAWISZOWICE"	19540412	2.2
249190010	"JAWISZOWICE"	19540413	0.8
249190010	"JAWISZOWICE"	19540414	0
249190010	"JAWISZOWICE"	19540415	6.1
249190010	"JAWISZOWICE"	19540416	12.3
249190010	"JAWISZOWICE"	19540417	0.6
249190010	"JAWISZOWICE"	19540418	16.7
249190010	"JAWISZOWICE"	19540419	14.1
249190010	"JAWISZOWICE"	19540420	3.6
249190010	"JAWISZOWICE"	19540421	1.1
249190010	"JAWISZOWICE"	19540422	0
249190010	"JAWISZOWICE"	19540502	0
249190010	"JAWISZOWICE"	19540504	7.2
249190010	"JAWISZOWICE"	19540505	0.6
249190010	"JAWISZOWICE"	19540506	3.2
249190010	"JAWISZOWICE"	19540507	2.7
249190010	"JAWISZOWICE"	19540508	6.7
249190010	"JAWISZOWICE"	19540510	0.8
249190010	"JAWISZOWICE"	19540511	0
249190010	"JAWISZOWICE"	19540517	3.2
249190010	"JAWISZOWICE"	19540518	35.2
249190010	"JAWISZOWICE"	19540519	6.2
249190010	"JAWISZOWICE"	19540520	0.6
249190010	"JAWISZOWICE"	19540524	0.3
249190010	"JAWISZOWICE"	19540529	0.8
249190010	"JAWISZOWICE"	19540530	1.1
249190010	"JAWISZOWICE"	19540531	4.1
249190010	"JAWISZOWICE"	19540601	8.9
249190010	"JAWISZOWICE"	19540607	0
249190010	"JAWISZOWICE"	19540608	7
249190010	"JAWISZOWICE"	19540610	8.7
249190010	"JAWISZOWICE"	19540611	1.7
249190010	"JAWISZOWICE"	19540614	2.3
249190010	"JAWISZOWICE"	19540615	0.4
249190010	"JAWISZOWICE"	19540617	5.1
249190010	"JAWISZOWICE"	19540623	0
249190010	"JAWISZOWICE"	19540624	2.9
249190010	"JAWISZOWICE"	19540627	39.7
249190010	"JAWISZOWICE"	19540628	7.2
249190010	"JAWISZOWICE"	19540630	0
249190010	"JAWISZOWICE"	19540701	15.9
249190010	"JAWISZOWICE"	19540702	31.8
249190010	"JAWISZOWICE"	19540703	3.8
249190010	"JAWISZOWICE"	19540705	12.3
249190010	"JAWISZOWICE"	19540708	10.1
249190010	"JAWISZOWICE"	19540709	0
249190010	"JAWISZOWICE"	19540712	8.2
249190010	"JAWISZOWICE"	19540713	0.1
249190010	"JAWISZOWICE"	19540714	7.8
249190010	"JAWISZOWICE"	19540715	2.8
249190010	"JAWISZOWICE"	19540716	0.8
249190010	"JAWISZOWICE"	19540717	0
249190010	"JAWISZOWICE"	19540718	4.7
249190010	"JAWISZOWICE"	19540719	0
249190010	"JAWISZOWICE"	19540720	1.9
249190010	"JAWISZOWICE"	19540722	6.1
249190010	"JAWISZOWICE"	19540726	13.6
249190010	"JAWISZOWICE"	19540727	1.1
249190010	"JAWISZOWICE"	19540728	6.8
249190010	"JAWISZOWICE"	19540729	0.3
249190010	"JAWISZOWICE"	19540730	0
249190010	"JAWISZOWICE"	19540807	4.2
249190010	"JAWISZOWICE"	19540808	0
249190010	"JAWISZOWICE"	19540809	0
249190010	"JAWISZOWICE"	19540810	10.2
249190010	"JAWISZOWICE"	19540815	10.3
249190010	"JAWISZOWICE"	19540816	5.1
249190010	"JAWISZOWICE"	19540817	1.9
249190010	"JAWISZOWICE"	19540818	0
249190010	"JAWISZOWICE"	19540822	4
249190010	"JAWISZOWICE"	19540827	0
249190010	"JAWISZOWICE"	19540828	3.4
249190010	"JAWISZOWICE"	19540831	0
249190010	"JAWISZOWICE"	19540912	5.1
249190010	"JAWISZOWICE"	19540913	0
249190010	"JAWISZOWICE"	19540915	1.1
249190010	"JAWISZOWICE"	19540918	1.2
249190010	"JAWISZOWICE"	19540919	1.5
249190010	"JAWISZOWICE"	19540921	0
249190010	"JAWISZOWICE"	19540923	0
249190010	"JAWISZOWICE"	19540926	0.9
249190010	"JAWISZOWICE"	19540927	8.7
249190010	"JAWISZOWICE"	19540928	3.2
249190010	"JAWISZOWICE"	19540929	2.7
249190010	"JAWISZOWICE"	19540930	5.1
249190010	"JAWISZOWICE"	19541001	1.3
249190010	"JAWISZOWICE"	19541002	1.2
249190010	"JAWISZOWICE"	19541004	2.7
249190010	"JAWISZOWICE"	19541005	3.7
249190010	"JAWISZOWICE"	19541006	0.7
249190010	"JAWISZOWICE"	19541007	0.2
249190010	"JAWISZOWICE"	19541012	0.1
249190010	"JAWISZOWICE"	19541019	3.1
249190010	"JAWISZOWICE"	19541020	0.7
249190010	"JAWISZOWICE"	19541022	0.4
249190010	"JAWISZOWICE"	19541025	15.7
249190010	"JAWISZOWICE"	19541028	1.3
249190010	"JAWISZOWICE"	19541103	6.1
249190010	"JAWISZOWICE"	19541104	0.8
249190010	"JAWISZOWICE"	19541108	0.3
249190010	"JAWISZOWICE"	19541109	1.3
249190010	"JAWISZOWICE"	19541110	8.4
249190010	"JAWISZOWICE"	19541111	0.3
249190010	"JAWISZOWICE"	19541113	0.9
249190010	"JAWISZOWICE"	19541115	3.1
249190010	"JAWISZOWICE"	19541116	3.6
249190010	"JAWISZOWICE"	19541118	2.3
249190010	"JAWISZOWICE"	19541119	1.1
249190010	"JAWISZOWICE"	19541130	2.8
249190010	"JAWISZOWICE"	19541202	2.6
249190010	"JAWISZOWICE"	19541203	3.4
249190010	"JAWISZOWICE"	19541204	3.6
249190010	"JAWISZOWICE"	19541205	2.3
249190010	"JAWISZOWICE"	19541207	0.6
249190010	"JAWISZOWICE"	19541208	2.2
249190010	"JAWISZOWICE"	19541209	4.1
249190010	"JAWISZOWICE"	19541211	0.6
249190010	"JAWISZOWICE"	19541212	1.1
249190010	"JAWISZOWICE"	19541213	12.8
249190010	"JAWISZOWICE"	19541214	0.5
249190010	"JAWISZOWICE"	19541215	2.5
249190010	"JAWISZOWICE"	19541218	1.7
249190010	"JAWISZOWICE"	19541221	1.1
249190010	"JAWISZOWICE"	19541222	0
249190010	"JAWISZOWICE"	19541223	5.7
249190010	"JAWISZOWICE"	19541224	1.5
249190010	"JAWISZOWICE"	19541225	2.3
249190010	"JAWISZOWICE"	19541226	6.7
249190010	"JAWISZOWICE"	19541227	10.8
249190010	"JAWISZOWICE"	19541228	16.8
249190010	"JAWISZOWICE"	19541229	3
249190010	"JAWISZOWICE"	19541230	1.8
249190010	"JAWISZOWICE"	19541231	7.2
249190010	"JAWISZOWICE"	19550101	1.8
249190010	"JAWISZOWICE"	19550102	3.8
249190010	"JAWISZOWICE"	19550103	0
249190010	"JAWISZOWICE"	19550108	2.6
249190010	"JAWISZOWICE"	19550111	8.4
249190010	"JAWISZOWICE"	19550112	4.6
249190010	"JAWISZOWICE"	19550114	9.8
249190010	"JAWISZOWICE"	19550115	1.6
249190010	"JAWISZOWICE"	19550116	4.4
249190010	"JAWISZOWICE"	19550117	0
249190010	"JAWISZOWICE"	19550118	2.1
249190010	"JAWISZOWICE"	19550119	0
249190010	"JAWISZOWICE"	19550130	0
249190010	"JAWISZOWICE"	19550131	0
249190010	"JAWISZOWICE"	19550204	1.2
249190010	"JAWISZOWICE"	19550205	0
249190010	"JAWISZOWICE"	19550206	0
249190010	"JAWISZOWICE"	19550208	3.2
249190010	"JAWISZOWICE"	19550209	0
249190010	"JAWISZOWICE"	19550210	2.2
249190010	"JAWISZOWICE"	19550211	8.4
249190010	"JAWISZOWICE"	19550212	0
249190010	"JAWISZOWICE"	19550215	0.5
249190010	"JAWISZOWICE"	19550217	1.3
249190010	"JAWISZOWICE"	19550218	7.4
249190010	"JAWISZOWICE"	19550219	1.1
249190010	"JAWISZOWICE"	19550224	4.2
249190010	"JAWISZOWICE"	19550307	8.3
249190010	"JAWISZOWICE"	19550308	6.2
249190010	"JAWISZOWICE"	19550309	1.7
249190010	"JAWISZOWICE"	19550310	4.3
249190010	"JAWISZOWICE"	19550316	5.4
249190010	"JAWISZOWICE"	19550317	1.2
249190010	"JAWISZOWICE"	19550318	4.8
249190010	"JAWISZOWICE"	19550319	7.3
249190010	"JAWISZOWICE"	19550320	0.8
249190010	"JAWISZOWICE"	19550324	3.6
249190010	"JAWISZOWICE"	19550326	2.8
249190010	"JAWISZOWICE"	19550327	2.6
249190010	"JAWISZOWICE"	19550328	0
249190010	"JAWISZOWICE"	19550329	0
249190010	"JAWISZOWICE"	19550404	1.9
249190010	"JAWISZOWICE"	19550407	4.8
249190010	"JAWISZOWICE"	19550408	11.6
249190010	"JAWISZOWICE"	19550410	1.9
249190010	"JAWISZOWICE"	19550411	4.5
249190010	"JAWISZOWICE"	19550412	7.8
249190010	"JAWISZOWICE"	19550413	4.7
249190010	"JAWISZOWICE"	19550414	2.9
249190010	"JAWISZOWICE"	19550416	8.5
249190010	"JAWISZOWICE"	19550418	5.7
249190010	"JAWISZOWICE"	19550419	3.8
249190010	"JAWISZOWICE"	19550420	4.4
249190010	"JAWISZOWICE"	19550421	0.8
249190010	"JAWISZOWICE"	19550422	0
249190010	"JAWISZOWICE"	19550424	9.8
249190010	"JAWISZOWICE"	19550425	1.4
249190010	"JAWISZOWICE"	19550503	0
249190010	"JAWISZOWICE"	19550505	1.1
249190010	"JAWISZOWICE"	19550510	9.8
249190010	"JAWISZOWICE"	19550511	10.2
249190010	"JAWISZOWICE"	19550512	0
249190010	"JAWISZOWICE"	19550515	23
249190010	"JAWISZOWICE"	19550516	0.2
249190010	"JAWISZOWICE"	19550518	14.3
249190010	"JAWISZOWICE"	19550519	1.7
249190010	"JAWISZOWICE"	19550520	1.1
249190010	"JAWISZOWICE"	19550524	2.8
249190010	"JAWISZOWICE"	19550525	2.1
249190010	"JAWISZOWICE"	19550527	17.6
249190010	"JAWISZOWICE"	19550529	0.6
249190010	"JAWISZOWICE"	19550601	3.5
249190010	"JAWISZOWICE"	19550602	26.8
249190010	"JAWISZOWICE"	19550603	22.2
249190010	"JAWISZOWICE"	19550610	8.6
249190010	"JAWISZOWICE"	19550613	5.2
249190010	"JAWISZOWICE"	19550614	0.2
249190010	"JAWISZOWICE"	19550620	28.1
249190010	"JAWISZOWICE"	19550621	27.7
249190010	"JAWISZOWICE"	19550622	1
249190010	"JAWISZOWICE"	19550623	0
249190010	"JAWISZOWICE"	19550626	4.2
249190010	"JAWISZOWICE"	19550628	1.5
249190010	"JAWISZOWICE"	19550701	2.6
249190010	"JAWISZOWICE"	19550704	24.6
249190010	"JAWISZOWICE"	19550705	3.7
249190010	"JAWISZOWICE"	19550706	6.7
249190010	"JAWISZOWICE"	19550707	42.6
249190010	"JAWISZOWICE"	19550708	1.2
249190010	"JAWISZOWICE"	19550709	0
249190010	"JAWISZOWICE"	19550710	3.1
249190010	"JAWISZOWICE"	19550716	2.8
249190010	"JAWISZOWICE"	19550719	3.1
249190010	"JAWISZOWICE"	19550724	3.4
249190010	"JAWISZOWICE"	19550725	0.4
249190010	"JAWISZOWICE"	19550726	0
249190010	"JAWISZOWICE"	19550727	8.7
249190010	"JAWISZOWICE"	19550728	2.3
249190010	"JAWISZOWICE"	19550729	1.4
249190010	"JAWISZOWICE"	19550730	13.2
249190010	"JAWISZOWICE"	19550731	0
249190010	"JAWISZOWICE"	19550801	0
249190010	"JAWISZOWICE"	19550802	27.4
249190010	"JAWISZOWICE"	19550803	14.2
249190010	"JAWISZOWICE"	19550805	8.9
249190010	"JAWISZOWICE"	19550808	4.4
249190010	"JAWISZOWICE"	19550809	2.9
249190010	"JAWISZOWICE"	19550810	0.7
249190010	"JAWISZOWICE"	19550811	7.4
249190010	"JAWISZOWICE"	19550812	1.2
249190010	"JAWISZOWICE"	19550813	0
249190010	"JAWISZOWICE"	19550815	0.5
249190010	"JAWISZOWICE"	19550816	7.8
249190010	"JAWISZOWICE"	19550823	2.8
249190010	"JAWISZOWICE"	19550824	6.9
249190010	"JAWISZOWICE"	19550828	18.3
249190010	"JAWISZOWICE"	19550829	0.8
249190010	"JAWISZOWICE"	19550906	3.8
249190010	"JAWISZOWICE"	19550907	2.1
249190010	"JAWISZOWICE"	19550913	2.4
249190010	"JAWISZOWICE"	19550914	30.6
249190010	"JAWISZOWICE"	19550915	0.5
249190010	"JAWISZOWICE"	19550927	12.9
249190010	"JAWISZOWICE"	19550928	0
249190010	"JAWISZOWICE"	19551001	1.4
249190010	"JAWISZOWICE"	19551006	2.3
249190010	"JAWISZOWICE"	19551007	4.1
249190010	"JAWISZOWICE"	19551010	1.1
249190010	"JAWISZOWICE"	19551011	0.2
249190010	"JAWISZOWICE"	19551014	0
249190010	"JAWISZOWICE"	19551016	1.4
249190010	"JAWISZOWICE"	19551017	7.2
249190010	"JAWISZOWICE"	19551018	1.6
249190010	"JAWISZOWICE"	19551019	0
249190010	"JAWISZOWICE"	19551022	0
249190010	"JAWISZOWICE"	19551024	14.1
249190010	"JAWISZOWICE"	19551025	3.8
249190010	"JAWISZOWICE"	19551027	0
249190010	"JAWISZOWICE"	19551028	8.1
249190010	"JAWISZOWICE"	19551102	0.4
249190010	"JAWISZOWICE"	19551116	4
249190010	"JAWISZOWICE"	19551120	1.7
249190010	"JAWISZOWICE"	19551122	1.4
249190010	"JAWISZOWICE"	19551123	6.8
249190010	"JAWISZOWICE"	19551124	6.4
249190010	"JAWISZOWICE"	19551125	0
249190010	"JAWISZOWICE"	19551126	2.6
249190010	"JAWISZOWICE"	19551127	3.5
249190010	"JAWISZOWICE"	19551128	2.1
249190010	"JAWISZOWICE"	19551202	0
249190010	"JAWISZOWICE"	19551203	1.1
249190010	"JAWISZOWICE"	19551205	1.6
249190010	"JAWISZOWICE"	19551206	6.4
249190010	"JAWISZOWICE"	19551207	2.1
249190010	"JAWISZOWICE"	19551209	2.2
249190010	"JAWISZOWICE"	19551210	0.9
249190010	"JAWISZOWICE"	19551211	3.4
249190010	"JAWISZOWICE"	19551215	0.4
249190010	"JAWISZOWICE"	19551216	3.8
249190010	"JAWISZOWICE"	19551217	1.5
249190010	"JAWISZOWICE"	19551218	4.2
249190010	"JAWISZOWICE"	19551221	0
249190010	"JAWISZOWICE"	19551222	2.3
249190010	"JAWISZOWICE"	19551223	1.4
249190010	"JAWISZOWICE"	19551224	0
249190010	"JAWISZOWICE"	19551225	1.2
249190010	"JAWISZOWICE"	19551226	2.6
249190010	"JAWISZOWICE"	19551227	2.9
249190010	"JAWISZOWICE"	19551228	0
249190010	"JAWISZOWICE"	19551229	6.4
249190010	"JAWISZOWICE"	19560101	1.3
249190010	"JAWISZOWICE"	19560102	3.1
249190010	"JAWISZOWICE"	19560104	1.9
249190010	"JAWISZOWICE"	19560105	0
249190010	"JAWISZOWICE"	19560111	0
249190010	"JAWISZOWICE"	19560112	1
249190010	"JAWISZOWICE"	19560118	0
249190010	"JAWISZOWICE"	19560124	0
249190010	"JAWISZOWICE"	19560125	1.7
249190010	"JAWISZOWICE"	19560128	1.9
249190010	"JAWISZOWICE"	19560129	2.9
249190010	"JAWISZOWICE"	19560130	1.4
249190010	"JAWISZOWICE"	19560203	0.8
249190010	"JAWISZOWICE"	19560205	1.8
249190010	"JAWISZOWICE"	19560206	1.4
249190010	"JAWISZOWICE"	19560208	4.8
249190010	"JAWISZOWICE"	19560211	4.3
249190010	"JAWISZOWICE"	19560214	4.8
249190010	"JAWISZOWICE"	19560218	1.4
249190010	"JAWISZOWICE"	19560220	11.2
249190010	"JAWISZOWICE"	19560221	3.1
249190010	"JAWISZOWICE"	19560228	4.6
249190010	"JAWISZOWICE"	19560229	1.7
249190010	"JAWISZOWICE"	19560301	8.7
249190010	"JAWISZOWICE"	19560302	1.3
249190010	"JAWISZOWICE"	19560303	1
249190010	"JAWISZOWICE"	19560304	4.9
249190010	"JAWISZOWICE"	19560306	0.6
249190010	"JAWISZOWICE"	19560307	6.4
249190010	"JAWISZOWICE"	19560308	1.1
249190010	"JAWISZOWICE"	19560309	5.5
249190010	"JAWISZOWICE"	19560310	3.4
249190010	"JAWISZOWICE"	19560312	1.3
249190010	"JAWISZOWICE"	19560313	0
249190010	"JAWISZOWICE"	19560325	4.2
249190010	"JAWISZOWICE"	19560326	0.9
249190010	"JAWISZOWICE"	19560405	3.5
249190010	"JAWISZOWICE"	19560406	0.2
249190010	"JAWISZOWICE"	19560407	2.3
249190010	"JAWISZOWICE"	19560408	0
249190010	"JAWISZOWICE"	19560409	2.4
249190010	"JAWISZOWICE"	19560410	3.3
249190010	"JAWISZOWICE"	19560413	6.6
249190010	"JAWISZOWICE"	19560415	0.8
249190010	"JAWISZOWICE"	19560417	10.2
249190010	"JAWISZOWICE"	19560418	1.6
249190010	"JAWISZOWICE"	19560420	0.4
249190010	"JAWISZOWICE"	19560423	3.4
249190010	"JAWISZOWICE"	19560424	0
249190010	"JAWISZOWICE"	19560426	6.2
249190010	"JAWISZOWICE"	19560427	1.8
249190010	"JAWISZOWICE"	19560430	23.8
249190010	"JAWISZOWICE"	19560508	1.2
249190010	"JAWISZOWICE"	19560509	0
249190010	"JAWISZOWICE"	19560510	2.6
249190010	"JAWISZOWICE"	19560511	7.3
249190010	"JAWISZOWICE"	19560512	2.3
249190010	"JAWISZOWICE"	19560513	6.2
249190010	"JAWISZOWICE"	19560517	11.5
249190010	"JAWISZOWICE"	19560518	5.2
249190010	"JAWISZOWICE"	19560519	17.2
249190010	"JAWISZOWICE"	19560526	11.2
249190010	"JAWISZOWICE"	19560608	7.9
249190010	"JAWISZOWICE"	19560609	29.3
249190010	"JAWISZOWICE"	19560612	2.9
249190010	"JAWISZOWICE"	19560619	16.5
249190010	"JAWISZOWICE"	19560620	6.6
249190010	"JAWISZOWICE"	19560621	3.7
249190010	"JAWISZOWICE"	19560622	12.2
249190010	"JAWISZOWICE"	19560623	17.6
249190010	"JAWISZOWICE"	19560624	20.4
249190010	"JAWISZOWICE"	19560625	4.8
249190010	"JAWISZOWICE"	19560627	5.2
249190010	"JAWISZOWICE"	19560628	0.2
249190010	"JAWISZOWICE"	19560629	8.2
249190010	"JAWISZOWICE"	19560703	2.6
249190010	"JAWISZOWICE"	19560704	11.2
249190010	"JAWISZOWICE"	19560705	2.2
249190010	"JAWISZOWICE"	19560707	2.7
249190010	"JAWISZOWICE"	19560715	13.1
249190010	"JAWISZOWICE"	19560716	0
249190010	"JAWISZOWICE"	19560719	2.1
249190010	"JAWISZOWICE"	19560720	12.6
249190010	"JAWISZOWICE"	19560721	1.4
249190010	"JAWISZOWICE"	19560723	1.2
249190010	"JAWISZOWICE"	19560724	3
249190010	"JAWISZOWICE"	19560725	0
249190010	"JAWISZOWICE"	19560730	12.6
249190010	"JAWISZOWICE"	19560802	3.1
249190010	"JAWISZOWICE"	19560803	5.4
249190010	"JAWISZOWICE"	19560804	7
249190010	"JAWISZOWICE"	19560805	2.3
249190010	"JAWISZOWICE"	19560807	10.4
249190010	"JAWISZOWICE"	19560811	26.2
249190010	"JAWISZOWICE"	19560814	4.7
249190010	"JAWISZOWICE"	19560816	0
249190010	"JAWISZOWICE"	19560818	18.6
249190010	"JAWISZOWICE"	19560819	2.4
249190010	"JAWISZOWICE"	19560821	18.4
249190010	"JAWISZOWICE"	19560822	4.2
249190010	"JAWISZOWICE"	19560823	4.6
249190010	"JAWISZOWICE"	19560824	1.2
249190010	"JAWISZOWICE"	19560825	0
249190010	"JAWISZOWICE"	19560828	0
249190010	"JAWISZOWICE"	19560829	32.7
249190010	"JAWISZOWICE"	19560830	6
249190010	"JAWISZOWICE"	19560904	2.1
249190010	"JAWISZOWICE"	19560912	15.3
249190010	"JAWISZOWICE"	19560913	4
249190010	"JAWISZOWICE"	19560914	4.7
249190010	"JAWISZOWICE"	19560915	0
249190010	"JAWISZOWICE"	19560916	1.2
249190010	"JAWISZOWICE"	19560917	10.2
249190010	"JAWISZOWICE"	19560927	5.1
249190010	"JAWISZOWICE"	19561004	7.4
249190010	"JAWISZOWICE"	19561005	14.3
249190010	"JAWISZOWICE"	19561006	28.3
249190010	"JAWISZOWICE"	19561014	6.7
249190010	"JAWISZOWICE"	19561018	2.4
249190010	"JAWISZOWICE"	19561019	1.7
249190010	"JAWISZOWICE"	19561024	0
249190010	"JAWISZOWICE"	19561027	0
249190010	"JAWISZOWICE"	19561028	1.2
249190010	"JAWISZOWICE"	19561029	10.1
249190010	"JAWISZOWICE"	19561030	0
249190010	"JAWISZOWICE"	19561103	0
249190010	"JAWISZOWICE"	19561104	0
249190010	"JAWISZOWICE"	19561105	3.4
249190010	"JAWISZOWICE"	19561106	4.3
249190010	"JAWISZOWICE"	19561107	2.3
249190010	"JAWISZOWICE"	19561108	0
249190010	"JAWISZOWICE"	19561114	4.3
249190010	"JAWISZOWICE"	19561115	11.2
249190010	"JAWISZOWICE"	19561116	1.2
249190010	"JAWISZOWICE"	19561117	0.6
249190010	"JAWISZOWICE"	19561125	6.3
249190010	"JAWISZOWICE"	19561126	8.2
249190010	"JAWISZOWICE"	19561127	9.3
249190010	"JAWISZOWICE"	19561201	0
249190010	"JAWISZOWICE"	19561203	2.1
249190010	"JAWISZOWICE"	19561204	16.2
249190010	"JAWISZOWICE"	19561205	5.3
249190010	"JAWISZOWICE"	19561206	1.4
249190010	"JAWISZOWICE"	19561207	0
249190010	"JAWISZOWICE"	19561213	2.6
249190010	"JAWISZOWICE"	19561214	0
249190010	"JAWISZOWICE"	19561222	0
249190010	"JAWISZOWICE"	19561223	4.2
249190010	"JAWISZOWICE"	19561224	6
249190010	"JAWISZOWICE"	19561225	8
249190010	"JAWISZOWICE"	19561226	1.1
249190010	"JAWISZOWICE"	19570105	10
249190010	"JAWISZOWICE"	19570111	3.1
249190010	"JAWISZOWICE"	19570113	4.5
249190010	"JAWISZOWICE"	19570406	4.2
249190010	"JAWISZOWICE"	19570407	23.2
249190010	"JAWISZOWICE"	19570408	0.9
249190010	"JAWISZOWICE"	19570411	5.2
249190010	"JAWISZOWICE"	19570412	7.6
249190010	"JAWISZOWICE"	19570418	3.2
249190010	"JAWISZOWICE"	19570422	5.6
249190010	"JAWISZOWICE"	19570430	6.7
249190010	"JAWISZOWICE"	19570506	1.2
249190010	"JAWISZOWICE"	19570508	1.6
249190010	"JAWISZOWICE"	19570509	6.1
249190010	"JAWISZOWICE"	19570510	4.9
249190010	"JAWISZOWICE"	19570511	6.3
249190010	"JAWISZOWICE"	19570514	1.9
249190010	"JAWISZOWICE"	19570520	52.2
249190010	"JAWISZOWICE"	19570524	3.2
249190010	"JAWISZOWICE"	19570604	1.6
249190010	"JAWISZOWICE"	19570608	18.1
249190010	"JAWISZOWICE"	19570609	7.6
249190010	"JAWISZOWICE"	19570626	0
249190010	"JAWISZOWICE"	19570629	0
249190010	"JAWISZOWICE"	19571101	0.1
249190010	"JAWISZOWICE"	19571102	0.1
249190010	"JAWISZOWICE"	19571103	0
249190010	"JAWISZOWICE"	19571108	1.3
249190010	"JAWISZOWICE"	19571109	1.2
249190010	"JAWISZOWICE"	19571110	0.1
249190010	"JAWISZOWICE"	19571111	1.8
249190010	"JAWISZOWICE"	19571112	0.8
249190010	"JAWISZOWICE"	19571113	0
249190010	"JAWISZOWICE"	19571114	0
249190010	"JAWISZOWICE"	19571115	0.1
249190010	"JAWISZOWICE"	19571117	0
249190010	"JAWISZOWICE"	19571118	0
249190010	"JAWISZOWICE"	19571119	0
249190010	"JAWISZOWICE"	19571125	1.6
249190010	"JAWISZOWICE"	19571126	0.9
249190010	"JAWISZOWICE"	19571127	1.7
249190010	"JAWISZOWICE"	19571128	5.9
249190010	"JAWISZOWICE"	19571129	3.8
249190010	"JAWISZOWICE"	19571201	0
249190010	"JAWISZOWICE"	19571202	0
249190010	"JAWISZOWICE"	19571203	0.1
249190010	"JAWISZOWICE"	19571204	5.2
249190010	"JAWISZOWICE"	19571205	3.2
249190010	"JAWISZOWICE"	19571206	0.1
249190010	"JAWISZOWICE"	19571208	5.8
249190010	"JAWISZOWICE"	19571209	1.6
249190010	"JAWISZOWICE"	19571210	0
249190010	"JAWISZOWICE"	19571212	0
249190010	"JAWISZOWICE"	19571213	3.6
249190010	"JAWISZOWICE"	19571214	5.7
249190010	"JAWISZOWICE"	19571215	0
249190010	"JAWISZOWICE"	19571218	0
249190010	"JAWISZOWICE"	19571219	0
249190010	"JAWISZOWICE"	19571220	0.2
249190010	"JAWISZOWICE"	19571228	0.9
249190010	"JAWISZOWICE"	19571229	0
249190010	"JAWISZOWICE"	19571230	0
249190010	"JAWISZOWICE"	19571231	0.1
249190010	"JAWISZOWICE"	19580101	0.1
249190010	"JAWISZOWICE"	19580102	1.7
249190010	"JAWISZOWICE"	19580103	0.5
249190010	"JAWISZOWICE"	19580105	0.6
249190010	"JAWISZOWICE"	19580106	0.7
249190010	"JAWISZOWICE"	19580107	0.5
249190010	"JAWISZOWICE"	19580108	0
249190010	"JAWISZOWICE"	19580110	0
249190010	"JAWISZOWICE"	19580115	0.1
249190010	"JAWISZOWICE"	19580116	0.6
249190010	"JAWISZOWICE"	19580117	0.5
249190010	"JAWISZOWICE"	19580119	0
249190010	"JAWISZOWICE"	19580120	10
249190010	"JAWISZOWICE"	19580121	4.7
249190010	"JAWISZOWICE"	19580130	0
249190010	"JAWISZOWICE"	19580131	0.4
249190010	"JAWISZOWICE"	19580201	0.1
249190010	"JAWISZOWICE"	19580202	0
249190010	"JAWISZOWICE"	19580203	1.3
249190010	"JAWISZOWICE"	19580204	0.1
249190010	"JAWISZOWICE"	19580205	3.4
249190010	"JAWISZOWICE"	19580206	0.5
249190010	"JAWISZOWICE"	19580207	5.7
249190010	"JAWISZOWICE"	19580208	2.1
249190010	"JAWISZOWICE"	19580211	0
249190010	"JAWISZOWICE"	19580213	0.5
249190010	"JAWISZOWICE"	19580214	0.2
249190010	"JAWISZOWICE"	19580215	7.9
249190010	"JAWISZOWICE"	19580216	3.4
249190010	"JAWISZOWICE"	19580217	2.3
249190010	"JAWISZOWICE"	19580220	1.3
249190010	"JAWISZOWICE"	19580221	0.7
249190010	"JAWISZOWICE"	19580222	10.4
249190010	"JAWISZOWICE"	19580223	4.2
249190010	"JAWISZOWICE"	19580224	7.4
249190010	"JAWISZOWICE"	19580225	0
249190010	"JAWISZOWICE"	19580226	0.4
249190010	"JAWISZOWICE"	19580227	8.4
249190010	"JAWISZOWICE"	19580228	3.9
249190010	"JAWISZOWICE"	19580302	7.7
249190010	"JAWISZOWICE"	19580303	10.1
249190010	"JAWISZOWICE"	19580304	0
249190010	"JAWISZOWICE"	19580306	13.4
249190010	"JAWISZOWICE"	19580307	0
249190010	"JAWISZOWICE"	19580308	6.3
249190010	"JAWISZOWICE"	19580309	1.4
249190010	"JAWISZOWICE"	19580311	1.3
249190010	"JAWISZOWICE"	19580312	31.2
249190010	"JAWISZOWICE"	19580313	4.2
249190010	"JAWISZOWICE"	19580314	3.7
249190010	"JAWISZOWICE"	19580315	3.4
249190010	"JAWISZOWICE"	19580316	4.7
249190010	"JAWISZOWICE"	19580317	3.4
249190010	"JAWISZOWICE"	19580320	8.5
249190010	"JAWISZOWICE"	19580321	7.2
249190010	"JAWISZOWICE"	19580322	2.4
249190010	"JAWISZOWICE"	19580323	3.2
249190010	"JAWISZOWICE"	19580324	0.1
249190010	"JAWISZOWICE"	19580328	1.1
249190010	"JAWISZOWICE"	19580329	0
249190010	"JAWISZOWICE"	19580330	1
249190010	"JAWISZOWICE"	19580331	0.9
249190010	"JAWISZOWICE"	19580401	0.7
249190010	"JAWISZOWICE"	19580402	0
249190010	"JAWISZOWICE"	19580404	2.3
249190010	"JAWISZOWICE"	19580405	1.8
249190010	"JAWISZOWICE"	19580406	0.6
249190010	"JAWISZOWICE"	19580407	0.8
249190010	"JAWISZOWICE"	19580408	0.8
249190010	"JAWISZOWICE"	19580409	1.2
249190010	"JAWISZOWICE"	19580410	0.5
249190010	"JAWISZOWICE"	19580411	1.1
249190010	"JAWISZOWICE"	19580412	0
249190010	"JAWISZOWICE"	19580416	2.3
249190010	"JAWISZOWICE"	19580417	24.2
249190010	"JAWISZOWICE"	19580418	1.6
249190010	"JAWISZOWICE"	19580419	4.3
249190010	"JAWISZOWICE"	19580420	0.9
249190010	"JAWISZOWICE"	19580421	11.8
249190010	"JAWISZOWICE"	19580422	8.7
249190010	"JAWISZOWICE"	19580423	3.2
249190010	"JAWISZOWICE"	19580424	0
249190010	"JAWISZOWICE"	19580427	1.2
249190010	"JAWISZOWICE"	19580502	0.2
249190010	"JAWISZOWICE"	19580503	4.1
249190010	"JAWISZOWICE"	19580504	0
249190010	"JAWISZOWICE"	19580506	1.1
249190010	"JAWISZOWICE"	19580507	5.2
249190010	"JAWISZOWICE"	19580508	3.2
249190010	"JAWISZOWICE"	19580509	0.8
249190010	"JAWISZOWICE"	19580510	0.6
249190010	"JAWISZOWICE"	19580516	0
249190010	"JAWISZOWICE"	19580517	0
249190010	"JAWISZOWICE"	19580519	0
249190010	"JAWISZOWICE"	19580523	7.8
249190010	"JAWISZOWICE"	19580528	16.7
249190010	"JAWISZOWICE"	19580529	0.2
249190010	"JAWISZOWICE"	19580531	6.3
249190010	"JAWISZOWICE"	19580601	0.2
249190010	"JAWISZOWICE"	19580604	1.7
249190010	"JAWISZOWICE"	19580605	1
249190010	"JAWISZOWICE"	19580609	3
249190010	"JAWISZOWICE"	19580611	1.8
249190010	"JAWISZOWICE"	19580612	0
249190010	"JAWISZOWICE"	19580613	0
249190010	"JAWISZOWICE"	19580618	0
249190010	"JAWISZOWICE"	19580619	0.1
249190010	"JAWISZOWICE"	19580620	3.7
249190010	"JAWISZOWICE"	19580621	3.8
249190010	"JAWISZOWICE"	19580622	4.6
249190010	"JAWISZOWICE"	19580623	4.1
249190010	"JAWISZOWICE"	19580624	10.3
249190010	"JAWISZOWICE"	19580625	0.7
249190010	"JAWISZOWICE"	19580626	2.1
249190010	"JAWISZOWICE"	19580627	12.3
249190010	"JAWISZOWICE"	19580628	36.2
249190010	"JAWISZOWICE"	19580629	28.8
249190010	"JAWISZOWICE"	19580630	5.6
249190010	"JAWISZOWICE"	19580702	0.1
249190010	"JAWISZOWICE"	19580703	17.4
249190010	"JAWISZOWICE"	19580704	8.4
249190010	"JAWISZOWICE"	19580705	16.7
249190010	"JAWISZOWICE"	19580706	1.2
249190010	"JAWISZOWICE"	19580708	3.6
249190010	"JAWISZOWICE"	19580714	0.7
249190010	"JAWISZOWICE"	19580717	1.2
249190010	"JAWISZOWICE"	19580721	0.3
249190010	"JAWISZOWICE"	19580722	1.2
249190010	"JAWISZOWICE"	19580723	20.3
249190010	"JAWISZOWICE"	19580724	2.7
249190010	"JAWISZOWICE"	19580727	2.3
249190010	"JAWISZOWICE"	19580802	14.6
249190010	"JAWISZOWICE"	19580803	2.1
249190010	"JAWISZOWICE"	19580804	1.3
249190010	"JAWISZOWICE"	19580807	9.8
249190010	"JAWISZOWICE"	19580808	16.9
249190010	"JAWISZOWICE"	19580812	6.9
249190010	"JAWISZOWICE"	19580813	7.6
249190010	"JAWISZOWICE"	19580814	0.7
249190010	"JAWISZOWICE"	19580815	2.4
249190010	"JAWISZOWICE"	19580816	3
249190010	"JAWISZOWICE"	19580817	0
249190010	"JAWISZOWICE"	19580818	14.7
249190010	"JAWISZOWICE"	19580820	12.4
249190010	"JAWISZOWICE"	19580821	2.6
249190010	"JAWISZOWICE"	19580822	9.2
249190010	"JAWISZOWICE"	19580823	1.3
249190010	"JAWISZOWICE"	19580824	1.8
249190010	"JAWISZOWICE"	19580825	1.7
249190010	"JAWISZOWICE"	19580826	1.6
249190010	"JAWISZOWICE"	19580827	2.4
249190010	"JAWISZOWICE"	19580830	0.7
249190010	"JAWISZOWICE"	19580909	6.3
249190010	"JAWISZOWICE"	19580910	5.6
249190010	"JAWISZOWICE"	19580911	6.1
249190010	"JAWISZOWICE"	19580912	1.2
249190010	"JAWISZOWICE"	19580916	5.6
249190010	"JAWISZOWICE"	19580917	0.1
249190010	"JAWISZOWICE"	19580918	5.6
249190010	"JAWISZOWICE"	19580921	12.6
249190010	"JAWISZOWICE"	19580922	11.7
249190010	"JAWISZOWICE"	19580923	2.4
249190010	"JAWISZOWICE"	19580924	0.5
249190010	"JAWISZOWICE"	19580925	0.4
249190010	"JAWISZOWICE"	19580926	3.1
249190010	"JAWISZOWICE"	19580927	5.6
249190010	"JAWISZOWICE"	19581001	1.3
249190010	"JAWISZOWICE"	19581002	18.4
249190010	"JAWISZOWICE"	19581003	5.6
249190010	"JAWISZOWICE"	19581004	0.3
249190010	"JAWISZOWICE"	19581006	2.1
249190010	"JAWISZOWICE"	19581007	12.3
249190010	"JAWISZOWICE"	19581012	3.2
249190010	"JAWISZOWICE"	19581013	25.1
249190010	"JAWISZOWICE"	19581014	5.7
249190010	"JAWISZOWICE"	19581015	8.2
249190010	"JAWISZOWICE"	19581016	2.4
249190010	"JAWISZOWICE"	19581017	2.1
249190010	"JAWISZOWICE"	19581018	3.1
249190010	"JAWISZOWICE"	19581019	0
249190010	"JAWISZOWICE"	19581021	0.4
249190010	"JAWISZOWICE"	19581023	0.1
249190010	"JAWISZOWICE"	19581024	0
249190010	"JAWISZOWICE"	19581025	0.2
249190010	"JAWISZOWICE"	19581101	7.1
249190010	"JAWISZOWICE"	19581102	0
249190010	"JAWISZOWICE"	19581104	2.3
249190010	"JAWISZOWICE"	19581107	0
249190010	"JAWISZOWICE"	19581108	0.3
249190010	"JAWISZOWICE"	19581109	2.7
249190010	"JAWISZOWICE"	19581110	7.1
249190010	"JAWISZOWICE"	19581112	0
249190010	"JAWISZOWICE"	19581114	0.3
249190010	"JAWISZOWICE"	19581115	12.6
249190010	"JAWISZOWICE"	19581116	1.4
249190010	"JAWISZOWICE"	19581117	0.2
249190010	"JAWISZOWICE"	19581123	0
249190010	"JAWISZOWICE"	19581125	0
249190010	"JAWISZOWICE"	19581126	0
249190010	"JAWISZOWICE"	19581127	0
249190010	"JAWISZOWICE"	19581130	0
249190010	"JAWISZOWICE"	19581201	0.7
249190010	"JAWISZOWICE"	19581202	5.9
249190010	"JAWISZOWICE"	19581205	0.4
249190010	"JAWISZOWICE"	19581206	3.1
249190010	"JAWISZOWICE"	19581214	4.8
249190010	"JAWISZOWICE"	19581223	1.7
249190010	"JAWISZOWICE"	19581224	6.7
249190010	"JAWISZOWICE"	19581225	17.6
249190010	"JAWISZOWICE"	19581226	1.4
249190010	"JAWISZOWICE"	19581227	1.3
249190010	"JAWISZOWICE"	19581228	1.4
249190010	"JAWISZOWICE"	19581229	0.8
249190010	"JAWISZOWICE"	19581230	3.4
249190010	"JAWISZOWICE"	19590105	2.1
249190010	"JAWISZOWICE"	19590107	1.4
249190010	"JAWISZOWICE"	19590108	1.9
249190010	"JAWISZOWICE"	19590109	18.7
249190010	"JAWISZOWICE"	19590110	0
249190010	"JAWISZOWICE"	19590113	2.6
249190010	"JAWISZOWICE"	19590115	0
249190010	"JAWISZOWICE"	19590117	0.6
249190010	"JAWISZOWICE"	19590118	0
249190010	"JAWISZOWICE"	19590123	2.3
249190010	"JAWISZOWICE"	19590124	8.7
249190010	"JAWISZOWICE"	19590125	7.9
249190010	"JAWISZOWICE"	19590126	2.4
249190010	"JAWISZOWICE"	19590127	1.7
249190010	"JAWISZOWICE"	19590128	1.3
249190010	"JAWISZOWICE"	19590129	3.7
249190010	"JAWISZOWICE"	19590130	1.3
249190010	"JAWISZOWICE"	19590131	0
249190010	"JAWISZOWICE"	19590201	5.3
249190010	"JAWISZOWICE"	19590202	0.8
249190010	"JAWISZOWICE"	19590215	1
249190010	"JAWISZOWICE"	19590216	0
249190010	"JAWISZOWICE"	19590217	1.3
249190010	"JAWISZOWICE"	19590218	0.7
249190010	"JAWISZOWICE"	19590219	0
249190010	"JAWISZOWICE"	19590220	0
249190010	"JAWISZOWICE"	19590221	0.7
249190010	"JAWISZOWICE"	19590222	0.4
249190010	"JAWISZOWICE"	19590223	0.6
249190010	"JAWISZOWICE"	19590224	1.7
249190010	"JAWISZOWICE"	19590307	4.4
249190010	"JAWISZOWICE"	19590308	24.6
249190010	"JAWISZOWICE"	19590314	0
249190010	"JAWISZOWICE"	19590315	0
249190010	"JAWISZOWICE"	19590316	0
249190010	"JAWISZOWICE"	19590319	0
249190010	"JAWISZOWICE"	19590324	4.2
249190010	"JAWISZOWICE"	19590326	1.3
249190010	"JAWISZOWICE"	19590327	0
249190010	"JAWISZOWICE"	19590329	0
249190010	"JAWISZOWICE"	19590405	9.4
249190010	"JAWISZOWICE"	19590406	2.3
249190010	"JAWISZOWICE"	19590407	3.2
249190010	"JAWISZOWICE"	19590410	0
249190010	"JAWISZOWICE"	19590411	15.2
249190010	"JAWISZOWICE"	19590412	1.3
249190010	"JAWISZOWICE"	19590413	0.7
249190010	"JAWISZOWICE"	19590417	0
249190010	"JAWISZOWICE"	19590418	9.1
249190010	"JAWISZOWICE"	19590419	5.4
249190010	"JAWISZOWICE"	19590420	1.4
249190010	"JAWISZOWICE"	19590423	4.3
249190010	"JAWISZOWICE"	19590424	0
249190010	"JAWISZOWICE"	19590429	0
249190010	"JAWISZOWICE"	19590430	0
249190010	"JAWISZOWICE"	19590501	11.2
249190010	"JAWISZOWICE"	19590502	2.2
249190010	"JAWISZOWICE"	19590503	1.4
249190010	"JAWISZOWICE"	19590506	3.6
249190010	"JAWISZOWICE"	19590507	3.5
249190010	"JAWISZOWICE"	19590512	1.4
249190010	"JAWISZOWICE"	19590513	2.7
249190010	"JAWISZOWICE"	19590514	0.8
249190010	"JAWISZOWICE"	19590515	2
249190010	"JAWISZOWICE"	19590517	16.7
249190010	"JAWISZOWICE"	19590518	1.6
249190010	"JAWISZOWICE"	19590520	0.3
249190010	"JAWISZOWICE"	19590528	0
249190010	"JAWISZOWICE"	19590530	0.1
249190010	"JAWISZOWICE"	19590531	35.2
249190010	"JAWISZOWICE"	19590601	11.4
249190010	"JAWISZOWICE"	19590602	0.3
249190010	"JAWISZOWICE"	19590603	6.4
249190010	"JAWISZOWICE"	19590604	4.7
249190010	"JAWISZOWICE"	19590607	0
249190010	"JAWISZOWICE"	19590610	16.6
249190010	"JAWISZOWICE"	19590611	18.7
249190010	"JAWISZOWICE"	19590612	1.7
249190010	"JAWISZOWICE"	19590613	1.4
249190010	"JAWISZOWICE"	19590614	1.8
249190010	"JAWISZOWICE"	19590615	2.1
249190010	"JAWISZOWICE"	19590624	0
249190010	"JAWISZOWICE"	19590625	2.5
249190010	"JAWISZOWICE"	19590628	4.6
249190010	"JAWISZOWICE"	19590629	28.6
249190010	"JAWISZOWICE"	19590630	43.2
249190010	"JAWISZOWICE"	19590701	20.1
249190010	"JAWISZOWICE"	19590702	0
249190010	"JAWISZOWICE"	19590703	5.1
249190010	"JAWISZOWICE"	19590704	2.7
249190010	"JAWISZOWICE"	19590707	8.1
249190010	"JAWISZOWICE"	19590716	10.4
249190010	"JAWISZOWICE"	19590717	5.2
249190010	"JAWISZOWICE"	19590718	21.4
249190010	"JAWISZOWICE"	19590719	5.4
249190010	"JAWISZOWICE"	19590721	6.5
249190010	"JAWISZOWICE"	19590722	5.6
249190010	"JAWISZOWICE"	19590724	5.9
249190010	"JAWISZOWICE"	19590727	3.1
249190010	"JAWISZOWICE"	19590729	29.4
249190010	"JAWISZOWICE"	19590730	14.5
249190010	"JAWISZOWICE"	19590731	6.4
249190010	"JAWISZOWICE"	19590801	16.9
249190010	"JAWISZOWICE"	19590802	4.6
249190010	"JAWISZOWICE"	19590805	1.4
249190010	"JAWISZOWICE"	19590810	0.4
249190010	"JAWISZOWICE"	19590811	0
249190010	"JAWISZOWICE"	19590813	21.1
249190010	"JAWISZOWICE"	19590814	2.3
249190010	"JAWISZOWICE"	19590816	25.6
249190010	"JAWISZOWICE"	19590817	4.5
249190010	"JAWISZOWICE"	19590818	0
249190010	"JAWISZOWICE"	19590819	0.1
249190010	"JAWISZOWICE"	19590829	3
249190010	"JAWISZOWICE"	19590909	0
249190010	"JAWISZOWICE"	19590913	5.3
249190010	"JAWISZOWICE"	19590922	0
249190010	"JAWISZOWICE"	19590923	0
249190010	"JAWISZOWICE"	19590924	2.1
249190010	"JAWISZOWICE"	19590928	0.1
249190010	"JAWISZOWICE"	19591013	0
249190010	"JAWISZOWICE"	19591022	0.1
249190010	"JAWISZOWICE"	19591023	3.4
249190010	"JAWISZOWICE"	19591024	3.1
249190010	"JAWISZOWICE"	19591029	0
249190010	"JAWISZOWICE"	19591030	0.8
249190010	"JAWISZOWICE"	19591104	0.1
249190010	"JAWISZOWICE"	19591105	0.8
249190010	"JAWISZOWICE"	19591106	4.7
249190010	"JAWISZOWICE"	19591107	15.3
249190010	"JAWISZOWICE"	19591108	16.9
249190010	"JAWISZOWICE"	19591109	6.4
249190010	"JAWISZOWICE"	19591113	0.1
249190010	"JAWISZOWICE"	19591115	0.3
249190010	"JAWISZOWICE"	19591116	5.3
249190010	"JAWISZOWICE"	19591117	4.2
249190010	"JAWISZOWICE"	19591204	5.2
249190010	"JAWISZOWICE"	19591205	11.2
249190010	"JAWISZOWICE"	19591206	2.6
249190010	"JAWISZOWICE"	19591207	0
249190010	"JAWISZOWICE"	19591212	0.1
249190010	"JAWISZOWICE"	19591213	21.2
249190010	"JAWISZOWICE"	19591214	5.6
249190010	"JAWISZOWICE"	19591215	0.1
249190010	"JAWISZOWICE"	19591218	6.7
249190010	"JAWISZOWICE"	19591221	4.2
249190010	"JAWISZOWICE"	19591222	1.3
249190010	"JAWISZOWICE"	19591223	0
249190010	"JAWISZOWICE"	19591224	18.3
249190010	"JAWISZOWICE"	19591225	5.4
249190010	"JAWISZOWICE"	19591227	2.4
249190010	"JAWISZOWICE"	19591228	6.5
249190010	"JAWISZOWICE"	19591229	1.8
249190010	"JAWISZOWICE"	19591230	2.9
249190010	"JAWISZOWICE"	19591231	0.4
249190010	"JAWISZOWICE"	19600103	1.9
249190010	"JAWISZOWICE"	19600104	1.4
249190010	"JAWISZOWICE"	19600105	3.4
249190010	"JAWISZOWICE"	19600106	2.6
249190010	"JAWISZOWICE"	19600107	2.4
249190010	"JAWISZOWICE"	19600108	1.4
249190010	"JAWISZOWICE"	19600109	3.7
249190010	"JAWISZOWICE"	19600110	0
249190010	"JAWISZOWICE"	19600112	13.4
249190010	"JAWISZOWICE"	19600113	3.5
249190010	"JAWISZOWICE"	19600114	3.7
249190010	"JAWISZOWICE"	19600120	2.9
249190010	"JAWISZOWICE"	19600121	1.4
249190010	"JAWISZOWICE"	19600128	1.6
249190010	"JAWISZOWICE"	19600129	5.2
249190010	"JAWISZOWICE"	19600130	1.1
249190010	"JAWISZOWICE"	19600131	0
249190010	"JAWISZOWICE"	19600212	1.9
249190010	"JAWISZOWICE"	19600213	11.4
249190010	"JAWISZOWICE"	19600218	3.1
249190010	"JAWISZOWICE"	19600219	1.2
249190010	"JAWISZOWICE"	19600223	4.3
249190010	"JAWISZOWICE"	19600224	2.6
249190010	"JAWISZOWICE"	19600227	1.3
249190010	"JAWISZOWICE"	19600228	0
249190010	"JAWISZOWICE"	19600301	2.4
249190010	"JAWISZOWICE"	19600302	0.3
249190010	"JAWISZOWICE"	19600303	1.2
249190010	"JAWISZOWICE"	19600307	0
249190010	"JAWISZOWICE"	19600315	2.1
249190010	"JAWISZOWICE"	19600316	4.8
249190010	"JAWISZOWICE"	19600317	7.4
249190010	"JAWISZOWICE"	19600318	16.7
249190010	"JAWISZOWICE"	19600319	3.6
249190010	"JAWISZOWICE"	19600404	1.3
249190010	"JAWISZOWICE"	19600407	8.3
249190010	"JAWISZOWICE"	19600408	5.2
249190010	"JAWISZOWICE"	19600412	0
249190010	"JAWISZOWICE"	19600414	8.1
249190010	"JAWISZOWICE"	19600415	0.7
249190010	"JAWISZOWICE"	19600416	2.1
249190010	"JAWISZOWICE"	19600417	0.1
249190010	"JAWISZOWICE"	19600421	0
249190010	"JAWISZOWICE"	19600422	1.8
249190010	"JAWISZOWICE"	19600423	1.6
249190010	"JAWISZOWICE"	19600424	4.8
249190010	"JAWISZOWICE"	19600425	5.4
249190010	"JAWISZOWICE"	19600426	0.7
249190010	"JAWISZOWICE"	19600427	0.5
249190010	"JAWISZOWICE"	19600428	8.7
249190010	"JAWISZOWICE"	19600429	4.1
249190010	"JAWISZOWICE"	19600501	1.6
249190010	"JAWISZOWICE"	19600502	0.4
249190010	"JAWISZOWICE"	19600513	0.3
249190010	"JAWISZOWICE"	19600517	12.6
249190010	"JAWISZOWICE"	19600519	14.7
249190010	"JAWISZOWICE"	19600520	14.8
249190010	"JAWISZOWICE"	19600521	0
249190010	"JAWISZOWICE"	19600522	11.8
249190010	"JAWISZOWICE"	19600523	23.3
249190010	"JAWISZOWICE"	19600524	2.6
249190010	"JAWISZOWICE"	19600525	3.4
249190010	"JAWISZOWICE"	19600526	6.1
249190010	"JAWISZOWICE"	19600529	3.9
249190010	"JAWISZOWICE"	19600530	1.2
249190010	"JAWISZOWICE"	19600531	0.4
249190010	"JAWISZOWICE"	19600603	7.6
249190010	"JAWISZOWICE"	19600604	4.5
249190010	"JAWISZOWICE"	19600605	2.4
249190010	"JAWISZOWICE"	19600609	4.3
249190010	"JAWISZOWICE"	19600610	4.1
249190010	"JAWISZOWICE"	19600611	5.3
249190010	"JAWISZOWICE"	19600614	13.8
249190010	"JAWISZOWICE"	19600615	8.9
249190010	"JAWISZOWICE"	19600617	2.5
249190010	"JAWISZOWICE"	19600619	1.7
249190010	"JAWISZOWICE"	19600620	3.9
249190010	"JAWISZOWICE"	19600621	5.9
249190010	"JAWISZOWICE"	19600622	0.7
249190010	"JAWISZOWICE"	19600625	3.5
249190010	"JAWISZOWICE"	19600626	1.3
249190010	"JAWISZOWICE"	19600627	13.1
249190010	"JAWISZOWICE"	19600628	1.3
249190010	"JAWISZOWICE"	19600629	7.2
249190010	"JAWISZOWICE"	19600701	4.2
249190010	"JAWISZOWICE"	19600702	1.8
249190010	"JAWISZOWICE"	19600703	1.3
249190010	"JAWISZOWICE"	19600704	2.9
249190010	"JAWISZOWICE"	19600705	0.7
249190010	"JAWISZOWICE"	19600706	2.7
249190010	"JAWISZOWICE"	19600707	6.3
249190010	"JAWISZOWICE"	19600708	11.6
249190010	"JAWISZOWICE"	19600709	24.4
249190010	"JAWISZOWICE"	19600711	0
249190010	"JAWISZOWICE"	19600712	21.3
249190010	"JAWISZOWICE"	19600713	54.7
249190010	"JAWISZOWICE"	19600715	0
249190010	"JAWISZOWICE"	19600716	1.3
249190010	"JAWISZOWICE"	19600717	2.3
249190010	"JAWISZOWICE"	19600718	0
249190010	"JAWISZOWICE"	19600720	27.1
249190010	"JAWISZOWICE"	19600721	7.8
249190010	"JAWISZOWICE"	19600722	10.4
249190010	"JAWISZOWICE"	19600723	21.1
249190010	"JAWISZOWICE"	19600724	14
249190010	"JAWISZOWICE"	19600725	25.5
249190010	"JAWISZOWICE"	19600726	1.7
249190010	"JAWISZOWICE"	19600727	22.6
249190010	"JAWISZOWICE"	19600802	2.8
249190010	"JAWISZOWICE"	19600805	2.7
249190010	"JAWISZOWICE"	19600806	2.1
249190010	"JAWISZOWICE"	19600808	11.2
249190010	"JAWISZOWICE"	19600809	6.9
249190010	"JAWISZOWICE"	19600812	0.4
249190010	"JAWISZOWICE"	19600813	7.3
249190010	"JAWISZOWICE"	19600815	1.6
249190010	"JAWISZOWICE"	19600816	0.7
249190010	"JAWISZOWICE"	19600817	1.9
249190010	"JAWISZOWICE"	19600818	0
249190010	"JAWISZOWICE"	19600819	5.1
249190010	"JAWISZOWICE"	19600820	1
249190010	"JAWISZOWICE"	19600821	0.7
249190010	"JAWISZOWICE"	19600824	5.6
249190010	"JAWISZOWICE"	19600828	0.2
249190010	"JAWISZOWICE"	19600829	19.8
249190010	"JAWISZOWICE"	19600830	5.7
249190010	"JAWISZOWICE"	19600831	5.3
249190010	"JAWISZOWICE"	19600901	3.6
249190010	"JAWISZOWICE"	19600904	2.4
249190010	"JAWISZOWICE"	19600905	24.8
249190010	"JAWISZOWICE"	19600906	11.4
249190010	"JAWISZOWICE"	19600907	6.4
249190010	"JAWISZOWICE"	19600908	6.1
249190010	"JAWISZOWICE"	19600921	6.1
249190010	"JAWISZOWICE"	19600922	0.1
249190010	"JAWISZOWICE"	19600926	10.2
249190010	"JAWISZOWICE"	19600927	3.2
249190010	"JAWISZOWICE"	19600928	1.7
249190010	"JAWISZOWICE"	19601001	16.7
249190010	"JAWISZOWICE"	19601002	0.3
249190010	"JAWISZOWICE"	19601005	0
249190010	"JAWISZOWICE"	19601007	6.2
249190010	"JAWISZOWICE"	19601008	2.5
249190010	"JAWISZOWICE"	19601009	0.3
249190010	"JAWISZOWICE"	19601010	0.6
249190010	"JAWISZOWICE"	19601015	10
249190010	"JAWISZOWICE"	19601016	2.7
249190010	"JAWISZOWICE"	19601017	4.2
249190010	"JAWISZOWICE"	19601018	2.1
249190010	"JAWISZOWICE"	19601021	6.7
249190010	"JAWISZOWICE"	19601022	0.1
249190010	"JAWISZOWICE"	19601025	0.1
249190010	"JAWISZOWICE"	19601026	0.2
249190010	"JAWISZOWICE"	19601031	0.2
249190010	"JAWISZOWICE"	19601101	1.3
249190010	"JAWISZOWICE"	19601102	5.6
249190010	"JAWISZOWICE"	19601105	5.7
249190010	"JAWISZOWICE"	19601113	2.8
249190010	"JAWISZOWICE"	19601114	0.1
249190010	"JAWISZOWICE"	19601116	5.7
249190010	"JAWISZOWICE"	19601118	0.8
249190010	"JAWISZOWICE"	19601119	11.2
249190010	"JAWISZOWICE"	19601120	1.4
249190010	"JAWISZOWICE"	19601125	1.3
249190010	"JAWISZOWICE"	19601126	0.1
249190010	"JAWISZOWICE"	19601127	2.3
249190010	"JAWISZOWICE"	19601128	1.8
249190010	"JAWISZOWICE"	19601129	0.9
249190010	"JAWISZOWICE"	19601130	0.7
249190010	"JAWISZOWICE"	19601203	1.1
249190010	"JAWISZOWICE"	19601204	0.9
249190010	"JAWISZOWICE"	19601208	5.9
249190010	"JAWISZOWICE"	19601209	1.6
249190010	"JAWISZOWICE"	19601211	31.2
249190010	"JAWISZOWICE"	19601212	8.6
249190010	"JAWISZOWICE"	19601213	5.1
249190010	"JAWISZOWICE"	19601214	1.6
249190010	"JAWISZOWICE"	19601215	1.7
249190010	"JAWISZOWICE"	19601219	11.2
249190010	"JAWISZOWICE"	19601229	1.3
249190010	"JAWISZOWICE"	19601230	2.1
