"V1"	"V2"	"V3"	"V4"
249180130	"CIESZYN"	19501101	2.1
249180130	"CIESZYN"	19501105	2.1
249180130	"CIESZYN"	19501107	2.9
249180130	"CIESZYN"	19501108	0.5
249180130	"CIESZYN"	19501111	0.6
249180130	"CIESZYN"	19501114	12.6
249180130	"CIESZYN"	19501115	12.3
249180130	"CIESZYN"	19501116	0.6
249180130	"CIESZYN"	19501117	0.4
249180130	"CIESZYN"	19501120	0.3
249180130	"CIESZYN"	19501125	0.7
249180130	"CIESZYN"	19501126	0.2
249180130	"CIESZYN"	19501128	4.6
249180130	"CIESZYN"	19501129	0.4
249180130	"CIESZYN"	19501203	8.7
249180130	"CIESZYN"	19501204	0.2
249180130	"CIESZYN"	19501205	0.3
249180130	"CIESZYN"	19501206	0
249180130	"CIESZYN"	19501207	0.4
249180130	"CIESZYN"	19501209	1.3
249180130	"CIESZYN"	19501210	9.3
249180130	"CIESZYN"	19501212	6.4
249180130	"CIESZYN"	19501213	0.5
249180130	"CIESZYN"	19501217	10
249180130	"CIESZYN"	19501218	4.6
249180130	"CIESZYN"	19501219	10.4
249180130	"CIESZYN"	19501220	8
249180130	"CIESZYN"	19501224	0.3
249180130	"CIESZYN"	19501225	5.5
249180130	"CIESZYN"	19501226	0.3
249180130	"CIESZYN"	19501230	0.3
249180130	"CIESZYN"	19510103	0.6
249180130	"CIESZYN"	19510105	5.6
249180130	"CIESZYN"	19510106	0.2
249180130	"CIESZYN"	19510107	1.2
249180130	"CIESZYN"	19510108	0.6
249180130	"CIESZYN"	19510113	7.1
249180130	"CIESZYN"	19510114	0.2
249180130	"CIESZYN"	19510115	3.5
249180130	"CIESZYN"	19510117	0.5
249180130	"CIESZYN"	19510118	1.8
249180130	"CIESZYN"	19510119	12.2
249180130	"CIESZYN"	19510120	6.7
249180130	"CIESZYN"	19510121	0.6
249180130	"CIESZYN"	19510122	0.2
249180130	"CIESZYN"	19510123	1.2
249180130	"CIESZYN"	19510125	0.5
249180130	"CIESZYN"	19510214	6.5
249180130	"CIESZYN"	19510219	0.9
249180130	"CIESZYN"	19510221	1.1
249180130	"CIESZYN"	19510225	6.1
249180130	"CIESZYN"	19510226	16.9
249180130	"CIESZYN"	19510227	1.9
249180130	"CIESZYN"	19510228	2.1
249180130	"CIESZYN"	19510303	3.3
249180130	"CIESZYN"	19510304	0.7
249180130	"CIESZYN"	19510305	1.7
249180130	"CIESZYN"	19510306	2.3
249180130	"CIESZYN"	19510307	2.6
249180130	"CIESZYN"	19510308	6.4
249180130	"CIESZYN"	19510309	1.3
249180130	"CIESZYN"	19510310	0.4
249180130	"CIESZYN"	19510312	0.3
249180130	"CIESZYN"	19510314	1.3
249180130	"CIESZYN"	19510317	8
249180130	"CIESZYN"	19510318	6
249180130	"CIESZYN"	19510319	2
249180130	"CIESZYN"	19510320	1.2
249180130	"CIESZYN"	19510321	0.1
249180130	"CIESZYN"	19510323	8.2
249180130	"CIESZYN"	19510324	3.5
249180130	"CIESZYN"	19510325	2.1
249180130	"CIESZYN"	19510327	2.6
249180130	"CIESZYN"	19510328	0.8
249180130	"CIESZYN"	19510329	2.8
249180130	"CIESZYN"	19510330	1.3
249180130	"CIESZYN"	19510331	14.3
249180130	"CIESZYN"	19510401	28.7
249180130	"CIESZYN"	19510408	10.5
249180130	"CIESZYN"	19510409	7.1
249180130	"CIESZYN"	19510414	3.7
249180130	"CIESZYN"	19510419	5.6
249180130	"CIESZYN"	19510421	13.5
249180130	"CIESZYN"	19510422	0.2
249180130	"CIESZYN"	19510428	1.6
249180130	"CIESZYN"	19510502	5.6
249180130	"CIESZYN"	19510503	4.9
249180130	"CIESZYN"	19510504	9.3
249180130	"CIESZYN"	19510505	7.4
249180130	"CIESZYN"	19510506	17.3
249180130	"CIESZYN"	19510508	3.6
249180130	"CIESZYN"	19510509	2.6
249180130	"CIESZYN"	19510510	45.1
249180130	"CIESZYN"	19510511	47.8
249180130	"CIESZYN"	19510514	7.2
249180130	"CIESZYN"	19510515	1.7
249180130	"CIESZYN"	19510516	16.2
249180130	"CIESZYN"	19510518	13.2
249180130	"CIESZYN"	19510520	1.2
249180130	"CIESZYN"	19510521	2.3
249180130	"CIESZYN"	19510522	7.3
249180130	"CIESZYN"	19510523	2.6
249180130	"CIESZYN"	19510529	7.9
249180130	"CIESZYN"	19510530	0.6
249180130	"CIESZYN"	19510531	1.2
249180130	"CIESZYN"	19510603	1.2
249180130	"CIESZYN"	19510604	4.5
249180130	"CIESZYN"	19510605	3.2
249180130	"CIESZYN"	19510606	1.5
249180130	"CIESZYN"	19510607	17.1
249180130	"CIESZYN"	19510608	3.1
249180130	"CIESZYN"	19510609	2.9
249180130	"CIESZYN"	19510610	3.2
249180130	"CIESZYN"	19510611	0.2
249180130	"CIESZYN"	19510613	4.8
249180130	"CIESZYN"	19510618	5.4
249180130	"CIESZYN"	19510619	1.8
249180130	"CIESZYN"	19510624	18.8
249180130	"CIESZYN"	19510625	4.2
249180130	"CIESZYN"	19510628	0.6
249180130	"CIESZYN"	19510629	1.4
249180130	"CIESZYN"	19510703	3.4
249180130	"CIESZYN"	19510705	2.6
249180130	"CIESZYN"	19510709	1.4
249180130	"CIESZYN"	19510712	25.9
249180130	"CIESZYN"	19510713	18.1
249180130	"CIESZYN"	19510715	2.8
249180130	"CIESZYN"	19510716	2.9
249180130	"CIESZYN"	19510720	0.3
249180130	"CIESZYN"	19510721	0
249180130	"CIESZYN"	19510723	2.1
249180130	"CIESZYN"	19510724	7.4
249180130	"CIESZYN"	19510725	3.8
249180130	"CIESZYN"	19510726	3.6
249180130	"CIESZYN"	19510727	10.5
249180130	"CIESZYN"	19510730	0
249180130	"CIESZYN"	19510805	10.6
249180130	"CIESZYN"	19510809	9.9
249180130	"CIESZYN"	19510811	8
249180130	"CIESZYN"	19510814	3.9
249180130	"CIESZYN"	19510816	0
249180130	"CIESZYN"	19510817	3.9
249180130	"CIESZYN"	19510822	1.7
249180130	"CIESZYN"	19510823	7.9
249180130	"CIESZYN"	19510824	1.6
249180130	"CIESZYN"	19510827	1.1
249180130	"CIESZYN"	19510915	0.2
249180130	"CIESZYN"	19510917	0.6
249180130	"CIESZYN"	19510919	4.6
249180130	"CIESZYN"	19510920	4.4
249180130	"CIESZYN"	19510921	1.5
249180130	"CIESZYN"	19510922	0
249180130	"CIESZYN"	19510924	1.6
249180130	"CIESZYN"	19510927	12.8
249180130	"CIESZYN"	19510928	6.1
249180130	"CIESZYN"	19510929	0.7
249180130	"CIESZYN"	19511002	0
249180130	"CIESZYN"	19511003	0
249180130	"CIESZYN"	19511023	0
249180130	"CIESZYN"	19511025	0
249180130	"CIESZYN"	19511101	0.2
249180130	"CIESZYN"	19511102	4.4
249180130	"CIESZYN"	19511103	4.2
249180130	"CIESZYN"	19511104	1.3
249180130	"CIESZYN"	19511106	0
249180130	"CIESZYN"	19511109	0.7
249180130	"CIESZYN"	19511115	5.8
249180130	"CIESZYN"	19511121	3.7
249180130	"CIESZYN"	19511122	17.9
249180130	"CIESZYN"	19511123	8.8
249180130	"CIESZYN"	19511124	3
249180130	"CIESZYN"	19511125	5.5
249180130	"CIESZYN"	19511126	0.7
249180130	"CIESZYN"	19511127	0.8
249180130	"CIESZYN"	19511129	0.5
249180130	"CIESZYN"	19511130	7.8
249180130	"CIESZYN"	19511203	0.5
249180130	"CIESZYN"	19511204	8.4
249180130	"CIESZYN"	19511209	1.6
249180130	"CIESZYN"	19511210	3.5
249180130	"CIESZYN"	19511211	1.3
249180130	"CIESZYN"	19511212	0.1
249180130	"CIESZYN"	19511213	11.6
249180130	"CIESZYN"	19511214	3.2
249180130	"CIESZYN"	19511215	0.1
249180130	"CIESZYN"	19511216	0
249180130	"CIESZYN"	19511221	0.1
249180130	"CIESZYN"	19511223	0
249180130	"CIESZYN"	19511227	0.3
249180130	"CIESZYN"	19511228	2
249180130	"CIESZYN"	19511229	4.8
249180130	"CIESZYN"	19511230	10.5
249180130	"CIESZYN"	19520101	1
249180130	"CIESZYN"	19520104	2
249180130	"CIESZYN"	19520105	1.4
249180130	"CIESZYN"	19520106	0.5
249180130	"CIESZYN"	19520107	0.4
249180130	"CIESZYN"	19520108	1.4
249180130	"CIESZYN"	19520110	0
249180130	"CIESZYN"	19520111	0.2
249180130	"CIESZYN"	19520112	0
249180130	"CIESZYN"	19520113	2
249180130	"CIESZYN"	19520114	0
249180130	"CIESZYN"	19520115	0
249180130	"CIESZYN"	19520117	2
249180130	"CIESZYN"	19520118	14
249180130	"CIESZYN"	19520119	10.8
249180130	"CIESZYN"	19520120	14.3
249180130	"CIESZYN"	19520121	4.4
249180130	"CIESZYN"	19520126	2.7
249180130	"CIESZYN"	19520127	9.5
249180130	"CIESZYN"	19520128	0.9
249180130	"CIESZYN"	19520201	8.5
249180130	"CIESZYN"	19520202	2.1
249180130	"CIESZYN"	19520203	1
249180130	"CIESZYN"	19520204	6.5
249180130	"CIESZYN"	19520205	1.1
249180130	"CIESZYN"	19520208	1.8
249180130	"CIESZYN"	19520209	0
249180130	"CIESZYN"	19520210	0.9
249180130	"CIESZYN"	19520211	2.5
249180130	"CIESZYN"	19520212	0
249180130	"CIESZYN"	19520214	20.8
249180130	"CIESZYN"	19520215	15.4
249180130	"CIESZYN"	19520216	5.8
249180130	"CIESZYN"	19520217	10.2
249180130	"CIESZYN"	19520218	2.8
249180130	"CIESZYN"	19520219	3.4
249180130	"CIESZYN"	19520220	1.3
249180130	"CIESZYN"	19520221	5.6
249180130	"CIESZYN"	19520222	9.4
249180130	"CIESZYN"	19520223	2.2
249180130	"CIESZYN"	19520224	2.6
249180130	"CIESZYN"	19520225	0.1
249180130	"CIESZYN"	19520226	10
249180130	"CIESZYN"	19520227	2.9
249180130	"CIESZYN"	19520228	4.7
249180130	"CIESZYN"	19520229	1
249180130	"CIESZYN"	19520301	0.2
249180130	"CIESZYN"	19520302	4.2
249180130	"CIESZYN"	19520303	0.1
249180130	"CIESZYN"	19520304	0.1
249180130	"CIESZYN"	19520305	2.4
249180130	"CIESZYN"	19520306	1.9
249180130	"CIESZYN"	19520307	0
249180130	"CIESZYN"	19520309	0
249180130	"CIESZYN"	19520313	7
249180130	"CIESZYN"	19520314	0.9
249180130	"CIESZYN"	19520317	0
249180130	"CIESZYN"	19520319	0
249180130	"CIESZYN"	19520322	1.9
249180130	"CIESZYN"	19520323	0.8
249180130	"CIESZYN"	19520324	6.4
249180130	"CIESZYN"	19520325	2
249180130	"CIESZYN"	19520326	14.3
249180130	"CIESZYN"	19520327	0
249180130	"CIESZYN"	19520328	0
249180130	"CIESZYN"	19520329	0.8
249180130	"CIESZYN"	19520331	0
249180130	"CIESZYN"	19520401	14.5
249180130	"CIESZYN"	19520402	1.5
249180130	"CIESZYN"	19520403	0
249180130	"CIESZYN"	19520409	1.8
249180130	"CIESZYN"	19520416	16.1
249180130	"CIESZYN"	19520418	0
249180130	"CIESZYN"	19520425	2.3
249180130	"CIESZYN"	19520426	1.1
249180130	"CIESZYN"	19520428	12.2
249180130	"CIESZYN"	19520429	7
249180130	"CIESZYN"	19520505	0.3
249180130	"CIESZYN"	19520507	9.3
249180130	"CIESZYN"	19520509	0.1
249180130	"CIESZYN"	19520511	0.1
249180130	"CIESZYN"	19520512	27.4
249180130	"CIESZYN"	19520513	0
249180130	"CIESZYN"	19520515	2.8
249180130	"CIESZYN"	19520516	3.8
249180130	"CIESZYN"	19520517	0.1
249180130	"CIESZYN"	19520519	2.9
249180130	"CIESZYN"	19520520	4.4
249180130	"CIESZYN"	19520521	0.6
249180130	"CIESZYN"	19520523	2.1
249180130	"CIESZYN"	19520524	16.4
249180130	"CIESZYN"	19520525	3.9
249180130	"CIESZYN"	19520526	8.9
249180130	"CIESZYN"	19520527	5.1
249180130	"CIESZYN"	19520528	0.6
249180130	"CIESZYN"	19520529	2
249180130	"CIESZYN"	19520601	6
249180130	"CIESZYN"	19520602	0.6
249180130	"CIESZYN"	19520603	6.1
249180130	"CIESZYN"	19520604	4.6
249180130	"CIESZYN"	19520606	0
249180130	"CIESZYN"	19520607	7.9
249180130	"CIESZYN"	19520608	0.4
249180130	"CIESZYN"	19520609	6.3
249180130	"CIESZYN"	19520610	2.2
249180130	"CIESZYN"	19520611	10.6
249180130	"CIESZYN"	19520614	9.5
249180130	"CIESZYN"	19520616	16.5
249180130	"CIESZYN"	19520618	3.1
249180130	"CIESZYN"	19520619	15.6
249180130	"CIESZYN"	19520620	30.2
249180130	"CIESZYN"	19520623	6.2
249180130	"CIESZYN"	19520624	5.1
249180130	"CIESZYN"	19520625	10.8
249180130	"CIESZYN"	19520626	10.3
249180130	"CIESZYN"	19520627	3.3
249180130	"CIESZYN"	19520712	0.6
249180130	"CIESZYN"	19520714	5.7
249180130	"CIESZYN"	19520715	0
249180130	"CIESZYN"	19520716	0.3
249180130	"CIESZYN"	19520718	2.5
249180130	"CIESZYN"	19520720	0.5
249180130	"CIESZYN"	19520723	0.6
249180130	"CIESZYN"	19520724	0
249180130	"CIESZYN"	19520725	0.9
249180130	"CIESZYN"	19520729	2.3
249180130	"CIESZYN"	19520803	10.3
249180130	"CIESZYN"	19520808	3.3
249180130	"CIESZYN"	19520810	0
249180130	"CIESZYN"	19520816	13.8
249180130	"CIESZYN"	19520817	0
249180130	"CIESZYN"	19520818	3
249180130	"CIESZYN"	19520819	1.3
249180130	"CIESZYN"	19520820	18.7
249180130	"CIESZYN"	19520821	11
249180130	"CIESZYN"	19520822	1.4
249180130	"CIESZYN"	19520824	3.8
249180130	"CIESZYN"	19520826	0.1
249180130	"CIESZYN"	19520831	10.7
249180130	"CIESZYN"	19520901	17.9
249180130	"CIESZYN"	19520902	8.8
249180130	"CIESZYN"	19520903	0.1
249180130	"CIESZYN"	19520904	5.6
249180130	"CIESZYN"	19520906	4.1
249180130	"CIESZYN"	19520907	22.4
249180130	"CIESZYN"	19520908	0.7
249180130	"CIESZYN"	19520909	31.1
249180130	"CIESZYN"	19520910	0.3
249180130	"CIESZYN"	19520911	1.3
249180130	"CIESZYN"	19520912	3
249180130	"CIESZYN"	19520913	3.3
249180130	"CIESZYN"	19520918	10.7
249180130	"CIESZYN"	19520919	13.6
249180130	"CIESZYN"	19520920	1.7
249180130	"CIESZYN"	19520922	1.2
249180130	"CIESZYN"	19520923	7.1
249180130	"CIESZYN"	19520924	7.7
249180130	"CIESZYN"	19520926	0.1
249180130	"CIESZYN"	19520927	0.2
249180130	"CIESZYN"	19520928	4.9
249180130	"CIESZYN"	19520929	4.8
249180130	"CIESZYN"	19521001	0.1
249180130	"CIESZYN"	19521002	8.1
249180130	"CIESZYN"	19521003	0.3
249180130	"CIESZYN"	19521004	3.1
249180130	"CIESZYN"	19521005	19.1
249180130	"CIESZYN"	19521006	0.5
249180130	"CIESZYN"	19521007	3.5
249180130	"CIESZYN"	19521008	3.1
249180130	"CIESZYN"	19521010	0.4
249180130	"CIESZYN"	19521011	2
249180130	"CIESZYN"	19521012	2.3
249180130	"CIESZYN"	19521013	4.7
249180130	"CIESZYN"	19521014	0.1
249180130	"CIESZYN"	19521015	0.5
249180130	"CIESZYN"	19521016	1.3
249180130	"CIESZYN"	19521017	0.2
249180130	"CIESZYN"	19521019	0.9
249180130	"CIESZYN"	19521020	3.5
249180130	"CIESZYN"	19521021	2.9
249180130	"CIESZYN"	19521023	11.4
249180130	"CIESZYN"	19521025	1.1
249180130	"CIESZYN"	19521026	7.7
249180130	"CIESZYN"	19521027	1.8
249180130	"CIESZYN"	19521029	0.5
249180130	"CIESZYN"	19521030	0.2
249180130	"CIESZYN"	19521031	15.5
249180130	"CIESZYN"	19521101	7.7
249180130	"CIESZYN"	19521102	0
249180130	"CIESZYN"	19521103	4.8
249180130	"CIESZYN"	19521104	0.3
249180130	"CIESZYN"	19521106	0.9
249180130	"CIESZYN"	19521107	7.8
249180130	"CIESZYN"	19521108	24.6
249180130	"CIESZYN"	19521109	2.6
249180130	"CIESZYN"	19521111	1.2
249180130	"CIESZYN"	19521112	0
249180130	"CIESZYN"	19521113	3.2
249180130	"CIESZYN"	19521114	0.1
249180130	"CIESZYN"	19521115	0.4
249180130	"CIESZYN"	19521116	0.1
249180130	"CIESZYN"	19521120	0
249180130	"CIESZYN"	19521121	4.7
249180130	"CIESZYN"	19521122	3.9
249180130	"CIESZYN"	19521127	2.5
249180130	"CIESZYN"	19521128	4
249180130	"CIESZYN"	19521130	5.1
249180130	"CIESZYN"	19521201	1.1
249180130	"CIESZYN"	19521204	0.2
249180130	"CIESZYN"	19521206	0
249180130	"CIESZYN"	19521208	0
249180130	"CIESZYN"	19521209	0
249180130	"CIESZYN"	19521213	0.5
249180130	"CIESZYN"	19521214	1.9
249180130	"CIESZYN"	19521215	2.5
249180130	"CIESZYN"	19521217	0
249180130	"CIESZYN"	19521219	0
249180130	"CIESZYN"	19521221	0.2
249180130	"CIESZYN"	19521222	0.5
249180130	"CIESZYN"	19521223	0
249180130	"CIESZYN"	19521225	3.8
249180130	"CIESZYN"	19521226	0
249180130	"CIESZYN"	19521227	0.8
249180130	"CIESZYN"	19521228	1.9
249180130	"CIESZYN"	19521229	2.2
249180130	"CIESZYN"	19521230	1.9
249180130	"CIESZYN"	19521231	0.7
249180130	"CIESZYN"	19530102	19
249180130	"CIESZYN"	19530103	3.1
249180130	"CIESZYN"	19530105	0
249180130	"CIESZYN"	19530107	5.8
249180130	"CIESZYN"	19530108	11.1
249180130	"CIESZYN"	19530109	1
249180130	"CIESZYN"	19530110	3.3
249180130	"CIESZYN"	19530111	4.5
249180130	"CIESZYN"	19530112	1.1
249180130	"CIESZYN"	19530118	4
249180130	"CIESZYN"	19530119	3.9
249180130	"CIESZYN"	19530121	3.9
249180130	"CIESZYN"	19530122	6.6
249180130	"CIESZYN"	19530123	0.4
249180130	"CIESZYN"	19530125	0.1
249180130	"CIESZYN"	19530126	0.1
249180130	"CIESZYN"	19530127	11.1
249180130	"CIESZYN"	19530128	2.6
249180130	"CIESZYN"	19530129	2.8
249180130	"CIESZYN"	19530131	0.5
249180130	"CIESZYN"	19530202	9.3
249180130	"CIESZYN"	19530203	0.8
249180130	"CIESZYN"	19530204	0.2
249180130	"CIESZYN"	19530205	0.5
249180130	"CIESZYN"	19530206	1.1
249180130	"CIESZYN"	19530207	1
249180130	"CIESZYN"	19530208	1.8
249180130	"CIESZYN"	19530211	0
249180130	"CIESZYN"	19530213	0.1
249180130	"CIESZYN"	19530214	0
249180130	"CIESZYN"	19530216	0.6
249180130	"CIESZYN"	19530217	1.3
249180130	"CIESZYN"	19530218	0.9
249180130	"CIESZYN"	19530219	0.1
249180130	"CIESZYN"	19530220	0.6
249180130	"CIESZYN"	19530222	0
249180130	"CIESZYN"	19530223	0.1
249180130	"CIESZYN"	19530225	0
249180130	"CIESZYN"	19530228	8.1
249180130	"CIESZYN"	19530303	0.3
249180130	"CIESZYN"	19530304	13.5
249180130	"CIESZYN"	19530307	6.4
249180130	"CIESZYN"	19530308	0
249180130	"CIESZYN"	19530309	1.1
249180130	"CIESZYN"	19530310	1.4
249180130	"CIESZYN"	19530311	7.2
249180130	"CIESZYN"	19530312	5
249180130	"CIESZYN"	19530313	1.2
249180130	"CIESZYN"	19530327	3.8
249180130	"CIESZYN"	19530405	5.3
249180130	"CIESZYN"	19530406	1.3
249180130	"CIESZYN"	19530407	1
249180130	"CIESZYN"	19530416	0.1
249180130	"CIESZYN"	19530417	3
249180130	"CIESZYN"	19530425	0.4
249180130	"CIESZYN"	19530428	10.1
249180130	"CIESZYN"	19530429	27.8
249180130	"CIESZYN"	19530430	9.1
249180130	"CIESZYN"	19530501	0
249180130	"CIESZYN"	19530503	0
249180130	"CIESZYN"	19530504	3.6
249180130	"CIESZYN"	19530505	7.5
249180130	"CIESZYN"	19530506	10.8
249180130	"CIESZYN"	19530507	6
249180130	"CIESZYN"	19530509	5.5
249180130	"CIESZYN"	19530510	35.8
249180130	"CIESZYN"	19530511	8.2
249180130	"CIESZYN"	19530512	4.5
249180130	"CIESZYN"	19530513	2
249180130	"CIESZYN"	19530520	1.9
249180130	"CIESZYN"	19530522	2.8
249180130	"CIESZYN"	19530526	3.5
249180130	"CIESZYN"	19530527	6.7
249180130	"CIESZYN"	19530528	0.6
249180130	"CIESZYN"	19530530	0.6
249180130	"CIESZYN"	19530531	8
249180130	"CIESZYN"	19530601	0.5
249180130	"CIESZYN"	19530603	2.3
249180130	"CIESZYN"	19530608	0.8
249180130	"CIESZYN"	19530609	3.2
249180130	"CIESZYN"	19530610	17.8
249180130	"CIESZYN"	19530611	1.8
249180130	"CIESZYN"	19530612	28.2
249180130	"CIESZYN"	19530616	1.7
249180130	"CIESZYN"	19530617	23.6
249180130	"CIESZYN"	19530618	3.4
249180130	"CIESZYN"	19530619	1.5
249180130	"CIESZYN"	19530624	6
249180130	"CIESZYN"	19530625	5.6
249180130	"CIESZYN"	19530626	28.4
249180130	"CIESZYN"	19530627	0
249180130	"CIESZYN"	19530628	0
249180130	"CIESZYN"	19530703	0
249180130	"CIESZYN"	19530708	7.2
249180130	"CIESZYN"	19530709	0
249180130	"CIESZYN"	19530710	22.6
249180130	"CIESZYN"	19530711	2.1
249180130	"CIESZYN"	19530713	6.5
249180130	"CIESZYN"	19530715	0.9
249180130	"CIESZYN"	19530718	2
249180130	"CIESZYN"	19530719	45.9
249180130	"CIESZYN"	19530723	0.6
249180130	"CIESZYN"	19530724	0.2
249180130	"CIESZYN"	19530727	38.7
249180130	"CIESZYN"	19530728	3
249180130	"CIESZYN"	19530729	0.4
249180130	"CIESZYN"	19530730	12.3
249180130	"CIESZYN"	19530731	0.2
249180130	"CIESZYN"	19530801	7.5
249180130	"CIESZYN"	19530802	0.3
249180130	"CIESZYN"	19530803	5.1
249180130	"CIESZYN"	19530805	13.5
249180130	"CIESZYN"	19530806	2.5
249180130	"CIESZYN"	19530807	10
249180130	"CIESZYN"	19530808	3.5
249180130	"CIESZYN"	19530821	3.5
249180130	"CIESZYN"	19530822	21.9
249180130	"CIESZYN"	19530823	1
249180130	"CIESZYN"	19530827	0.3
249180130	"CIESZYN"	19530903	1.2
249180130	"CIESZYN"	19530910	6.5
249180130	"CIESZYN"	19530912	4.3
249180130	"CIESZYN"	19530913	19.5
249180130	"CIESZYN"	19530914	3.8
249180130	"CIESZYN"	19530920	5.6
249180130	"CIESZYN"	19530922	1.1
249180130	"CIESZYN"	19530925	0.7
249180130	"CIESZYN"	19530929	9.6
249180130	"CIESZYN"	19530930	3.3
249180130	"CIESZYN"	19531004	1.8
249180130	"CIESZYN"	19531005	1.8
249180130	"CIESZYN"	19531006	3.6
249180130	"CIESZYN"	19531007	2.9
249180130	"CIESZYN"	19531008	0.2
249180130	"CIESZYN"	19531009	0
249180130	"CIESZYN"	19531021	0
249180130	"CIESZYN"	19531030	4.7
249180130	"CIESZYN"	19531031	0
249180130	"CIESZYN"	19531104	0.2
249180130	"CIESZYN"	19531106	8.2
249180130	"CIESZYN"	19531107	1.3
249180130	"CIESZYN"	19531113	0
249180130	"CIESZYN"	19531114	1.7
249180130	"CIESZYN"	19531115	2.7
249180130	"CIESZYN"	19531116	0
249180130	"CIESZYN"	19531120	5.8
249180130	"CIESZYN"	19531121	1.2
249180130	"CIESZYN"	19531122	3.6
249180130	"CIESZYN"	19531123	0.4
249180130	"CIESZYN"	19531129	3.2
249180130	"CIESZYN"	19531211	1.3
249180130	"CIESZYN"	19531212	2
249180130	"CIESZYN"	19531216	0
249180130	"CIESZYN"	19531217	0
249180130	"CIESZYN"	19531218	0
249180130	"CIESZYN"	19531219	0
249180130	"CIESZYN"	19531222	3.1
249180130	"CIESZYN"	19531223	2.4
249180130	"CIESZYN"	19531227	3.9
249180130	"CIESZYN"	19531228	1.7
249180130	"CIESZYN"	19531229	1.1
249180130	"CIESZYN"	19531230	1
249180130	"CIESZYN"	19531231	1.9
249180130	"CIESZYN"	19540101	0.2
249180130	"CIESZYN"	19540102	0.1
249180130	"CIESZYN"	19540103	0
249180130	"CIESZYN"	19540104	0
249180130	"CIESZYN"	19540105	0
249180130	"CIESZYN"	19540106	0
249180130	"CIESZYN"	19540107	0
249180130	"CIESZYN"	19540108	3.2
249180130	"CIESZYN"	19540109	4.1
249180130	"CIESZYN"	19540110	3.9
249180130	"CIESZYN"	19540111	1.6
249180130	"CIESZYN"	19540112	0.7
249180130	"CIESZYN"	19540113	0.1
249180130	"CIESZYN"	19540114	0
249180130	"CIESZYN"	19540115	0.3
249180130	"CIESZYN"	19540117	1
249180130	"CIESZYN"	19540118	0.1
249180130	"CIESZYN"	19540119	2
249180130	"CIESZYN"	19540120	10.8
249180130	"CIESZYN"	19540121	0.9
249180130	"CIESZYN"	19540122	1.2
249180130	"CIESZYN"	19540123	1.5
249180130	"CIESZYN"	19540124	3.2
249180130	"CIESZYN"	19540125	0.6
249180130	"CIESZYN"	19540126	0.1
249180130	"CIESZYN"	19540129	0
249180130	"CIESZYN"	19540131	0
249180130	"CIESZYN"	19540201	0.2
249180130	"CIESZYN"	19540210	0.5
249180130	"CIESZYN"	19540211	1
249180130	"CIESZYN"	19540212	0.4
249180130	"CIESZYN"	19540213	0
249180130	"CIESZYN"	19540215	0
249180130	"CIESZYN"	19540216	5.2
249180130	"CIESZYN"	19540218	0
249180130	"CIESZYN"	19540227	0
249180130	"CIESZYN"	19540301	0.1
249180130	"CIESZYN"	19540303	0
249180130	"CIESZYN"	19540306	0
249180130	"CIESZYN"	19540309	0
249180130	"CIESZYN"	19540312	0
249180130	"CIESZYN"	19540314	0
249180130	"CIESZYN"	19540315	0
249180130	"CIESZYN"	19540317	0
249180130	"CIESZYN"	19540321	0
249180130	"CIESZYN"	19540324	1.9
249180130	"CIESZYN"	19540325	6.8
249180130	"CIESZYN"	19540326	4
249180130	"CIESZYN"	19540327	2.7
249180130	"CIESZYN"	19540328	4.5
249180130	"CIESZYN"	19540331	0
249180130	"CIESZYN"	19540401	4.8
249180130	"CIESZYN"	19540402	0.9
249180130	"CIESZYN"	19540403	4.8
249180130	"CIESZYN"	19540404	1
249180130	"CIESZYN"	19540405	0.2
249180130	"CIESZYN"	19540406	5.4
249180130	"CIESZYN"	19540407	0.1
249180130	"CIESZYN"	19540408	0.1
249180130	"CIESZYN"	19540410	0
249180130	"CIESZYN"	19540411	0.9
249180130	"CIESZYN"	19540412	2
249180130	"CIESZYN"	19540413	0.7
249180130	"CIESZYN"	19540414	5.5
249180130	"CIESZYN"	19540415	10.1
249180130	"CIESZYN"	19540416	1.5
249180130	"CIESZYN"	19540417	0.8
249180130	"CIESZYN"	19540418	22.7
249180130	"CIESZYN"	19540419	13.5
249180130	"CIESZYN"	19540420	5.2
249180130	"CIESZYN"	19540421	0.3
249180130	"CIESZYN"	19540422	0.1
249180130	"CIESZYN"	19540430	0
249180130	"CIESZYN"	19540501	0
249180130	"CIESZYN"	19540503	0
249180130	"CIESZYN"	19540504	6.7
249180130	"CIESZYN"	19540505	0.8
249180130	"CIESZYN"	19540506	0
249180130	"CIESZYN"	19540507	7.4
249180130	"CIESZYN"	19540508	3.5
249180130	"CIESZYN"	19540510	1.7
249180130	"CIESZYN"	19540511	6
249180130	"CIESZYN"	19540516	0.4
249180130	"CIESZYN"	19540517	6.9
249180130	"CIESZYN"	19540518	25.2
249180130	"CIESZYN"	19540519	7.8
249180130	"CIESZYN"	19540524	1.7
249180130	"CIESZYN"	19540526	0.4
249180130	"CIESZYN"	19540529	0
249180130	"CIESZYN"	19540531	3.2
249180130	"CIESZYN"	19540601	0.9
249180130	"CIESZYN"	19540602	3.5
249180130	"CIESZYN"	19540603	0
249180130	"CIESZYN"	19540607	23
249180130	"CIESZYN"	19540608	1.2
249180130	"CIESZYN"	19540610	29.2
249180130	"CIESZYN"	19540611	3.4
249180130	"CIESZYN"	19540614	6
249180130	"CIESZYN"	19540615	0.5
249180130	"CIESZYN"	19540617	5.8
249180130	"CIESZYN"	19540619	2.8
249180130	"CIESZYN"	19540620	0
249180130	"CIESZYN"	19540622	0.4
249180130	"CIESZYN"	19540623	0.2
249180130	"CIESZYN"	19540627	23.7
249180130	"CIESZYN"	19540628	7.2
249180130	"CIESZYN"	19540701	9.5
249180130	"CIESZYN"	19540702	32.5
249180130	"CIESZYN"	19540703	6.8
249180130	"CIESZYN"	19540705	6.8
249180130	"CIESZYN"	19540706	0
249180130	"CIESZYN"	19540707	2.3
249180130	"CIESZYN"	19540708	5.1
249180130	"CIESZYN"	19540709	0
249180130	"CIESZYN"	19540711	0
249180130	"CIESZYN"	19540712	0.2
249180130	"CIESZYN"	19540713	4.5
249180130	"CIESZYN"	19540714	0.4
249180130	"CIESZYN"	19540715	2.4
249180130	"CIESZYN"	19540716	0.5
249180130	"CIESZYN"	19540717	0
249180130	"CIESZYN"	19540718	5
249180130	"CIESZYN"	19540719	1.6
249180130	"CIESZYN"	19540720	4.1
249180130	"CIESZYN"	19540722	8.8
249180130	"CIESZYN"	19540723	0.2
249180130	"CIESZYN"	19540725	0
249180130	"CIESZYN"	19540726	1.8
249180130	"CIESZYN"	19540727	0.1
249180130	"CIESZYN"	19540728	6.6
249180130	"CIESZYN"	19540729	0.1
249180130	"CIESZYN"	19540731	2.2
249180130	"CIESZYN"	19540805	3.2
249180130	"CIESZYN"	19540807	4.6
249180130	"CIESZYN"	19540808	0.1
249180130	"CIESZYN"	19540810	21.3
249180130	"CIESZYN"	19540811	8
249180130	"CIESZYN"	19540812	0.1
249180130	"CIESZYN"	19540815	5.2
249180130	"CIESZYN"	19540816	4.3
249180130	"CIESZYN"	19540818	0.5
249180130	"CIESZYN"	19540822	6.4
249180130	"CIESZYN"	19540824	4
249180130	"CIESZYN"	19540825	0
249180130	"CIESZYN"	19540828	0
249180130	"CIESZYN"	19540829	0
249180130	"CIESZYN"	19540906	0.4
249180130	"CIESZYN"	19540912	5.7
249180130	"CIESZYN"	19540913	0
249180130	"CIESZYN"	19540915	1.4
249180130	"CIESZYN"	19540916	0.2
249180130	"CIESZYN"	19540917	0.7
249180130	"CIESZYN"	19540918	0.6
249180130	"CIESZYN"	19540919	2.6
249180130	"CIESZYN"	19540921	0.3
249180130	"CIESZYN"	19540922	0
249180130	"CIESZYN"	19540923	1
249180130	"CIESZYN"	19540926	0
249180130	"CIESZYN"	19540927	10.8
249180130	"CIESZYN"	19540928	2
249180130	"CIESZYN"	19540929	5.3
249180130	"CIESZYN"	19540930	4.1
249180130	"CIESZYN"	19541001	3.4
249180130	"CIESZYN"	19541002	0.3
249180130	"CIESZYN"	19541004	0.7
249180130	"CIESZYN"	19541005	7.5
249180130	"CIESZYN"	19541006	2.1
249180130	"CIESZYN"	19541007	1.8
249180130	"CIESZYN"	19541011	0.3
249180130	"CIESZYN"	19541019	0.9
249180130	"CIESZYN"	19541020	3.6
249180130	"CIESZYN"	19541022	0.5
249180130	"CIESZYN"	19541025	19.6
249180130	"CIESZYN"	19541026	0.3
249180130	"CIESZYN"	19541027	0
249180130	"CIESZYN"	19541028	2.1
249180130	"CIESZYN"	19541031	0
249180130	"CIESZYN"	19541101	0.1
249180130	"CIESZYN"	19541103	5.4
249180130	"CIESZYN"	19541104	0.8
249180130	"CIESZYN"	19541109	2.3
249180130	"CIESZYN"	19541110	9.7
249180130	"CIESZYN"	19541111	0.8
249180130	"CIESZYN"	19541113	1.6
249180130	"CIESZYN"	19541114	0
249180130	"CIESZYN"	19541115	3.4
249180130	"CIESZYN"	19541116	4.2
249180130	"CIESZYN"	19541117	3
249180130	"CIESZYN"	19541118	0.3
249180130	"CIESZYN"	19541119	0.9
249180130	"CIESZYN"	19541120	0.1
249180130	"CIESZYN"	19541130	0.1
249180130	"CIESZYN"	19541201	0.3
249180130	"CIESZYN"	19541202	0
249180130	"CIESZYN"	19541203	2.8
249180130	"CIESZYN"	19541204	0.1
249180130	"CIESZYN"	19541205	2.4
249180130	"CIESZYN"	19541206	1.7
249180130	"CIESZYN"	19541207	0.6
249180130	"CIESZYN"	19541208	3.7
249180130	"CIESZYN"	19541212	0.5
249180130	"CIESZYN"	19541213	11.6
249180130	"CIESZYN"	19541214	3.6
249180130	"CIESZYN"	19541215	6.2
249180130	"CIESZYN"	19541216	0
249180130	"CIESZYN"	19541218	2.2
249180130	"CIESZYN"	19541220	0
249180130	"CIESZYN"	19541222	0
249180130	"CIESZYN"	19541223	0.9
249180130	"CIESZYN"	19541224	6.6
249180130	"CIESZYN"	19541225	0
249180130	"CIESZYN"	19541226	6.4
249180130	"CIESZYN"	19541227	10.8
249180130	"CIESZYN"	19541228	17.3
249180130	"CIESZYN"	19541229	6.6
249180130	"CIESZYN"	19541230	2
249180130	"CIESZYN"	19541231	3.3
249180130	"CIESZYN"	19550101	0.9
249180130	"CIESZYN"	19550102	1.6
249180130	"CIESZYN"	19550103	0
249180130	"CIESZYN"	19550104	0
249180130	"CIESZYN"	19550105	0
249180130	"CIESZYN"	19550106	0
249180130	"CIESZYN"	19550108	2.2
249180130	"CIESZYN"	19550109	0.6
249180130	"CIESZYN"	19550111	3.3
249180130	"CIESZYN"	19550112	2.7
249180130	"CIESZYN"	19550114	6.3
249180130	"CIESZYN"	19550115	0.3
249180130	"CIESZYN"	19550116	0.9
249180130	"CIESZYN"	19550117	0.1
249180130	"CIESZYN"	19550118	0.4
249180130	"CIESZYN"	19550129	0
249180130	"CIESZYN"	19550130	0
249180130	"CIESZYN"	19550203	0
249180130	"CIESZYN"	19550204	0.2
249180130	"CIESZYN"	19550205	0
249180130	"CIESZYN"	19550206	1.4
249180130	"CIESZYN"	19550207	1.9
249180130	"CIESZYN"	19550208	1.9
249180130	"CIESZYN"	19550209	6
249180130	"CIESZYN"	19550210	11.6
249180130	"CIESZYN"	19550211	0.8
249180130	"CIESZYN"	19550213	1.1
249180130	"CIESZYN"	19550214	0.6
249180130	"CIESZYN"	19550215	1.7
249180130	"CIESZYN"	19550217	0.7
249180130	"CIESZYN"	19550218	10.2
249180130	"CIESZYN"	19550219	0.3
249180130	"CIESZYN"	19550220	0
249180130	"CIESZYN"	19550221	0.3
249180130	"CIESZYN"	19550222	0
249180130	"CIESZYN"	19550223	0.2
249180130	"CIESZYN"	19550224	7.7
249180130	"CIESZYN"	19550303	0
249180130	"CIESZYN"	19550307	15.5
249180130	"CIESZYN"	19550308	7
249180130	"CIESZYN"	19550309	1.1
249180130	"CIESZYN"	19550310	1
249180130	"CIESZYN"	19550311	0
249180130	"CIESZYN"	19550314	0.6
249180130	"CIESZYN"	19550315	0.2
249180130	"CIESZYN"	19550316	5.3
249180130	"CIESZYN"	19550317	7.9
249180130	"CIESZYN"	19550318	3.7
249180130	"CIESZYN"	19550319	2.3
249180130	"CIESZYN"	19550320	0
249180130	"CIESZYN"	19550322	0
249180130	"CIESZYN"	19550324	7.8
249180130	"CIESZYN"	19550326	3.1
249180130	"CIESZYN"	19550327	3.7
249180130	"CIESZYN"	19550328	0.3
249180130	"CIESZYN"	19550330	0
249180130	"CIESZYN"	19550401	0.6
249180130	"CIESZYN"	19550402	0
249180130	"CIESZYN"	19550404	1.8
249180130	"CIESZYN"	19550405	1.9
249180130	"CIESZYN"	19550407	6.5
249180130	"CIESZYN"	19550408	8.2
249180130	"CIESZYN"	19550409	0.4
249180130	"CIESZYN"	19550410	1.5
249180130	"CIESZYN"	19550411	9.8
249180130	"CIESZYN"	19550412	1.3
249180130	"CIESZYN"	19550413	5.6
249180130	"CIESZYN"	19550414	5.9
249180130	"CIESZYN"	19550415	0
249180130	"CIESZYN"	19550416	29.4
249180130	"CIESZYN"	19550417	0.8
249180130	"CIESZYN"	19550418	9
249180130	"CIESZYN"	19550419	2.4
249180130	"CIESZYN"	19550420	5.5
249180130	"CIESZYN"	19550421	0
249180130	"CIESZYN"	19550422	1
249180130	"CIESZYN"	19550424	4.6
249180130	"CIESZYN"	19550425	1
249180130	"CIESZYN"	19550427	0
249180130	"CIESZYN"	19550501	0
249180130	"CIESZYN"	19550502	3.1
249180130	"CIESZYN"	19550503	1.2
249180130	"CIESZYN"	19550505	0.5
249180130	"CIESZYN"	19550506	0
249180130	"CIESZYN"	19550507	0.7
249180130	"CIESZYN"	19550510	10.9
249180130	"CIESZYN"	19550511	7.7
249180130	"CIESZYN"	19550514	0.7
249180130	"CIESZYN"	19550515	26.3
249180130	"CIESZYN"	19550516	0.6
249180130	"CIESZYN"	19550518	10.5
249180130	"CIESZYN"	19550519	2.5
249180130	"CIESZYN"	19550520	0.8
249180130	"CIESZYN"	19550521	0.1
249180130	"CIESZYN"	19550522	0.3
249180130	"CIESZYN"	19550523	0
249180130	"CIESZYN"	19550524	0
249180130	"CIESZYN"	19550525	0.8
249180130	"CIESZYN"	19550527	17.4
249180130	"CIESZYN"	19550529	0
249180130	"CIESZYN"	19550531	0
249180130	"CIESZYN"	19550601	10.8
249180130	"CIESZYN"	19550602	12.5
249180130	"CIESZYN"	19550603	34.6
249180130	"CIESZYN"	19550610	6.7
249180130	"CIESZYN"	19550611	3.3
249180130	"CIESZYN"	19550612	0
249180130	"CIESZYN"	19550613	4.9
249180130	"CIESZYN"	19550614	1.7
249180130	"CIESZYN"	19550616	0
249180130	"CIESZYN"	19550620	32.8
249180130	"CIESZYN"	19550621	35.2
249180130	"CIESZYN"	19550622	0.3
249180130	"CIESZYN"	19550623	2.5
249180130	"CIESZYN"	19550626	0.2
249180130	"CIESZYN"	19550627	3.7
249180130	"CIESZYN"	19550628	0.7
249180130	"CIESZYN"	19550630	3.9
249180130	"CIESZYN"	19550701	2.1
249180130	"CIESZYN"	19550702	1.1
249180130	"CIESZYN"	19550703	8.6
249180130	"CIESZYN"	19550704	2.3
249180130	"CIESZYN"	19550706	1.4
249180130	"CIESZYN"	19550707	47.5
249180130	"CIESZYN"	19550708	1.6
249180130	"CIESZYN"	19550709	14.2
249180130	"CIESZYN"	19550710	0.3
249180130	"CIESZYN"	19550711	0.3
249180130	"CIESZYN"	19550717	0.1
249180130	"CIESZYN"	19550719	40.5
249180130	"CIESZYN"	19550720	6.5
249180130	"CIESZYN"	19550724	0.8
249180130	"CIESZYN"	19550725	0
249180130	"CIESZYN"	19550727	0.1
249180130	"CIESZYN"	19550728	0.4
249180130	"CIESZYN"	19550729	7.1
249180130	"CIESZYN"	19550730	1.8
249180130	"CIESZYN"	19550731	117.9
249180130	"CIESZYN"	19550802	16.2
249180130	"CIESZYN"	19550803	13.4
249180130	"CIESZYN"	19550805	15.6
249180130	"CIESZYN"	19550806	0.6
249180130	"CIESZYN"	19550808	4.6
249180130	"CIESZYN"	19550809	8.5
249180130	"CIESZYN"	19550810	0.1
249180130	"CIESZYN"	19550811	3.2
249180130	"CIESZYN"	19550812	0
249180130	"CIESZYN"	19550814	36.3
249180130	"CIESZYN"	19550815	0.3
249180130	"CIESZYN"	19550816	4.6
249180130	"CIESZYN"	19550823	2.7
249180130	"CIESZYN"	19550824	22.1
249180130	"CIESZYN"	19550827	0.3
249180130	"CIESZYN"	19550828	1.1
249180130	"CIESZYN"	19550901	3.8
249180130	"CIESZYN"	19550904	0
249180130	"CIESZYN"	19550906	8.2
249180130	"CIESZYN"	19550907	0.2
249180130	"CIESZYN"	19550911	0.4
249180130	"CIESZYN"	19550913	15.9
249180130	"CIESZYN"	19550914	14.3
249180130	"CIESZYN"	19550915	0.3
249180130	"CIESZYN"	19550924	0
249180130	"CIESZYN"	19550926	0
249180130	"CIESZYN"	19550927	15.4
249180130	"CIESZYN"	19550928	1.1
249180130	"CIESZYN"	19551001	0
249180130	"CIESZYN"	19551005	0
249180130	"CIESZYN"	19551006	2.9
249180130	"CIESZYN"	19551007	6.2
249180130	"CIESZYN"	19551008	0.6
249180130	"CIESZYN"	19551010	0.2
249180130	"CIESZYN"	19551011	0.1
249180130	"CIESZYN"	19551012	0
249180130	"CIESZYN"	19551013	1.1
249180130	"CIESZYN"	19551014	0
249180130	"CIESZYN"	19551015	3.4
249180130	"CIESZYN"	19551017	5.1
249180130	"CIESZYN"	19551018	1.8
249180130	"CIESZYN"	19551022	0
249180130	"CIESZYN"	19551024	14.2
249180130	"CIESZYN"	19551025	6.1
249180130	"CIESZYN"	19551026	0
249180130	"CIESZYN"	19551027	0.5
249180130	"CIESZYN"	19551028	4.1
249180130	"CIESZYN"	19551029	0.5
249180130	"CIESZYN"	19551031	0
249180130	"CIESZYN"	19551102	1.8
249180130	"CIESZYN"	19551105	0
249180130	"CIESZYN"	19551112	0.3
249180130	"CIESZYN"	19551113	0.8
249180130	"CIESZYN"	19551114	0.5
249180130	"CIESZYN"	19551115	0.6
249180130	"CIESZYN"	19551116	2.2
249180130	"CIESZYN"	19551117	3.5
249180130	"CIESZYN"	19551118	0
249180130	"CIESZYN"	19551120	0.7
249180130	"CIESZYN"	19551121	0.9
249180130	"CIESZYN"	19551122	0.9
249180130	"CIESZYN"	19551123	2.7
249180130	"CIESZYN"	19551124	3
249180130	"CIESZYN"	19551125	2.8
249180130	"CIESZYN"	19551126	1.1
249180130	"CIESZYN"	19551127	0.6
249180130	"CIESZYN"	19551128	0
249180130	"CIESZYN"	19551203	1.8
249180130	"CIESZYN"	19551204	1.7
249180130	"CIESZYN"	19551205	1.4
249180130	"CIESZYN"	19551206	0.7
249180130	"CIESZYN"	19551207	0.4
249180130	"CIESZYN"	19551208	2.3
249180130	"CIESZYN"	19551209	2.6
249180130	"CIESZYN"	19551210	2.4
249180130	"CIESZYN"	19551211	2.7
249180130	"CIESZYN"	19551212	0
249180130	"CIESZYN"	19551215	0.7
249180130	"CIESZYN"	19551216	4.4
249180130	"CIESZYN"	19551217	0
249180130	"CIESZYN"	19551218	3.7
249180130	"CIESZYN"	19551220	1.1
249180130	"CIESZYN"	19551221	1.3
249180130	"CIESZYN"	19551222	3.4
249180130	"CIESZYN"	19551223	0.7
249180130	"CIESZYN"	19551224	0
249180130	"CIESZYN"	19551225	1.4
249180130	"CIESZYN"	19551227	7.1
249180130	"CIESZYN"	19551228	2.7
249180130	"CIESZYN"	19551229	1
249180130	"CIESZYN"	19551230	0
249180130	"CIESZYN"	19560101	0.3
249180130	"CIESZYN"	19560102	7.6
249180130	"CIESZYN"	19560103	0
249180130	"CIESZYN"	19560104	1.5
249180130	"CIESZYN"	19560105	3
249180130	"CIESZYN"	19560115	0.2
249180130	"CIESZYN"	19560116	0
249180130	"CIESZYN"	19560118	0
249180130	"CIESZYN"	19560120	0
249180130	"CIESZYN"	19560124	1.5
249180130	"CIESZYN"	19560125	3.4
249180130	"CIESZYN"	19560126	0
249180130	"CIESZYN"	19560127	0.9
249180130	"CIESZYN"	19560128	1.1
249180130	"CIESZYN"	19560129	1.4
249180130	"CIESZYN"	19560130	0.7
249180130	"CIESZYN"	19560202	0.4
249180130	"CIESZYN"	19560203	0.4
249180130	"CIESZYN"	19560204	0
249180130	"CIESZYN"	19560205	2.9
249180130	"CIESZYN"	19560206	3
249180130	"CIESZYN"	19560207	2.7
249180130	"CIESZYN"	19560208	2.5
249180130	"CIESZYN"	19560209	0.7
249180130	"CIESZYN"	19560211	4.1
249180130	"CIESZYN"	19560212	0.4
249180130	"CIESZYN"	19560213	0.1
249180130	"CIESZYN"	19560214	4.8
249180130	"CIESZYN"	19560215	1.9
249180130	"CIESZYN"	19560216	0.3
249180130	"CIESZYN"	19560218	5.1
249180130	"CIESZYN"	19560220	8.4
249180130	"CIESZYN"	19560221	3.7
249180130	"CIESZYN"	19560222	2
249180130	"CIESZYN"	19560223	0.8
249180130	"CIESZYN"	19560224	0
249180130	"CIESZYN"	19560225	0
249180130	"CIESZYN"	19560226	0.2
249180130	"CIESZYN"	19560227	0.2
249180130	"CIESZYN"	19560228	5.1
249180130	"CIESZYN"	19560229	1.9
249180130	"CIESZYN"	19560301	1
249180130	"CIESZYN"	19560302	3.2
249180130	"CIESZYN"	19560303	0.5
249180130	"CIESZYN"	19560304	0.5
249180130	"CIESZYN"	19560305	0.7
249180130	"CIESZYN"	19560306	0.1
249180130	"CIESZYN"	19560307	6.9
249180130	"CIESZYN"	19560308	1
249180130	"CIESZYN"	19560309	2.5
249180130	"CIESZYN"	19560310	2.4
249180130	"CIESZYN"	19560311	0.9
249180130	"CIESZYN"	19560312	0.6
249180130	"CIESZYN"	19560313	0
249180130	"CIESZYN"	19560314	0.1
249180130	"CIESZYN"	19560325	0
249180130	"CIESZYN"	19560326	4.3
249180130	"CIESZYN"	19560404	6.3
249180130	"CIESZYN"	19560405	0.4
249180130	"CIESZYN"	19560406	6.3
249180130	"CIESZYN"	19560407	0.2
249180130	"CIESZYN"	19560409	8.2
249180130	"CIESZYN"	19560410	0.2
249180130	"CIESZYN"	19560411	7.5
249180130	"CIESZYN"	19560413	3.7
249180130	"CIESZYN"	19560414	0
249180130	"CIESZYN"	19560415	2.1
249180130	"CIESZYN"	19560417	1.2
249180130	"CIESZYN"	19560418	11.1
249180130	"CIESZYN"	19560420	4.3
249180130	"CIESZYN"	19560421	2.2
249180130	"CIESZYN"	19560422	1.6
249180130	"CIESZYN"	19560423	1.5
249180130	"CIESZYN"	19560426	10.7
249180130	"CIESZYN"	19560427	6.2
249180130	"CIESZYN"	19560428	0.4
249180130	"CIESZYN"	19560429	0
249180130	"CIESZYN"	19560430	19
249180130	"CIESZYN"	19560501	1.5
249180130	"CIESZYN"	19560502	0
249180130	"CIESZYN"	19560504	0
249180130	"CIESZYN"	19560508	0.1
249180130	"CIESZYN"	19560509	0
249180130	"CIESZYN"	19560510	2.5
249180130	"CIESZYN"	19560511	7.3
249180130	"CIESZYN"	19560512	3.9
249180130	"CIESZYN"	19560513	16.4
249180130	"CIESZYN"	19560515	0
249180130	"CIESZYN"	19560517	10.4
249180130	"CIESZYN"	19560518	7.1
249180130	"CIESZYN"	19560519	14.5
249180130	"CIESZYN"	19560520	0
249180130	"CIESZYN"	19560526	4.3
249180130	"CIESZYN"	19560601	0.1
249180130	"CIESZYN"	19560602	0
249180130	"CIESZYN"	19560607	0
249180130	"CIESZYN"	19560608	0
249180130	"CIESZYN"	19560609	35.6
249180130	"CIESZYN"	19560612	2.4
249180130	"CIESZYN"	19560614	1
249180130	"CIESZYN"	19560615	1.5
249180130	"CIESZYN"	19560618	1.1
249180130	"CIESZYN"	19560619	11.1
249180130	"CIESZYN"	19560620	16
249180130	"CIESZYN"	19560621	1.7
249180130	"CIESZYN"	19560622	19.2
249180130	"CIESZYN"	19560623	36
249180130	"CIESZYN"	19560624	24.1
249180130	"CIESZYN"	19560625	7.5
249180130	"CIESZYN"	19560626	0.2
249180130	"CIESZYN"	19560627	1
249180130	"CIESZYN"	19560628	0.4
249180130	"CIESZYN"	19560629	10.8
249180130	"CIESZYN"	19560630	0.7
249180130	"CIESZYN"	19560703	18.4
249180130	"CIESZYN"	19560704	2.8
249180130	"CIESZYN"	19560706	3.2
249180130	"CIESZYN"	19560708	0.7
249180130	"CIESZYN"	19560714	0
249180130	"CIESZYN"	19560715	1.8
249180130	"CIESZYN"	19560716	2.9
249180130	"CIESZYN"	19560717	1.1
249180130	"CIESZYN"	19560719	1
249180130	"CIESZYN"	19560720	14.4
249180130	"CIESZYN"	19560721	0
249180130	"CIESZYN"	19560722	2.5
249180130	"CIESZYN"	19560723	0.9
249180130	"CIESZYN"	19560724	6.1
249180130	"CIESZYN"	19560725	1.5
249180130	"CIESZYN"	19560726	0
249180130	"CIESZYN"	19560729	0.3
249180130	"CIESZYN"	19560730	13.8
249180130	"CIESZYN"	19560802	0.8
249180130	"CIESZYN"	19560803	1.4
249180130	"CIESZYN"	19560804	5.5
249180130	"CIESZYN"	19560805	1.6
249180130	"CIESZYN"	19560807	11.4
249180130	"CIESZYN"	19560811	30.8
249180130	"CIESZYN"	19560812	4.5
249180130	"CIESZYN"	19560814	1.8
249180130	"CIESZYN"	19560816	0
249180130	"CIESZYN"	19560817	0
249180130	"CIESZYN"	19560819	2.7
249180130	"CIESZYN"	19560821	15.8
249180130	"CIESZYN"	19560823	13.9
249180130	"CIESZYN"	19560824	0
249180130	"CIESZYN"	19560825	0
249180130	"CIESZYN"	19560828	0.2
249180130	"CIESZYN"	19560829	23.1
249180130	"CIESZYN"	19560830	0.3
249180130	"CIESZYN"	19560904	5.6
249180130	"CIESZYN"	19560906	0
249180130	"CIESZYN"	19560907	0.9
249180130	"CIESZYN"	19560910	0.3
249180130	"CIESZYN"	19560911	3
249180130	"CIESZYN"	19560912	12.6
249180130	"CIESZYN"	19560913	15.6
249180130	"CIESZYN"	19560914	0
249180130	"CIESZYN"	19560917	5.1
249180130	"CIESZYN"	19560918	0
249180130	"CIESZYN"	19560923	0
249180130	"CIESZYN"	19560927	6.7
249180130	"CIESZYN"	19560928	0
249180130	"CIESZYN"	19561003	8.9
249180130	"CIESZYN"	19561004	6.7
249180130	"CIESZYN"	19561005	14.6
249180130	"CIESZYN"	19561006	34.6
249180130	"CIESZYN"	19561007	0.3
249180130	"CIESZYN"	19561009	0.4
249180130	"CIESZYN"	19561014	5.8
249180130	"CIESZYN"	19561018	0.7
249180130	"CIESZYN"	19561019	4.2
249180130	"CIESZYN"	19561020	0.4
249180130	"CIESZYN"	19561021	0
249180130	"CIESZYN"	19561023	0
249180130	"CIESZYN"	19561025	0
249180130	"CIESZYN"	19561026	1
249180130	"CIESZYN"	19561027	0.4
249180130	"CIESZYN"	19561028	5.6
249180130	"CIESZYN"	19561029	2.4
249180130	"CIESZYN"	19561030	0.2
249180130	"CIESZYN"	19561102	0
249180130	"CIESZYN"	19561103	0.1
249180130	"CIESZYN"	19561105	1.2
249180130	"CIESZYN"	19561106	9.1
249180130	"CIESZYN"	19561107	6.9
249180130	"CIESZYN"	19561108	0
249180130	"CIESZYN"	19561110	0.3
249180130	"CIESZYN"	19561112	2.8
249180130	"CIESZYN"	19561113	4.6
249180130	"CIESZYN"	19561114	0.9
249180130	"CIESZYN"	19561115	4.3
249180130	"CIESZYN"	19561116	0.2
249180130	"CIESZYN"	19561117	1.2
249180130	"CIESZYN"	19561118	1.9
249180130	"CIESZYN"	19561124	0
249180130	"CIESZYN"	19561125	4.6
249180130	"CIESZYN"	19561126	10.5
249180130	"CIESZYN"	19561127	6.2
249180130	"CIESZYN"	19561128	0.2
249180130	"CIESZYN"	19561130	0.1
249180130	"CIESZYN"	19561201	0.1
249180130	"CIESZYN"	19561202	0.2
249180130	"CIESZYN"	19561203	4.3
249180130	"CIESZYN"	19561204	10.1
249180130	"CIESZYN"	19561205	10.6
249180130	"CIESZYN"	19561206	2.5
249180130	"CIESZYN"	19561207	0
249180130	"CIESZYN"	19561208	0
249180130	"CIESZYN"	19561209	0
249180130	"CIESZYN"	19561210	0.7
249180130	"CIESZYN"	19561211	0
249180130	"CIESZYN"	19561212	0
249180130	"CIESZYN"	19561213	12
249180130	"CIESZYN"	19561215	1
249180130	"CIESZYN"	19561219	0
249180130	"CIESZYN"	19561220	0
249180130	"CIESZYN"	19561221	0.5
249180130	"CIESZYN"	19561222	0.5
249180130	"CIESZYN"	19561223	1.5
249180130	"CIESZYN"	19561224	1.9
249180130	"CIESZYN"	19561225	2.8
249180130	"CIESZYN"	19561226	0.1
249180130	"CIESZYN"	19561231	0
249180130	"CIESZYN"	19570103	0
249180130	"CIESZYN"	19570104	0
249180130	"CIESZYN"	19570105	4
249180130	"CIESZYN"	19570106	6.6
249180130	"CIESZYN"	19570107	0
249180130	"CIESZYN"	19570110	3.7
249180130	"CIESZYN"	19570111	1.7
249180130	"CIESZYN"	19570112	1
249180130	"CIESZYN"	19570113	2.6
249180130	"CIESZYN"	19570114	0
249180130	"CIESZYN"	19570115	0.2
249180130	"CIESZYN"	19570116	0.2
249180130	"CIESZYN"	19570126	0.2
249180130	"CIESZYN"	19570127	2.9
249180130	"CIESZYN"	19570128	5
249180130	"CIESZYN"	19570130	1.2
249180130	"CIESZYN"	19570201	3.3
249180130	"CIESZYN"	19570202	0.1
249180130	"CIESZYN"	19570203	0
249180130	"CIESZYN"	19570206	1.5
249180130	"CIESZYN"	19570207	1.6
249180130	"CIESZYN"	19570208	1.6
249180130	"CIESZYN"	19570209	1.1
249180130	"CIESZYN"	19570210	0
249180130	"CIESZYN"	19570211	3.6
249180130	"CIESZYN"	19570215	0
249180130	"CIESZYN"	19570218	10.3
249180130	"CIESZYN"	19570219	2.7
249180130	"CIESZYN"	19570221	14.5
249180130	"CIESZYN"	19570222	1.2
249180130	"CIESZYN"	19570224	1.5
249180130	"CIESZYN"	19570225	13.5
249180130	"CIESZYN"	19570226	0.2
249180130	"CIESZYN"	19570228	1.7
249180130	"CIESZYN"	19570301	1.5
249180130	"CIESZYN"	19570302	1
249180130	"CIESZYN"	19570303	0
249180130	"CIESZYN"	19570304	0.1
249180130	"CIESZYN"	19570305	0.6
249180130	"CIESZYN"	19570314	0.9
249180130	"CIESZYN"	19570315	0.3
249180130	"CIESZYN"	19570316	11.2
249180130	"CIESZYN"	19570317	7.7
249180130	"CIESZYN"	19570318	7
249180130	"CIESZYN"	19570319	4.3
249180130	"CIESZYN"	19570324	0.6
249180130	"CIESZYN"	19570325	1.1
249180130	"CIESZYN"	19570328	2.3
249180130	"CIESZYN"	19570329	7.1
249180130	"CIESZYN"	19570330	2.1
249180130	"CIESZYN"	19570331	0
249180130	"CIESZYN"	19570406	0.2
249180130	"CIESZYN"	19570407	20.6
249180130	"CIESZYN"	19570408	10.2
249180130	"CIESZYN"	19570410	5.6
249180130	"CIESZYN"	19570411	7.8
249180130	"CIESZYN"	19570412	0
249180130	"CIESZYN"	19570413	0.3
249180130	"CIESZYN"	19570414	0.3
249180130	"CIESZYN"	19570415	0
249180130	"CIESZYN"	19570416	0
249180130	"CIESZYN"	19570417	2.4
249180130	"CIESZYN"	19570418	0
249180130	"CIESZYN"	19570419	0.7
249180130	"CIESZYN"	19570420	0
249180130	"CIESZYN"	19570421	10.7
249180130	"CIESZYN"	19570422	7.3
249180130	"CIESZYN"	19570423	4.6
249180130	"CIESZYN"	19570424	4.9
249180130	"CIESZYN"	19570425	1.8
249180130	"CIESZYN"	19570426	0.1
249180130	"CIESZYN"	19570427	0.3
249180130	"CIESZYN"	19570430	7.9
249180130	"CIESZYN"	19570502	0
249180130	"CIESZYN"	19570504	0.2
249180130	"CIESZYN"	19570505	0.9
249180130	"CIESZYN"	19570506	0.1
249180130	"CIESZYN"	19570507	2.8
249180130	"CIESZYN"	19570508	4.9
249180130	"CIESZYN"	19570509	4.9
249180130	"CIESZYN"	19570510	13.4
249180130	"CIESZYN"	19570512	0.9
249180130	"CIESZYN"	19570514	0
249180130	"CIESZYN"	19570517	0.7
249180130	"CIESZYN"	19570520	21
249180130	"CIESZYN"	19570521	0.3
249180130	"CIESZYN"	19570522	2.8
249180130	"CIESZYN"	19570523	0.1
249180130	"CIESZYN"	19570604	1.3
249180130	"CIESZYN"	19570605	4.4
249180130	"CIESZYN"	19570606	0.1
249180130	"CIESZYN"	19570607	11.7
249180130	"CIESZYN"	19570608	2.8
249180130	"CIESZYN"	19570609	1.7
249180130	"CIESZYN"	19570618	7.8
249180130	"CIESZYN"	19570619	3.6
249180130	"CIESZYN"	19570621	0
249180130	"CIESZYN"	19570622	4
249180130	"CIESZYN"	19570623	0.1
249180130	"CIESZYN"	19570625	0
249180130	"CIESZYN"	19570627	0.7
249180130	"CIESZYN"	19570630	0.1
249180130	"CIESZYN"	19570702	6.7
249180130	"CIESZYN"	19570705	3.7
249180130	"CIESZYN"	19570706	8.7
249180130	"CIESZYN"	19570707	4
249180130	"CIESZYN"	19570708	4.9
249180130	"CIESZYN"	19570710	12.3
249180130	"CIESZYN"	19570711	4.3
249180130	"CIESZYN"	19570712	0
249180130	"CIESZYN"	19570714	1.5
249180130	"CIESZYN"	19570715	18.3
249180130	"CIESZYN"	19570716	50.2
249180130	"CIESZYN"	19570717	2.8
249180130	"CIESZYN"	19570718	0
249180130	"CIESZYN"	19570720	20.2
249180130	"CIESZYN"	19570721	2.3
249180130	"CIESZYN"	19570722	3.5
249180130	"CIESZYN"	19570723	6.7
249180130	"CIESZYN"	19570724	15.5
249180130	"CIESZYN"	19570725	3.7
249180130	"CIESZYN"	19570726	9.2
249180130	"CIESZYN"	19570727	4.4
249180130	"CIESZYN"	19570730	1.9
249180130	"CIESZYN"	19570731	0
249180130	"CIESZYN"	19570810	3.9
249180130	"CIESZYN"	19570813	0.4
249180130	"CIESZYN"	19570814	2.3
249180130	"CIESZYN"	19570816	4.6
249180130	"CIESZYN"	19570817	2
249180130	"CIESZYN"	19570818	2.5
249180130	"CIESZYN"	19570819	0.7
249180130	"CIESZYN"	19570821	8
249180130	"CIESZYN"	19570822	4.6
249180130	"CIESZYN"	19570824	8.3
249180130	"CIESZYN"	19570827	8.9
249180130	"CIESZYN"	19570828	20.9
249180130	"CIESZYN"	19570829	0.1
249180130	"CIESZYN"	19570830	0
249180130	"CIESZYN"	19570831	3.6
249180130	"CIESZYN"	19570901	0
249180130	"CIESZYN"	19570902	7.5
249180130	"CIESZYN"	19570903	4.5
249180130	"CIESZYN"	19570904	7.4
249180130	"CIESZYN"	19570909	6.7
249180130	"CIESZYN"	19570910	1.6
249180130	"CIESZYN"	19570911	0.5
249180130	"CIESZYN"	19570912	3.7
249180130	"CIESZYN"	19570914	10.8
249180130	"CIESZYN"	19570915	0.1
249180130	"CIESZYN"	19570916	0.1
249180130	"CIESZYN"	19570917	1.9
249180130	"CIESZYN"	19570918	6
249180130	"CIESZYN"	19570919	2.5
249180130	"CIESZYN"	19570920	0.1
249180130	"CIESZYN"	19570922	2.1
249180130	"CIESZYN"	19570923	0.7
249180130	"CIESZYN"	19570924	8.1
249180130	"CIESZYN"	19570926	0.7
249180130	"CIESZYN"	19570927	0.5
249180130	"CIESZYN"	19570928	6.7
249180130	"CIESZYN"	19570929	11.9
249180130	"CIESZYN"	19571004	1.1
249180130	"CIESZYN"	19571020	7.7
249180130	"CIESZYN"	19571021	0
249180130	"CIESZYN"	19571022	7.9
249180130	"CIESZYN"	19571023	0.2
249180130	"CIESZYN"	19571024	0.2
249180130	"CIESZYN"	19571101	0
249180130	"CIESZYN"	19571102	0
249180130	"CIESZYN"	19571107	0
249180130	"CIESZYN"	19571108	0
249180130	"CIESZYN"	19571110	0.8
249180130	"CIESZYN"	19571111	1.2
249180130	"CIESZYN"	19571112	0.1
249180130	"CIESZYN"	19571115	0
249180130	"CIESZYN"	19571125	2.4
249180130	"CIESZYN"	19571126	0.1
249180130	"CIESZYN"	19571127	0.4
249180130	"CIESZYN"	19571128	8.4
249180130	"CIESZYN"	19571129	3.3
249180130	"CIESZYN"	19571130	0
249180130	"CIESZYN"	19571201	0.1
249180130	"CIESZYN"	19571202	0.2
249180130	"CIESZYN"	19571203	6.1
249180130	"CIESZYN"	19571204	5.1
249180130	"CIESZYN"	19571205	3.2
249180130	"CIESZYN"	19571206	0
249180130	"CIESZYN"	19571208	3.5
249180130	"CIESZYN"	19571209	2.5
249180130	"CIESZYN"	19571210	3.2
249180130	"CIESZYN"	19571213	2.5
249180130	"CIESZYN"	19571214	4.5
249180130	"CIESZYN"	19571215	0.7
249180130	"CIESZYN"	19571218	0
249180130	"CIESZYN"	19571219	0
249180130	"CIESZYN"	19571228	1.7
249180130	"CIESZYN"	19571229	0
249180130	"CIESZYN"	19571230	0.1
249180130	"CIESZYN"	19571231	0.1
249180130	"CIESZYN"	19580101	1.1
249180130	"CIESZYN"	19580102	2.5
249180130	"CIESZYN"	19580103	0.4
249180130	"CIESZYN"	19580106	1.1
249180130	"CIESZYN"	19580107	6.2
249180130	"CIESZYN"	19580108	0.1
249180130	"CIESZYN"	19580111	0
249180130	"CIESZYN"	19580112	0.3
249180130	"CIESZYN"	19580113	3.6
249180130	"CIESZYN"	19580114	1
249180130	"CIESZYN"	19580115	2
249180130	"CIESZYN"	19580116	0.5
249180130	"CIESZYN"	19580117	3.9
249180130	"CIESZYN"	19580119	0.4
249180130	"CIESZYN"	19580120	12.3
249180130	"CIESZYN"	19580121	3.3
249180130	"CIESZYN"	19580125	0
249180130	"CIESZYN"	19580130	1
249180130	"CIESZYN"	19580131	0
249180130	"CIESZYN"	19580201	0
249180130	"CIESZYN"	19580202	0.7
249180130	"CIESZYN"	19580203	4
249180130	"CIESZYN"	19580204	0.9
249180130	"CIESZYN"	19580205	1.5
249180130	"CIESZYN"	19580206	0.8
249180130	"CIESZYN"	19580207	3
249180130	"CIESZYN"	19580208	0
249180130	"CIESZYN"	19580211	0.1
249180130	"CIESZYN"	19580213	0
249180130	"CIESZYN"	19580214	1
249180130	"CIESZYN"	19580215	0.6
249180130	"CIESZYN"	19580216	1.7
249180130	"CIESZYN"	19580217	0.5
249180130	"CIESZYN"	19580218	0.1
249180130	"CIESZYN"	19580219	0.4
249180130	"CIESZYN"	19580220	0.6
249180130	"CIESZYN"	19580221	1.9
249180130	"CIESZYN"	19580222	5
249180130	"CIESZYN"	19580223	1.4
249180130	"CIESZYN"	19580224	2.7
249180130	"CIESZYN"	19580226	0.9
249180130	"CIESZYN"	19580227	12.1
249180130	"CIESZYN"	19580228	0.2
249180130	"CIESZYN"	19580301	0.3
249180130	"CIESZYN"	19580302	18.7
249180130	"CIESZYN"	19580303	9.5
249180130	"CIESZYN"	19580304	0.2
249180130	"CIESZYN"	19580306	6.8
249180130	"CIESZYN"	19580308	4.4
249180130	"CIESZYN"	19580311	10.6
249180130	"CIESZYN"	19580312	9.4
249180130	"CIESZYN"	19580313	0.5
249180130	"CIESZYN"	19580314	0.9
249180130	"CIESZYN"	19580315	2.1
249180130	"CIESZYN"	19580316	2.6
249180130	"CIESZYN"	19580317	3.5
249180130	"CIESZYN"	19580318	0.1
249180130	"CIESZYN"	19580319	0.8
249180130	"CIESZYN"	19580320	1.7
249180130	"CIESZYN"	19580321	6.5
249180130	"CIESZYN"	19580322	1.2
249180130	"CIESZYN"	19580323	1.9
249180130	"CIESZYN"	19580324	0.6
249180130	"CIESZYN"	19580328	2.1
249180130	"CIESZYN"	19580329	0.2
249180130	"CIESZYN"	19580330	0.5
249180130	"CIESZYN"	19580331	0.6
249180130	"CIESZYN"	19580401	0
249180130	"CIESZYN"	19580404	0.3
249180130	"CIESZYN"	19580405	0.3
249180130	"CIESZYN"	19580406	0.4
249180130	"CIESZYN"	19580407	1.2
249180130	"CIESZYN"	19580408	0
249180130	"CIESZYN"	19580409	10.8
249180130	"CIESZYN"	19580410	2.8
249180130	"CIESZYN"	19580411	2.6
249180130	"CIESZYN"	19580416	7.7
249180130	"CIESZYN"	19580417	21.3
249180130	"CIESZYN"	19580418	0.6
249180130	"CIESZYN"	19580419	4.9
249180130	"CIESZYN"	19580420	0
249180130	"CIESZYN"	19580421	6.9
249180130	"CIESZYN"	19580422	7.6
249180130	"CIESZYN"	19580423	0.1
249180130	"CIESZYN"	19580424	0.3
249180130	"CIESZYN"	19580427	2.8
249180130	"CIESZYN"	19580429	2
249180130	"CIESZYN"	19580502	0.3
249180130	"CIESZYN"	19580503	0.7
249180130	"CIESZYN"	19580504	0.1
249180130	"CIESZYN"	19580506	7.8
249180130	"CIESZYN"	19580507	2.2
249180130	"CIESZYN"	19580508	8.6
249180130	"CIESZYN"	19580509	1.5
249180130	"CIESZYN"	19580510	1.6
249180130	"CIESZYN"	19580512	0.3
249180130	"CIESZYN"	19580517	0.1
249180130	"CIESZYN"	19580518	1.7
249180130	"CIESZYN"	19580519	0.3
249180130	"CIESZYN"	19580521	0.6
249180130	"CIESZYN"	19580522	0.7
249180130	"CIESZYN"	19580523	4.9
249180130	"CIESZYN"	19580528	21.2
249180130	"CIESZYN"	19580530	0.4
249180130	"CIESZYN"	19580531	7.9
249180130	"CIESZYN"	19580603	2.6
249180130	"CIESZYN"	19580604	8.7
249180130	"CIESZYN"	19580605	5.4
249180130	"CIESZYN"	19580606	0.5
249180130	"CIESZYN"	19580610	0
249180130	"CIESZYN"	19580611	0.6
249180130	"CIESZYN"	19580612	0
249180130	"CIESZYN"	19580613	0
249180130	"CIESZYN"	19580618	3
249180130	"CIESZYN"	19580619	1.6
249180130	"CIESZYN"	19580620	0.1
249180130	"CIESZYN"	19580621	9
249180130	"CIESZYN"	19580622	4.6
249180130	"CIESZYN"	19580623	6.5
249180130	"CIESZYN"	19580624	5.7
249180130	"CIESZYN"	19580625	0
249180130	"CIESZYN"	19580627	19.8
249180130	"CIESZYN"	19580628	41.7
249180130	"CIESZYN"	19580629	43.7
249180130	"CIESZYN"	19580630	12.3
249180130	"CIESZYN"	19580702	4.8
249180130	"CIESZYN"	19580703	11.7
249180130	"CIESZYN"	19580704	20.2
249180130	"CIESZYN"	19580705	18.5
249180130	"CIESZYN"	19580706	2.7
249180130	"CIESZYN"	19580707	2.1
249180130	"CIESZYN"	19580708	7.8
249180130	"CIESZYN"	19580714	29.5
249180130	"CIESZYN"	19580717	9.4
249180130	"CIESZYN"	19580720	0
249180130	"CIESZYN"	19580722	0.8
249180130	"CIESZYN"	19580723	18.5
249180130	"CIESZYN"	19580724	0.6
249180130	"CIESZYN"	19580725	1.9
249180130	"CIESZYN"	19580727	0.3
249180130	"CIESZYN"	19580728	0.1
249180130	"CIESZYN"	19580729	2.3
249180130	"CIESZYN"	19580802	10.6
249180130	"CIESZYN"	19580803	7.7
249180130	"CIESZYN"	19580804	0
249180130	"CIESZYN"	19580807	33.2
249180130	"CIESZYN"	19580808	24.8
249180130	"CIESZYN"	19580812	4.9
249180130	"CIESZYN"	19580813	3.2
249180130	"CIESZYN"	19580814	0.1
249180130	"CIESZYN"	19580815	1
249180130	"CIESZYN"	19580816	0.9
249180130	"CIESZYN"	19580817	0
249180130	"CIESZYN"	19580818	14.5
249180130	"CIESZYN"	19580820	13.2
249180130	"CIESZYN"	19580821	0.6
249180130	"CIESZYN"	19580822	10.5
249180130	"CIESZYN"	19580823	0.1
249180130	"CIESZYN"	19580824	1.3
249180130	"CIESZYN"	19580825	0.9
249180130	"CIESZYN"	19580826	0.8
249180130	"CIESZYN"	19580827	0.1
249180130	"CIESZYN"	19580830	0
249180130	"CIESZYN"	19580831	0
249180130	"CIESZYN"	19580910	6.6
249180130	"CIESZYN"	19580911	4.1
249180130	"CIESZYN"	19580912	1.3
249180130	"CIESZYN"	19580916	0.7
249180130	"CIESZYN"	19580917	0
249180130	"CIESZYN"	19580918	7
249180130	"CIESZYN"	19580919	0.1
249180130	"CIESZYN"	19580921	8.4
249180130	"CIESZYN"	19580922	8.3
249180130	"CIESZYN"	19580923	1.9
249180130	"CIESZYN"	19580924	1.2
249180130	"CIESZYN"	19580925	0.8
249180130	"CIESZYN"	19580926	3.2
249180130	"CIESZYN"	19580927	1.7
249180130	"CIESZYN"	19581001	1.7
249180130	"CIESZYN"	19581002	13.8
249180130	"CIESZYN"	19581003	5.8
249180130	"CIESZYN"	19581006	2.2
249180130	"CIESZYN"	19581007	6.2
249180130	"CIESZYN"	19581008	8
249180130	"CIESZYN"	19581012	10.6
249180130	"CIESZYN"	19581013	31.8
249180130	"CIESZYN"	19581014	9.4
249180130	"CIESZYN"	19581015	4.2
249180130	"CIESZYN"	19581016	9.7
249180130	"CIESZYN"	19581017	7.7
249180130	"CIESZYN"	19581018	4.6
249180130	"CIESZYN"	19581019	1.5
249180130	"CIESZYN"	19581020	0
249180130	"CIESZYN"	19581021	0.8
249180130	"CIESZYN"	19581022	0.3
249180130	"CIESZYN"	19581023	0.3
249180130	"CIESZYN"	19581024	0.3
249180130	"CIESZYN"	19581025	0.3
249180130	"CIESZYN"	19581028	0
249180130	"CIESZYN"	19581101	10.1
249180130	"CIESZYN"	19581102	0.1
249180130	"CIESZYN"	19581103	0
249180130	"CIESZYN"	19581104	3.9
249180130	"CIESZYN"	19581106	0
249180130	"CIESZYN"	19581107	0.3
249180130	"CIESZYN"	19581108	1.6
249180130	"CIESZYN"	19581109	4.2
249180130	"CIESZYN"	19581110	11
249180130	"CIESZYN"	19581112	0
249180130	"CIESZYN"	19581113	0.2
249180130	"CIESZYN"	19581114	0.3
249180130	"CIESZYN"	19581115	8.6
249180130	"CIESZYN"	19581116	0.5
249180130	"CIESZYN"	19581118	0
249180130	"CIESZYN"	19581119	0
249180130	"CIESZYN"	19581120	0
249180130	"CIESZYN"	19581121	0
249180130	"CIESZYN"	19581126	1.4
249180130	"CIESZYN"	19581129	0
249180130	"CIESZYN"	19581130	1.6
249180130	"CIESZYN"	19581201	5.3
249180130	"CIESZYN"	19581202	0.5
249180130	"CIESZYN"	19581205	0.2
249180130	"CIESZYN"	19581206	2.6
249180130	"CIESZYN"	19581207	0.1
249180130	"CIESZYN"	19581209	0
249180130	"CIESZYN"	19581210	0.1
249180130	"CIESZYN"	19581213	0
249180130	"CIESZYN"	19581214	8.6
249180130	"CIESZYN"	19581223	2.6
249180130	"CIESZYN"	19581224	1
249180130	"CIESZYN"	19581225	18.2
249180130	"CIESZYN"	19581226	4
249180130	"CIESZYN"	19581227	3.4
249180130	"CIESZYN"	19581228	3.2
249180130	"CIESZYN"	19581229	1.9
249180130	"CIESZYN"	19581230	0.3
249180130	"CIESZYN"	19590104	0
249180130	"CIESZYN"	19590105	1.4
249180130	"CIESZYN"	19590107	0
249180130	"CIESZYN"	19590108	2.4
249180130	"CIESZYN"	19590109	23.6
249180130	"CIESZYN"	19590110	0.8
249180130	"CIESZYN"	19590113	0.1
249180130	"CIESZYN"	19590115	0.4
249180130	"CIESZYN"	19590117	0.3
249180130	"CIESZYN"	19590118	0
249180130	"CIESZYN"	19590121	0.4
249180130	"CIESZYN"	19590123	1.5
249180130	"CIESZYN"	19590124	12.1
249180130	"CIESZYN"	19590125	3
249180130	"CIESZYN"	19590126	6.5
249180130	"CIESZYN"	19590127	7.4
249180130	"CIESZYN"	19590128	0.3
249180130	"CIESZYN"	19590129	0
249180130	"CIESZYN"	19590131	0.8
249180130	"CIESZYN"	19590201	9.5
249180130	"CIESZYN"	19590202	1.7
249180130	"CIESZYN"	19590211	0.1
249180130	"CIESZYN"	19590212	0
249180130	"CIESZYN"	19590215	3.8
249180130	"CIESZYN"	19590216	0.4
249180130	"CIESZYN"	19590217	1.8
249180130	"CIESZYN"	19590218	1
249180130	"CIESZYN"	19590220	0.9
249180130	"CIESZYN"	19590221	1.3
249180130	"CIESZYN"	19590222	2.2
249180130	"CIESZYN"	19590224	0
249180130	"CIESZYN"	19590228	0
249180130	"CIESZYN"	19590304	0
249180130	"CIESZYN"	19590307	3.1
249180130	"CIESZYN"	19590308	35.1
249180130	"CIESZYN"	19590313	0
249180130	"CIESZYN"	19590314	0
249180130	"CIESZYN"	19590318	0
249180130	"CIESZYN"	19590319	0.6
249180130	"CIESZYN"	19590324	2.5
249180130	"CIESZYN"	19590326	0.5
249180130	"CIESZYN"	19590327	0.8
249180130	"CIESZYN"	19590328	1.1
249180130	"CIESZYN"	19590329	0.5
249180130	"CIESZYN"	19590402	0.3
249180130	"CIESZYN"	19590405	5.2
249180130	"CIESZYN"	19590406	4.9
249180130	"CIESZYN"	19590407	0.8
249180130	"CIESZYN"	19590410	2
249180130	"CIESZYN"	19590411	9.1
249180130	"CIESZYN"	19590412	0
249180130	"CIESZYN"	19590413	0.5
249180130	"CIESZYN"	19590417	1.5
249180130	"CIESZYN"	19590418	2.3
249180130	"CIESZYN"	19590419	10.9
249180130	"CIESZYN"	19590420	1.2
249180130	"CIESZYN"	19590423	3.7
249180130	"CIESZYN"	19590424	0.3
249180130	"CIESZYN"	19590429	0.2
249180130	"CIESZYN"	19590430	0
249180130	"CIESZYN"	19590501	12.7
249180130	"CIESZYN"	19590502	5.4
249180130	"CIESZYN"	19590503	0.2
249180130	"CIESZYN"	19590506	0.8
249180130	"CIESZYN"	19590507	1.7
249180130	"CIESZYN"	19590510	2.7
249180130	"CIESZYN"	19590512	3.4
249180130	"CIESZYN"	19590513	2.5
249180130	"CIESZYN"	19590514	0
249180130	"CIESZYN"	19590515	3.5
249180130	"CIESZYN"	19590517	7.6
249180130	"CIESZYN"	19590519	0.1
249180130	"CIESZYN"	19590520	0.3
249180130	"CIESZYN"	19590521	0
249180130	"CIESZYN"	19590528	1.7
249180130	"CIESZYN"	19590530	3.3
249180130	"CIESZYN"	19590531	71.3
249180130	"CIESZYN"	19590601	5.3
249180130	"CIESZYN"	19590602	0.1
249180130	"CIESZYN"	19590603	6.6
249180130	"CIESZYN"	19590604	2
249180130	"CIESZYN"	19590607	4.2
249180130	"CIESZYN"	19590608	0.5
249180130	"CIESZYN"	19590609	0
249180130	"CIESZYN"	19590610	17
249180130	"CIESZYN"	19590611	9.8
249180130	"CIESZYN"	19590612	7.2
249180130	"CIESZYN"	19590613	6.3
249180130	"CIESZYN"	19590614	1.7
249180130	"CIESZYN"	19590615	1.3
249180130	"CIESZYN"	19590616	0
249180130	"CIESZYN"	19590619	0.2
249180130	"CIESZYN"	19590625	6.3
249180130	"CIESZYN"	19590628	0
249180130	"CIESZYN"	19590629	34.8
249180130	"CIESZYN"	19590630	79.3
249180130	"CIESZYN"	19590701	13.3
249180130	"CIESZYN"	19590702	0.1
249180130	"CIESZYN"	19590703	20.4
249180130	"CIESZYN"	19590704	0.1
249180130	"CIESZYN"	19590707	4.5
249180130	"CIESZYN"	19590713	0
249180130	"CIESZYN"	19590715	1.3
249180130	"CIESZYN"	19590716	1.9
249180130	"CIESZYN"	19590717	13
249180130	"CIESZYN"	19590718	16
249180130	"CIESZYN"	19590721	0.9
249180130	"CIESZYN"	19590722	8.8
249180130	"CIESZYN"	19590727	0.8
249180130	"CIESZYN"	19590729	22.6
249180130	"CIESZYN"	19590730	9.4
249180130	"CIESZYN"	19590731	10.2
249180130	"CIESZYN"	19590801	1.4
249180130	"CIESZYN"	19590802	0
249180130	"CIESZYN"	19590803	0
249180130	"CIESZYN"	19590805	1.6
249180130	"CIESZYN"	19590811	23.2
249180130	"CIESZYN"	19590812	1
249180130	"CIESZYN"	19590813	0
249180130	"CIESZYN"	19590814	0
249180130	"CIESZYN"	19590815	0
249180130	"CIESZYN"	19590816	17
249180130	"CIESZYN"	19590817	2.3
249180130	"CIESZYN"	19590818	0
249180130	"CIESZYN"	19590819	0.2
249180130	"CIESZYN"	19590822	0
249180130	"CIESZYN"	19590828	1.4
249180130	"CIESZYN"	19590909	0
249180130	"CIESZYN"	19590913	0.5
249180130	"CIESZYN"	19590922	1.5
249180130	"CIESZYN"	19590928	0.3
249180130	"CIESZYN"	19590929	0.1
249180130	"CIESZYN"	19591013	0.2
249180130	"CIESZYN"	19591022	2.1
249180130	"CIESZYN"	19591023	5.7
249180130	"CIESZYN"	19591024	0.9
249180130	"CIESZYN"	19591029	0.1
249180130	"CIESZYN"	19591103	0
249180130	"CIESZYN"	19591105	0
249180130	"CIESZYN"	19591106	7.1
249180130	"CIESZYN"	19591107	6.6
249180130	"CIESZYN"	19591108	10.8
249180130	"CIESZYN"	19591109	2
249180130	"CIESZYN"	19591110	0
249180130	"CIESZYN"	19591115	3.1
249180130	"CIESZYN"	19591116	1.2
249180130	"CIESZYN"	19591117	0.9
249180130	"CIESZYN"	19591203	0
249180130	"CIESZYN"	19591204	3.8
249180130	"CIESZYN"	19591205	7.8
249180130	"CIESZYN"	19591206	1.1
249180130	"CIESZYN"	19591212	0
249180130	"CIESZYN"	19591213	11.5
249180130	"CIESZYN"	19591214	3.5
249180130	"CIESZYN"	19591215	0
249180130	"CIESZYN"	19591218	7.1
249180130	"CIESZYN"	19591219	0.8
249180130	"CIESZYN"	19591221	0.9
249180130	"CIESZYN"	19591222	0.2
249180130	"CIESZYN"	19591224	11.9
249180130	"CIESZYN"	19591225	7.6
249180130	"CIESZYN"	19591226	1.3
249180130	"CIESZYN"	19591227	0
249180130	"CIESZYN"	19591228	11.9
249180130	"CIESZYN"	19591229	0.3
249180130	"CIESZYN"	19591230	1.5
249180130	"CIESZYN"	19591231	0
249180130	"CIESZYN"	19600103	0.3
249180130	"CIESZYN"	19600104	0.1
249180130	"CIESZYN"	19600105	3.4
249180130	"CIESZYN"	19600106	6.6
249180130	"CIESZYN"	19600107	1.5
249180130	"CIESZYN"	19600108	2.7
249180130	"CIESZYN"	19600109	0.7
249180130	"CIESZYN"	19600112	7
249180130	"CIESZYN"	19600113	7.4
249180130	"CIESZYN"	19600114	0
249180130	"CIESZYN"	19600120	1
249180130	"CIESZYN"	19600121	1.3
249180130	"CIESZYN"	19600122	0.4
249180130	"CIESZYN"	19600128	2.5
249180130	"CIESZYN"	19600130	7.3
249180130	"CIESZYN"	19600131	0.2
249180130	"CIESZYN"	19600213	15.5
249180130	"CIESZYN"	19600217	0
249180130	"CIESZYN"	19600218	2.7
249180130	"CIESZYN"	19600219	0.2
249180130	"CIESZYN"	19600223	1.3
249180130	"CIESZYN"	19600224	4
249180130	"CIESZYN"	19600227	0.7
249180130	"CIESZYN"	19600229	0
249180130	"CIESZYN"	19600301	1.6
249180130	"CIESZYN"	19600303	1.4
249180130	"CIESZYN"	19600307	0.2
249180130	"CIESZYN"	19600312	0.1
249180130	"CIESZYN"	19600316	4
249180130	"CIESZYN"	19600317	9.3
249180130	"CIESZYN"	19600318	11.3
249180130	"CIESZYN"	19600319	4.5
249180130	"CIESZYN"	19600330	0
249180130	"CIESZYN"	19600404	0.5
249180130	"CIESZYN"	19600407	2.6
249180130	"CIESZYN"	19600408	9
249180130	"CIESZYN"	19600412	0.3
249180130	"CIESZYN"	19600414	9.5
249180130	"CIESZYN"	19600416	0.6
249180130	"CIESZYN"	19600417	0
249180130	"CIESZYN"	19600422	3.5
249180130	"CIESZYN"	19600423	2
249180130	"CIESZYN"	19600424	8
249180130	"CIESZYN"	19600425	6.9
249180130	"CIESZYN"	19600426	1.5
249180130	"CIESZYN"	19600427	0
249180130	"CIESZYN"	19600428	3.8
249180130	"CIESZYN"	19600429	5.4
249180130	"CIESZYN"	19600430	0.7
249180130	"CIESZYN"	19600501	2.9
249180130	"CIESZYN"	19600502	2.5
249180130	"CIESZYN"	19600507	0.1
249180130	"CIESZYN"	19600508	1.2
249180130	"CIESZYN"	19600509	1.3
249180130	"CIESZYN"	19600513	0.1
249180130	"CIESZYN"	19600516	0.1
249180130	"CIESZYN"	19600517	4.8
249180130	"CIESZYN"	19600519	11.7
249180130	"CIESZYN"	19600520	15.6
249180130	"CIESZYN"	19600521	3
249180130	"CIESZYN"	19600522	18
249180130	"CIESZYN"	19600523	20.2
249180130	"CIESZYN"	19600524	5.5
249180130	"CIESZYN"	19600525	0.8
249180130	"CIESZYN"	19600526	27.6
249180130	"CIESZYN"	19600527	0
249180130	"CIESZYN"	19600529	5
249180130	"CIESZYN"	19600530	0.4
249180130	"CIESZYN"	19600531	7.7
249180130	"CIESZYN"	19600601	0
249180130	"CIESZYN"	19600602	3.2
249180130	"CIESZYN"	19600603	6.7
249180130	"CIESZYN"	19600604	3.2
249180130	"CIESZYN"	19600605	0.4
249180130	"CIESZYN"	19600606	24.1
249180130	"CIESZYN"	19600608	0.5
249180130	"CIESZYN"	19600609	1.4
249180130	"CIESZYN"	19600610	51.3
249180130	"CIESZYN"	19600611	14.1
249180130	"CIESZYN"	19600612	0
249180130	"CIESZYN"	19600614	23.2
249180130	"CIESZYN"	19600615	7
249180130	"CIESZYN"	19600617	2.4
249180130	"CIESZYN"	19600619	36.9
249180130	"CIESZYN"	19600620	12.1
249180130	"CIESZYN"	19600621	2.1
249180130	"CIESZYN"	19600622	0
249180130	"CIESZYN"	19600625	0
249180130	"CIESZYN"	19600626	7.6
249180130	"CIESZYN"	19600627	10.2
249180130	"CIESZYN"	19600628	3
249180130	"CIESZYN"	19600629	2.3
249180130	"CIESZYN"	19600630	0
249180130	"CIESZYN"	19600701	3.5
249180130	"CIESZYN"	19600702	0.1
249180130	"CIESZYN"	19600703	1
249180130	"CIESZYN"	19600704	1.1
249180130	"CIESZYN"	19600705	2
249180130	"CIESZYN"	19600706	23.6
249180130	"CIESZYN"	19600707	5
249180130	"CIESZYN"	19600708	5.5
249180130	"CIESZYN"	19600709	37.2
249180130	"CIESZYN"	19600712	56.9
249180130	"CIESZYN"	19600713	19.5
249180130	"CIESZYN"	19600716	6.8
249180130	"CIESZYN"	19600717	1.4
249180130	"CIESZYN"	19600720	13.6
249180130	"CIESZYN"	19600721	7.3
249180130	"CIESZYN"	19600722	2.1
249180130	"CIESZYN"	19600723	33.8
249180130	"CIESZYN"	19600724	29
249180130	"CIESZYN"	19600725	43.3
249180130	"CIESZYN"	19600726	13.5
249180130	"CIESZYN"	19600727	1.5
249180130	"CIESZYN"	19600728	0.4
249180130	"CIESZYN"	19600802	14.2
249180130	"CIESZYN"	19600805	9.9
249180130	"CIESZYN"	19600806	15.6
249180130	"CIESZYN"	19600808	14.8
249180130	"CIESZYN"	19600809	1.5
249180130	"CIESZYN"	19600810	0
249180130	"CIESZYN"	19600812	0
249180130	"CIESZYN"	19600813	34.5
249180130	"CIESZYN"	19600815	7.2
249180130	"CIESZYN"	19600816	0
249180130	"CIESZYN"	19600817	0.1
249180130	"CIESZYN"	19600818	0.2
249180130	"CIESZYN"	19600819	5.2
249180130	"CIESZYN"	19600820	1
249180130	"CIESZYN"	19600821	1.5
249180130	"CIESZYN"	19600822	0
249180130	"CIESZYN"	19600823	1.9
249180130	"CIESZYN"	19600828	12.4
249180130	"CIESZYN"	19600829	21.6
249180130	"CIESZYN"	19600830	2.2
249180130	"CIESZYN"	19600831	0.1
249180130	"CIESZYN"	19600901	0.2
249180130	"CIESZYN"	19600902	5.7
249180130	"CIESZYN"	19600904	4.1
249180130	"CIESZYN"	19600905	19.6
249180130	"CIESZYN"	19600906	8
249180130	"CIESZYN"	19600907	2
249180130	"CIESZYN"	19600908	3.6
249180130	"CIESZYN"	19600909	0.2
249180130	"CIESZYN"	19600921	0.1
249180130	"CIESZYN"	19600922	0.4
249180130	"CIESZYN"	19600923	0.2
249180130	"CIESZYN"	19600926	6.8
249180130	"CIESZYN"	19600927	6.2
249180130	"CIESZYN"	19600928	0.7
249180130	"CIESZYN"	19601001	9.1
249180130	"CIESZYN"	19601002	0.4
249180130	"CIESZYN"	19601007	4.7
249180130	"CIESZYN"	19601008	2.3
249180130	"CIESZYN"	19601009	0
249180130	"CIESZYN"	19601010	2.1
249180130	"CIESZYN"	19601015	2.4
249180130	"CIESZYN"	19601016	0.5
249180130	"CIESZYN"	19601017	3.3
249180130	"CIESZYN"	19601018	3.5
249180130	"CIESZYN"	19601019	0
249180130	"CIESZYN"	19601021	8.3
249180130	"CIESZYN"	19601022	1.3
249180130	"CIESZYN"	19601025	0.4
249180130	"CIESZYN"	19601026	0
249180130	"CIESZYN"	19601030	0
249180130	"CIESZYN"	19601031	0.3
249180130	"CIESZYN"	19601101	1.5
249180130	"CIESZYN"	19601102	2.3
249180130	"CIESZYN"	19601103	0
249180130	"CIESZYN"	19601105	0.9
249180130	"CIESZYN"	19601113	5.1
249180130	"CIESZYN"	19601114	0.7
249180130	"CIESZYN"	19601116	7.2
249180130	"CIESZYN"	19601118	1.2
249180130	"CIESZYN"	19601119	12.6
249180130	"CIESZYN"	19601120	0.3
249180130	"CIESZYN"	19601125	1.5
249180130	"CIESZYN"	19601126	0.1
249180130	"CIESZYN"	19601127	0.1
249180130	"CIESZYN"	19601128	1.5
249180130	"CIESZYN"	19601129	0.2
249180130	"CIESZYN"	19601130	0.5
249180130	"CIESZYN"	19601203	0
249180130	"CIESZYN"	19601204	0
249180130	"CIESZYN"	19601207	0.5
249180130	"CIESZYN"	19601208	4.1
249180130	"CIESZYN"	19601209	2
249180130	"CIESZYN"	19601211	28.5
249180130	"CIESZYN"	19601212	2.2
249180130	"CIESZYN"	19601213	0.1
249180130	"CIESZYN"	19601214	4.9
249180130	"CIESZYN"	19601219	1.6
249180130	"CIESZYN"	19601220	1.3
249180130	"CIESZYN"	19601229	1.1
249180130	"CIESZYN"	19601230	0.4
