"V1"	"V2"	"V3"	"V4"
249180090	"RUDZICA"	19510101	0
249180090	"RUDZICA"	19510103	1.9
249180090	"RUDZICA"	19510104	0.9
249180090	"RUDZICA"	19510105	1.2
249180090	"RUDZICA"	19510106	0.1
249180090	"RUDZICA"	19510113	6.6
249180090	"RUDZICA"	19510115	3.6
249180090	"RUDZICA"	19510116	1
249180090	"RUDZICA"	19510118	2.4
249180090	"RUDZICA"	19510119	8.5
249180090	"RUDZICA"	19510120	5.7
249180090	"RUDZICA"	19510121	3.2
249180090	"RUDZICA"	19510122	0.9
249180090	"RUDZICA"	19510123	0
249180090	"RUDZICA"	19510124	0.2
249180090	"RUDZICA"	19510125	0.3
249180090	"RUDZICA"	19510201	0
249180090	"RUDZICA"	19510214	6.7
249180090	"RUDZICA"	19510215	0
249180090	"RUDZICA"	19510219	0
249180090	"RUDZICA"	19510221	1.9
249180090	"RUDZICA"	19510225	2.6
249180090	"RUDZICA"	19510226	12.6
249180090	"RUDZICA"	19510227	2.1
249180090	"RUDZICA"	19510228	0.9
249180090	"RUDZICA"	19510303	3.4
249180090	"RUDZICA"	19510304	0
249180090	"RUDZICA"	19510306	7.9
249180090	"RUDZICA"	19510307	0
249180090	"RUDZICA"	19510308	0.1
249180090	"RUDZICA"	19510309	3.4
249180090	"RUDZICA"	19510310	0
249180090	"RUDZICA"	19510314	1.6
249180090	"RUDZICA"	19510317	0.9
249180090	"RUDZICA"	19510318	11.9
249180090	"RUDZICA"	19510319	3.4
249180090	"RUDZICA"	19510321	0
249180090	"RUDZICA"	19510324	6
249180090	"RUDZICA"	19510325	4.3
249180090	"RUDZICA"	19510326	0.2
249180090	"RUDZICA"	19510327	1.4
249180090	"RUDZICA"	19510328	0.3
249180090	"RUDZICA"	19510329	0
249180090	"RUDZICA"	19510331	12.4
249180090	"RUDZICA"	19510401	28.6
249180090	"RUDZICA"	19510408	5.3
249180090	"RUDZICA"	19510409	4.6
249180090	"RUDZICA"	19510414	3.6
249180090	"RUDZICA"	19510415	0
249180090	"RUDZICA"	19510417	0.2
249180090	"RUDZICA"	19510419	4.3
249180090	"RUDZICA"	19510421	4.1
249180090	"RUDZICA"	19510422	0.2
249180090	"RUDZICA"	19510430	3.9
249180090	"RUDZICA"	19510502	3.6
249180090	"RUDZICA"	19510503	2.4
249180090	"RUDZICA"	19510504	4.6
249180090	"RUDZICA"	19510505	8.7
249180090	"RUDZICA"	19510506	18.1
249180090	"RUDZICA"	19510508	3.6
249180090	"RUDZICA"	19510509	1.8
249180090	"RUDZICA"	19510510	46.9
249180090	"RUDZICA"	19510511	25.9
249180090	"RUDZICA"	19510514	8.5
249180090	"RUDZICA"	19510515	2.4
249180090	"RUDZICA"	19510516	17.9
249180090	"RUDZICA"	19510518	17.2
249180090	"RUDZICA"	19510519	0
249180090	"RUDZICA"	19510520	3.2
249180090	"RUDZICA"	19510521	1.9
249180090	"RUDZICA"	19510522	5.4
249180090	"RUDZICA"	19510523	2.6
249180090	"RUDZICA"	19510526	0
249180090	"RUDZICA"	19510528	8.1
249180090	"RUDZICA"	19510529	0
249180090	"RUDZICA"	19510604	7.6
249180090	"RUDZICA"	19510605	0
249180090	"RUDZICA"	19510606	0
249180090	"RUDZICA"	19510607	5.4
249180090	"RUDZICA"	19510608	3
249180090	"RUDZICA"	19510609	2.9
249180090	"RUDZICA"	19510610	0.2
249180090	"RUDZICA"	19510611	1.9
249180090	"RUDZICA"	19510613	17.1
249180090	"RUDZICA"	19510618	1.9
249180090	"RUDZICA"	19510619	2.1
249180090	"RUDZICA"	19510624	28.4
249180090	"RUDZICA"	19510625	5.6
249180090	"RUDZICA"	19510628	0
249180090	"RUDZICA"	19510629	0.8
249180090	"RUDZICA"	19510702	0
249180090	"RUDZICA"	19510703	0.8
249180090	"RUDZICA"	19510705	2.1
249180090	"RUDZICA"	19510709	10.8
249180090	"RUDZICA"	19510712	21.1
249180090	"RUDZICA"	19510713	16.4
249180090	"RUDZICA"	19510717	3.8
249180090	"RUDZICA"	19510718	0
249180090	"RUDZICA"	19510721	1.6
249180090	"RUDZICA"	19510722	1.8
249180090	"RUDZICA"	19510723	5.9
249180090	"RUDZICA"	19510724	1.8
249180090	"RUDZICA"	19510725	8.4
249180090	"RUDZICA"	19510726	1.5
249180090	"RUDZICA"	19510727	9.2
249180090	"RUDZICA"	19510730	0.4
249180090	"RUDZICA"	19510805	8.2
249180090	"RUDZICA"	19510809	7.6
249180090	"RUDZICA"	19510810	3.1
249180090	"RUDZICA"	19510814	34.8
249180090	"RUDZICA"	19510817	1.7
249180090	"RUDZICA"	19510822	1
249180090	"RUDZICA"	19510823	11.2
249180090	"RUDZICA"	19510824	4.2
249180090	"RUDZICA"	19510827	0.9
249180090	"RUDZICA"	19510907	0.7
249180090	"RUDZICA"	19510908	1.8
249180090	"RUDZICA"	19510917	2.1
249180090	"RUDZICA"	19510918	0
249180090	"RUDZICA"	19510919	3.1
249180090	"RUDZICA"	19510920	10.1
249180090	"RUDZICA"	19510921	2.1
249180090	"RUDZICA"	19510924	2.7
249180090	"RUDZICA"	19510927	3.6
249180090	"RUDZICA"	19510928	10.8
249180090	"RUDZICA"	19510929	1.4
249180090	"RUDZICA"	19510930	0.7
249180090	"RUDZICA"	19511102	3.9
249180090	"RUDZICA"	19511103	5.8
249180090	"RUDZICA"	19511104	2
249180090	"RUDZICA"	19511109	0.1
249180090	"RUDZICA"	19511114	0.1
249180090	"RUDZICA"	19511115	4.3
249180090	"RUDZICA"	19511121	3.5
249180090	"RUDZICA"	19511122	17.4
249180090	"RUDZICA"	19511123	7.4
249180090	"RUDZICA"	19511124	0.5
249180090	"RUDZICA"	19511126	3.4
249180090	"RUDZICA"	19511128	0.5
249180090	"RUDZICA"	19511129	0.7
249180090	"RUDZICA"	19511130	5.6
249180090	"RUDZICA"	19511203	0.4
249180090	"RUDZICA"	19511204	3.8
249180090	"RUDZICA"	19511209	2.8
249180090	"RUDZICA"	19511210	2.4
249180090	"RUDZICA"	19511211	0.5
249180090	"RUDZICA"	19511212	0.4
249180090	"RUDZICA"	19511213	11.2
249180090	"RUDZICA"	19511215	1.6
249180090	"RUDZICA"	19511216	0.5
249180090	"RUDZICA"	19511227	0.4
249180090	"RUDZICA"	19511228	2.8
249180090	"RUDZICA"	19511229	3.1
249180090	"RUDZICA"	19511230	7.3
249180090	"RUDZICA"	19520101	0.7
249180090	"RUDZICA"	19520104	0.8
249180090	"RUDZICA"	19520105	0.7
249180090	"RUDZICA"	19520106	1.6
249180090	"RUDZICA"	19520107	0.4
249180090	"RUDZICA"	19520108	0
249180090	"RUDZICA"	19520110	0
249180090	"RUDZICA"	19520111	1.5
249180090	"RUDZICA"	19520112	0.6
249180090	"RUDZICA"	19520113	0
249180090	"RUDZICA"	19520114	0
249180090	"RUDZICA"	19520117	0.4
249180090	"RUDZICA"	19520118	10.8
249180090	"RUDZICA"	19520119	14.5
249180090	"RUDZICA"	19520120	6.8
249180090	"RUDZICA"	19520121	5.5
249180090	"RUDZICA"	19520122	0.1
249180090	"RUDZICA"	19520123	0.2
249180090	"RUDZICA"	19520125	0.1
249180090	"RUDZICA"	19520126	2.1
249180090	"RUDZICA"	19520127	8.4
249180090	"RUDZICA"	19520128	1
249180090	"RUDZICA"	19520129	0.1
249180090	"RUDZICA"	19520201	8.7
249180090	"RUDZICA"	19520202	3.4
249180090	"RUDZICA"	19520203	1.1
249180090	"RUDZICA"	19520204	6.9
249180090	"RUDZICA"	19520208	0.9
249180090	"RUDZICA"	19520209	0.2
249180090	"RUDZICA"	19520210	0
249180090	"RUDZICA"	19520212	1.4
249180090	"RUDZICA"	19520214	22.2
249180090	"RUDZICA"	19520215	15.5
249180090	"RUDZICA"	19520216	4.1
249180090	"RUDZICA"	19520217	10.8
249180090	"RUDZICA"	19520218	4.8
249180090	"RUDZICA"	19520219	0
249180090	"RUDZICA"	19520220	1.1
249180090	"RUDZICA"	19520221	8
249180090	"RUDZICA"	19520222	6.5
249180090	"RUDZICA"	19520223	0.6
249180090	"RUDZICA"	19520224	0.2
249180090	"RUDZICA"	19520225	0.3
249180090	"RUDZICA"	19520226	7.4
249180090	"RUDZICA"	19520227	1.3
249180090	"RUDZICA"	19520228	2.5
249180090	"RUDZICA"	19520229	1.2
249180090	"RUDZICA"	19520302	3.5
249180090	"RUDZICA"	19520304	0.4
249180090	"RUDZICA"	19520305	2.3
249180090	"RUDZICA"	19520306	2.7
249180090	"RUDZICA"	19520307	0.2
249180090	"RUDZICA"	19520313	9.3
249180090	"RUDZICA"	19520314	0.2
249180090	"RUDZICA"	19520322	1
249180090	"RUDZICA"	19520323	4
249180090	"RUDZICA"	19520324	0.1
249180090	"RUDZICA"	19520325	3.4
249180090	"RUDZICA"	19520326	16.5
249180090	"RUDZICA"	19520327	1.1
249180090	"RUDZICA"	19520328	0.1
249180090	"RUDZICA"	19520329	0
249180090	"RUDZICA"	19520401	19.2
249180090	"RUDZICA"	19520402	2.1
249180090	"RUDZICA"	19520409	2.1
249180090	"RUDZICA"	19520416	5.6
249180090	"RUDZICA"	19520421	0.9
249180090	"RUDZICA"	19520425	2.3
249180090	"RUDZICA"	19520426	1.5
249180090	"RUDZICA"	19520427	1.1
249180090	"RUDZICA"	19520428	18.7
249180090	"RUDZICA"	19520429	2.8
249180090	"RUDZICA"	19520502	2.5
249180090	"RUDZICA"	19520505	1.4
249180090	"RUDZICA"	19520506	0.6
249180090	"RUDZICA"	19520507	10.2
249180090	"RUDZICA"	19520512	5.2
249180090	"RUDZICA"	19520513	0.1
249180090	"RUDZICA"	19520514	2.3
249180090	"RUDZICA"	19520515	2.1
249180090	"RUDZICA"	19520516	4.6
249180090	"RUDZICA"	19520517	0.1
249180090	"RUDZICA"	19520519	2.8
249180090	"RUDZICA"	19520520	6.4
249180090	"RUDZICA"	19520521	0.8
249180090	"RUDZICA"	19520523	2
249180090	"RUDZICA"	19520524	13.3
249180090	"RUDZICA"	19520525	4.8
249180090	"RUDZICA"	19520526	4.6
249180090	"RUDZICA"	19520527	3.3
249180090	"RUDZICA"	19520529	2
249180090	"RUDZICA"	19520601	4.8
249180090	"RUDZICA"	19520602	6.5
249180090	"RUDZICA"	19520603	3.5
249180090	"RUDZICA"	19520606	0
249180090	"RUDZICA"	19520607	6.5
249180090	"RUDZICA"	19520608	0.3
249180090	"RUDZICA"	19520609	6.8
249180090	"RUDZICA"	19520610	2.3
249180090	"RUDZICA"	19520611	12
249180090	"RUDZICA"	19520614	29.2
249180090	"RUDZICA"	19520615	3.6
249180090	"RUDZICA"	19520616	16.9
249180090	"RUDZICA"	19520618	4.3
249180090	"RUDZICA"	19520619	6.6
249180090	"RUDZICA"	19520620	11.3
249180090	"RUDZICA"	19520623	8.9
249180090	"RUDZICA"	19520624	9.8
249180090	"RUDZICA"	19520625	8.4
249180090	"RUDZICA"	19520626	2.9
249180090	"RUDZICA"	19520627	2.6
249180090	"RUDZICA"	19520712	0.6
249180090	"RUDZICA"	19520714	7.6
249180090	"RUDZICA"	19520715	1.6
249180090	"RUDZICA"	19520718	4.4
249180090	"RUDZICA"	19520720	0.4
249180090	"RUDZICA"	19520721	0.3
249180090	"RUDZICA"	19520725	3.6
249180090	"RUDZICA"	19520726	0.3
249180090	"RUDZICA"	19520729	1.8
249180090	"RUDZICA"	19520803	8.4
249180090	"RUDZICA"	19520808	1.3
249180090	"RUDZICA"	19520816	22.1
249180090	"RUDZICA"	19520817	13.8
249180090	"RUDZICA"	19520818	1.8
249180090	"RUDZICA"	19520820	27.3
249180090	"RUDZICA"	19520821	0.6
249180090	"RUDZICA"	19520822	11.6
249180090	"RUDZICA"	19520825	1.8
249180090	"RUDZICA"	19520831	11.5
249180090	"RUDZICA"	19520901	1.6
249180090	"RUDZICA"	19520902	3.4
249180090	"RUDZICA"	19520903	2.4
249180090	"RUDZICA"	19520904	6.2
249180090	"RUDZICA"	19520906	4.8
249180090	"RUDZICA"	19520907	25
249180090	"RUDZICA"	19520908	0.8
249180090	"RUDZICA"	19520909	22.9
249180090	"RUDZICA"	19520910	0.9
249180090	"RUDZICA"	19520911	1.4
249180090	"RUDZICA"	19520912	0.7
249180090	"RUDZICA"	19520913	1.7
249180090	"RUDZICA"	19520917	3.1
249180090	"RUDZICA"	19520918	7.4
249180090	"RUDZICA"	19520919	18.4
249180090	"RUDZICA"	19520920	1.8
249180090	"RUDZICA"	19520922	3.5
249180090	"RUDZICA"	19520923	9.1
249180090	"RUDZICA"	19520924	2.3
249180090	"RUDZICA"	19520926	0.1
249180090	"RUDZICA"	19520928	6.1
249180090	"RUDZICA"	19520930	5.9
249180090	"RUDZICA"	19521001	0.2
249180090	"RUDZICA"	19521002	11.2
249180090	"RUDZICA"	19521003	1.3
249180090	"RUDZICA"	19521004	2.3
249180090	"RUDZICA"	19521005	17.2
249180090	"RUDZICA"	19521007	3.4
249180090	"RUDZICA"	19521008	2.7
249180090	"RUDZICA"	19521010	1.6
249180090	"RUDZICA"	19521011	2.6
249180090	"RUDZICA"	19521012	2.9
249180090	"RUDZICA"	19521013	0.6
249180090	"RUDZICA"	19521015	0.3
249180090	"RUDZICA"	19521016	2.4
249180090	"RUDZICA"	19521017	2.3
249180090	"RUDZICA"	19521019	0.6
249180090	"RUDZICA"	19521020	3.7
249180090	"RUDZICA"	19521021	2.3
249180090	"RUDZICA"	19521023	16.8
249180090	"RUDZICA"	19521026	11.7
249180090	"RUDZICA"	19521027	9.6
249180090	"RUDZICA"	19521030	1.2
249180090	"RUDZICA"	19521031	18.9
249180090	"RUDZICA"	19521101	5.6
249180090	"RUDZICA"	19521103	6.8
249180090	"RUDZICA"	19521106	0.9
249180090	"RUDZICA"	19521107	8.6
249180090	"RUDZICA"	19521108	23.6
249180090	"RUDZICA"	19521109	0.1
249180090	"RUDZICA"	19521111	0.7
249180090	"RUDZICA"	19521113	4.8
249180090	"RUDZICA"	19521115	2.4
249180090	"RUDZICA"	19521120	1.2
249180090	"RUDZICA"	19521121	1.5
249180090	"RUDZICA"	19521122	7.2
249180090	"RUDZICA"	19521128	7.9
249180090	"RUDZICA"	19521129	0.9
249180090	"RUDZICA"	19521130	4.6
249180090	"RUDZICA"	19521201	1.8
249180090	"RUDZICA"	19521202	0
249180090	"RUDZICA"	19521204	0.4
249180090	"RUDZICA"	19521213	0
249180090	"RUDZICA"	19521215	1.4
249180090	"RUDZICA"	19521216	0
249180090	"RUDZICA"	19521227	2.6
249180090	"RUDZICA"	19521228	0.3
249180090	"RUDZICA"	19521229	0.5
249180090	"RUDZICA"	19521230	2.7
249180090	"RUDZICA"	19530102	14.9
249180090	"RUDZICA"	19530103	4.1
249180090	"RUDZICA"	19530107	4.4
249180090	"RUDZICA"	19530108	8.1
249180090	"RUDZICA"	19530110	3.3
249180090	"RUDZICA"	19530111	2.6
249180090	"RUDZICA"	19530112	1.9
249180090	"RUDZICA"	19530118	1.3
249180090	"RUDZICA"	19530119	1.5
249180090	"RUDZICA"	19530121	0.7
249180090	"RUDZICA"	19530122	4
249180090	"RUDZICA"	19530123	1.5
249180090	"RUDZICA"	19530125	0.4
249180090	"RUDZICA"	19530126	0.5
249180090	"RUDZICA"	19530127	3.8
249180090	"RUDZICA"	19530128	1.6
249180090	"RUDZICA"	19530129	3.4
249180090	"RUDZICA"	19530202	6.4
249180090	"RUDZICA"	19530203	1
249180090	"RUDZICA"	19530204	0
249180090	"RUDZICA"	19530205	0
249180090	"RUDZICA"	19530206	0.7
249180090	"RUDZICA"	19530207	0.5
249180090	"RUDZICA"	19530208	2.6
249180090	"RUDZICA"	19530213	0.6
249180090	"RUDZICA"	19530215	0.2
249180090	"RUDZICA"	19530216	1.2
249180090	"RUDZICA"	19530217	0.4
249180090	"RUDZICA"	19530218	0.3
249180090	"RUDZICA"	19530219	0.4
249180090	"RUDZICA"	19530220	1
249180090	"RUDZICA"	19530223	0.2
249180090	"RUDZICA"	19530228	6.4
249180090	"RUDZICA"	19530303	0
249180090	"RUDZICA"	19530304	5.7
249180090	"RUDZICA"	19530307	5.5
249180090	"RUDZICA"	19530309	0.9
249180090	"RUDZICA"	19530310	2.1
249180090	"RUDZICA"	19530311	5.4
249180090	"RUDZICA"	19530312	3.8
249180090	"RUDZICA"	19530313	0.6
249180090	"RUDZICA"	19530327	3.7
249180090	"RUDZICA"	19530405	5.8
249180090	"RUDZICA"	19530406	0.6
249180090	"RUDZICA"	19530416	0.1
249180090	"RUDZICA"	19530417	3.6
249180090	"RUDZICA"	19530418	0
249180090	"RUDZICA"	19530427	0
249180090	"RUDZICA"	19530428	11.8
249180090	"RUDZICA"	19530429	8.3
249180090	"RUDZICA"	19530430	10.7
249180090	"RUDZICA"	19530501	0
249180090	"RUDZICA"	19530504	3.1
249180090	"RUDZICA"	19530505	7.7
249180090	"RUDZICA"	19530506	12.2
249180090	"RUDZICA"	19530507	5.5
249180090	"RUDZICA"	19530509	3.2
249180090	"RUDZICA"	19530510	27.5
249180090	"RUDZICA"	19530511	7.9
249180090	"RUDZICA"	19530512	4.1
249180090	"RUDZICA"	19530513	1.1
249180090	"RUDZICA"	19530520	2.4
249180090	"RUDZICA"	19530522	0.5
249180090	"RUDZICA"	19530526	2.8
249180090	"RUDZICA"	19530527	5.1
249180090	"RUDZICA"	19530528	0.2
249180090	"RUDZICA"	19530530	0.1
249180090	"RUDZICA"	19530531	7
249180090	"RUDZICA"	19530601	1.3
249180090	"RUDZICA"	19530603	3.1
249180090	"RUDZICA"	19530604	0
249180090	"RUDZICA"	19530609	1.5
249180090	"RUDZICA"	19530610	4.1
249180090	"RUDZICA"	19530611	0
249180090	"RUDZICA"	19530612	6.6
249180090	"RUDZICA"	19530617	7.8
249180090	"RUDZICA"	19530618	10
249180090	"RUDZICA"	19530619	1.7
249180090	"RUDZICA"	19530624	13.6
249180090	"RUDZICA"	19530625	2.9
249180090	"RUDZICA"	19530626	12.1
249180090	"RUDZICA"	19530627	0.6
249180090	"RUDZICA"	19530628	0.7
249180090	"RUDZICA"	19530702	6.6
249180090	"RUDZICA"	19530705	0
249180090	"RUDZICA"	19530708	5.3
249180090	"RUDZICA"	19530709	2.6
249180090	"RUDZICA"	19530710	11.9
249180090	"RUDZICA"	19530713	7.4
249180090	"RUDZICA"	19530719	35.8
249180090	"RUDZICA"	19530723	0.4
249180090	"RUDZICA"	19530727	37.9
249180090	"RUDZICA"	19530728	3
249180090	"RUDZICA"	19530729	0.3
249180090	"RUDZICA"	19530730	20.3
249180090	"RUDZICA"	19530731	0.3
249180090	"RUDZICA"	19530801	7.9
249180090	"RUDZICA"	19530803	8.6
249180090	"RUDZICA"	19530805	8.8
249180090	"RUDZICA"	19530806	2.9
249180090	"RUDZICA"	19530807	16.7
249180090	"RUDZICA"	19530808	1.6
249180090	"RUDZICA"	19530821	4.5
249180090	"RUDZICA"	19530822	19.3
249180090	"RUDZICA"	19530823	2.6
249180090	"RUDZICA"	19530826	0.3
249180090	"RUDZICA"	19530827	1
249180090	"RUDZICA"	19530831	0
249180090	"RUDZICA"	19530903	0.8
249180090	"RUDZICA"	19530910	5.4
249180090	"RUDZICA"	19530912	8.9
249180090	"RUDZICA"	19530913	14.8
249180090	"RUDZICA"	19530914	4.1
249180090	"RUDZICA"	19530920	3.2
249180090	"RUDZICA"	19530921	0
249180090	"RUDZICA"	19530922	1.7
249180090	"RUDZICA"	19530929	17.3
249180090	"RUDZICA"	19530930	7.5
249180090	"RUDZICA"	19531004	2.8
249180090	"RUDZICA"	19531005	4.1
249180090	"RUDZICA"	19531006	2.1
249180090	"RUDZICA"	19531007	4.3
249180090	"RUDZICA"	19531008	0.1
249180090	"RUDZICA"	19531030	3.6
249180090	"RUDZICA"	19531104	0.3
249180090	"RUDZICA"	19531106	11.3
249180090	"RUDZICA"	19531107	1.1
249180090	"RUDZICA"	19531108	0.1
249180090	"RUDZICA"	19531113	0.1
249180090	"RUDZICA"	19531114	4.4
249180090	"RUDZICA"	19531115	0.7
249180090	"RUDZICA"	19531120	7.9
249180090	"RUDZICA"	19531121	1
249180090	"RUDZICA"	19531122	1.4
249180090	"RUDZICA"	19531129	1.4
249180090	"RUDZICA"	19531216	0.9
249180090	"RUDZICA"	19531217	0.2
249180090	"RUDZICA"	19531218	0.1
249180090	"RUDZICA"	19531220	0.2
249180090	"RUDZICA"	19531222	3.4
249180090	"RUDZICA"	19531223	1.1
249180090	"RUDZICA"	19531224	0
249180090	"RUDZICA"	19531227	1.7
249180090	"RUDZICA"	19531228	0.6
249180090	"RUDZICA"	19531229	1.2
249180090	"RUDZICA"	19531230	2.5
249180090	"RUDZICA"	19531231	3.7
249180090	"RUDZICA"	19540101	0.4
249180090	"RUDZICA"	19540102	0.1
249180090	"RUDZICA"	19540108	2.1
249180090	"RUDZICA"	19540109	1.2
249180090	"RUDZICA"	19540110	1.2
249180090	"RUDZICA"	19540111	0
249180090	"RUDZICA"	19540112	0.1
249180090	"RUDZICA"	19540113	0.2
249180090	"RUDZICA"	19540115	1.4
249180090	"RUDZICA"	19540116	0
249180090	"RUDZICA"	19540117	1
249180090	"RUDZICA"	19540119	1.4
249180090	"RUDZICA"	19540120	3
249180090	"RUDZICA"	19540121	1.9
249180090	"RUDZICA"	19540122	0.5
249180090	"RUDZICA"	19540123	1.1
249180090	"RUDZICA"	19540124	1.8
249180090	"RUDZICA"	19540125	0.4
249180090	"RUDZICA"	19540126	0
249180090	"RUDZICA"	19540129	0.4
249180090	"RUDZICA"	19540130	0
249180090	"RUDZICA"	19540211	1.4
249180090	"RUDZICA"	19540212	0.6
249180090	"RUDZICA"	19540213	0.8
249180090	"RUDZICA"	19540216	10.1
249180090	"RUDZICA"	19540217	0.3
249180090	"RUDZICA"	19540227	0
249180090	"RUDZICA"	19540301	0.3
249180090	"RUDZICA"	19540305	0
249180090	"RUDZICA"	19540306	1
249180090	"RUDZICA"	19540324	1
249180090	"RUDZICA"	19540325	1.3
249180090	"RUDZICA"	19540326	6
249180090	"RUDZICA"	19540327	5.5
249180090	"RUDZICA"	19540328	2.8
249180090	"RUDZICA"	19540330	0
249180090	"RUDZICA"	19540401	3.5
249180090	"RUDZICA"	19540402	1.4
249180090	"RUDZICA"	19540403	2.4
249180090	"RUDZICA"	19540404	0.9
249180090	"RUDZICA"	19540405	2
249180090	"RUDZICA"	19540406	1.7
249180090	"RUDZICA"	19540407	0.7
249180090	"RUDZICA"	19540408	0.9
249180090	"RUDZICA"	19540410	0
249180090	"RUDZICA"	19540411	0
249180090	"RUDZICA"	19540412	2.4
249180090	"RUDZICA"	19540413	2.3
249180090	"RUDZICA"	19540414	6.8
249180090	"RUDZICA"	19540415	9.7
249180090	"RUDZICA"	19540416	2.5
249180090	"RUDZICA"	19540417	0.9
249180090	"RUDZICA"	19540418	15.3
249180090	"RUDZICA"	19540419	13
249180090	"RUDZICA"	19540420	4.9
249180090	"RUDZICA"	19540421	0.7
249180090	"RUDZICA"	19540426	0.2
249180090	"RUDZICA"	19540430	0.1
249180090	"RUDZICA"	19540503	1.9
249180090	"RUDZICA"	19540504	5.4
249180090	"RUDZICA"	19540505	0.1
249180090	"RUDZICA"	19540506	0.5
249180090	"RUDZICA"	19540507	2.4
249180090	"RUDZICA"	19540508	2.3
249180090	"RUDZICA"	19540510	1.2
249180090	"RUDZICA"	19540511	1.6
249180090	"RUDZICA"	19540517	7.4
249180090	"RUDZICA"	19540518	34.5
249180090	"RUDZICA"	19540519	7.4
249180090	"RUDZICA"	19540524	0.5
249180090	"RUDZICA"	19540526	1.8
249180090	"RUDZICA"	19540529	1.5
249180090	"RUDZICA"	19540530	0.2
249180090	"RUDZICA"	19540601	4.5
249180090	"RUDZICA"	19540602	6.1
249180090	"RUDZICA"	19540607	11.4
249180090	"RUDZICA"	19540608	2.1
249180090	"RUDZICA"	19540610	22.1
249180090	"RUDZICA"	19540611	3.1
249180090	"RUDZICA"	19540612	1.7
249180090	"RUDZICA"	19540614	2.3
249180090	"RUDZICA"	19540617	12.4
249180090	"RUDZICA"	19540619	0.8
249180090	"RUDZICA"	19540620	0
249180090	"RUDZICA"	19540622	2.8
249180090	"RUDZICA"	19540623	1.9
249180090	"RUDZICA"	19540624	0.7
249180090	"RUDZICA"	19540627	25
249180090	"RUDZICA"	19540628	8.6
249180090	"RUDZICA"	19540701	13.8
249180090	"RUDZICA"	19540702	15.8
249180090	"RUDZICA"	19540703	5.8
249180090	"RUDZICA"	19540705	1.8
249180090	"RUDZICA"	19540706	0.3
249180090	"RUDZICA"	19540707	0.1
249180090	"RUDZICA"	19540708	7.9
249180090	"RUDZICA"	19540709	2.6
249180090	"RUDZICA"	19540712	2.3
249180090	"RUDZICA"	19540713	3.8
249180090	"RUDZICA"	19540714	0.9
249180090	"RUDZICA"	19540715	0.7
249180090	"RUDZICA"	19540717	0
249180090	"RUDZICA"	19540718	4.3
249180090	"RUDZICA"	19540719	3.6
249180090	"RUDZICA"	19540720	1.6
249180090	"RUDZICA"	19540722	17.3
249180090	"RUDZICA"	19540725	1.4
249180090	"RUDZICA"	19540726	1.3
249180090	"RUDZICA"	19540728	7
249180090	"RUDZICA"	19540731	1.9
249180090	"RUDZICA"	19540807	3.9
249180090	"RUDZICA"	19540808	0
249180090	"RUDZICA"	19540810	17.5
249180090	"RUDZICA"	19540811	0.6
249180090	"RUDZICA"	19540812	0
249180090	"RUDZICA"	19540815	5.2
249180090	"RUDZICA"	19540816	5.1
249180090	"RUDZICA"	19540817	0.5
249180090	"RUDZICA"	19540818	0.4
249180090	"RUDZICA"	19540822	3.2
249180090	"RUDZICA"	19540824	4.9
249180090	"RUDZICA"	19540828	0.3
249180090	"RUDZICA"	19540830	0
249180090	"RUDZICA"	19540906	1.5
249180090	"RUDZICA"	19540912	5.8
249180090	"RUDZICA"	19540915	1
249180090	"RUDZICA"	19540916	0.4
249180090	"RUDZICA"	19540918	0.6
249180090	"RUDZICA"	19540919	0.4
249180090	"RUDZICA"	19540920	0.9
249180090	"RUDZICA"	19540922	0
249180090	"RUDZICA"	19540923	1.8
249180090	"RUDZICA"	19540924	0.2
249180090	"RUDZICA"	19540927	10.8
249180090	"RUDZICA"	19540928	2.9
249180090	"RUDZICA"	19540929	1.5
249180090	"RUDZICA"	19540930	8
249180090	"RUDZICA"	19541001	3.4
249180090	"RUDZICA"	19541002	0.1
249180090	"RUDZICA"	19541004	2.7
249180090	"RUDZICA"	19541005	8.5
249180090	"RUDZICA"	19541006	3.4
249180090	"RUDZICA"	19541019	2.8
249180090	"RUDZICA"	19541020	1.4
249180090	"RUDZICA"	19541022	0.3
249180090	"RUDZICA"	19541025	15.8
249180090	"RUDZICA"	19541028	0.5
249180090	"RUDZICA"	19541103	8.6
249180090	"RUDZICA"	19541104	0.7
249180090	"RUDZICA"	19541109	1.6
249180090	"RUDZICA"	19541110	9
249180090	"RUDZICA"	19541111	1.3
249180090	"RUDZICA"	19541115	3.4
249180090	"RUDZICA"	19541116	3.8
249180090	"RUDZICA"	19541117	2.4
249180090	"RUDZICA"	19541118	1
249180090	"RUDZICA"	19541119	0.8
249180090	"RUDZICA"	19541120	0.4
249180090	"RUDZICA"	19541130	1.7
249180090	"RUDZICA"	19541201	1.8
249180090	"RUDZICA"	19541203	1
249180090	"RUDZICA"	19541204	1.3
249180090	"RUDZICA"	19541205	5
249180090	"RUDZICA"	19541206	2.4
249180090	"RUDZICA"	19541207	1
249180090	"RUDZICA"	19541208	4
249180090	"RUDZICA"	19541212	0.3
249180090	"RUDZICA"	19541213	11.1
249180090	"RUDZICA"	19541214	3.8
249180090	"RUDZICA"	19541215	4.5
249180090	"RUDZICA"	19541216	1.2
249180090	"RUDZICA"	19541218	1
249180090	"RUDZICA"	19541220	0.5
249180090	"RUDZICA"	19541221	0.1
249180090	"RUDZICA"	19541222	0.1
249180090	"RUDZICA"	19541223	2
249180090	"RUDZICA"	19541224	2.7
249180090	"RUDZICA"	19541225	0.5
249180090	"RUDZICA"	19541226	2.1
249180090	"RUDZICA"	19541227	11.7
249180090	"RUDZICA"	19541228	20.4
249180090	"RUDZICA"	19541229	6.2
249180090	"RUDZICA"	19541230	2.8
249180090	"RUDZICA"	19541231	5.1
249180090	"RUDZICA"	19550101	1
249180090	"RUDZICA"	19550102	1.5
249180090	"RUDZICA"	19550104	0.1
249180090	"RUDZICA"	19550108	2.7
249180090	"RUDZICA"	19550109	1.2
249180090	"RUDZICA"	19550111	12
249180090	"RUDZICA"	19550112	3.2
249180090	"RUDZICA"	19550114	7.6
249180090	"RUDZICA"	19550115	0.6
249180090	"RUDZICA"	19550116	2.4
249180090	"RUDZICA"	19550117	0.1
249180090	"RUDZICA"	19550118	0.1
249180090	"RUDZICA"	19550203	0.1
249180090	"RUDZICA"	19550204	0.2
249180090	"RUDZICA"	19550206	0.4
249180090	"RUDZICA"	19550207	0.9
249180090	"RUDZICA"	19550208	4.9
249180090	"RUDZICA"	19550209	0.7
249180090	"RUDZICA"	19550210	7.5
249180090	"RUDZICA"	19550211	0.2
249180090	"RUDZICA"	19550213	0.7
249180090	"RUDZICA"	19550214	0.4
249180090	"RUDZICA"	19550215	0.2
249180090	"RUDZICA"	19550217	2.6
249180090	"RUDZICA"	19550218	10.7
249180090	"RUDZICA"	19550219	0.9
249180090	"RUDZICA"	19550220	0.1
249180090	"RUDZICA"	19550221	1.7
249180090	"RUDZICA"	19550222	0.1
249180090	"RUDZICA"	19550224	1.7
249180090	"RUDZICA"	19550305	0
249180090	"RUDZICA"	19550307	9.3
249180090	"RUDZICA"	19550308	6.3
249180090	"RUDZICA"	19550309	4.6
249180090	"RUDZICA"	19550310	2.5
249180090	"RUDZICA"	19550311	1
249180090	"RUDZICA"	19550312	0.2
249180090	"RUDZICA"	19550314	0.2
249180090	"RUDZICA"	19550315	1.5
249180090	"RUDZICA"	19550316	6.4
249180090	"RUDZICA"	19550317	3.8
249180090	"RUDZICA"	19550318	1.8
249180090	"RUDZICA"	19550319	5.8
249180090	"RUDZICA"	19550320	0.1
249180090	"RUDZICA"	19550324	4.6
249180090	"RUDZICA"	19550326	1.6
249180090	"RUDZICA"	19550327	4.6
249180090	"RUDZICA"	19550328	0.4
249180090	"RUDZICA"	19550330	0.2
249180090	"RUDZICA"	19550401	0.3
249180090	"RUDZICA"	19550404	1.4
249180090	"RUDZICA"	19550405	0.4
249180090	"RUDZICA"	19550407	4.8
249180090	"RUDZICA"	19550408	13.9
249180090	"RUDZICA"	19550409	0.4
249180090	"RUDZICA"	19550410	4.1
249180090	"RUDZICA"	19550411	7.2
249180090	"RUDZICA"	19550412	5.1
249180090	"RUDZICA"	19550413	6.7
249180090	"RUDZICA"	19550414	6.4
249180090	"RUDZICA"	19550415	0.4
249180090	"RUDZICA"	19550416	31.2
249180090	"RUDZICA"	19550417	0.2
249180090	"RUDZICA"	19550418	6.8
249180090	"RUDZICA"	19550419	1.2
249180090	"RUDZICA"	19550420	3.7
249180090	"RUDZICA"	19550421	0.4
249180090	"RUDZICA"	19550422	0.6
249180090	"RUDZICA"	19550424	6.7
249180090	"RUDZICA"	19550425	2.2
249180090	"RUDZICA"	19550501	0.2
249180090	"RUDZICA"	19550502	0.5
249180090	"RUDZICA"	19550503	0
249180090	"RUDZICA"	19550505	0.6
249180090	"RUDZICA"	19550510	12.1
249180090	"RUDZICA"	19550511	7.6
249180090	"RUDZICA"	19550514	1.4
249180090	"RUDZICA"	19550515	32.6
249180090	"RUDZICA"	19550516	0.4
249180090	"RUDZICA"	19550518	23.9
249180090	"RUDZICA"	19550519	1.3
249180090	"RUDZICA"	19550522	0.5
249180090	"RUDZICA"	19550523	0.4
249180090	"RUDZICA"	19550524	0
249180090	"RUDZICA"	19550525	0.1
249180090	"RUDZICA"	19550528	16.2
249180090	"RUDZICA"	19550601	7.1
249180090	"RUDZICA"	19550602	21.4
249180090	"RUDZICA"	19550603	42.8
249180090	"RUDZICA"	19550610	7.7
249180090	"RUDZICA"	19550611	0.3
249180090	"RUDZICA"	19550613	5.6
249180090	"RUDZICA"	19550614	0.7
249180090	"RUDZICA"	19550620	13.7
249180090	"RUDZICA"	19550621	30.1
249180090	"RUDZICA"	19550622	0.1
249180090	"RUDZICA"	19550623	0.2
249180090	"RUDZICA"	19550626	4.4
249180090	"RUDZICA"	19550627	8.8
249180090	"RUDZICA"	19550628	1.1
249180090	"RUDZICA"	19550629	1.5
249180090	"RUDZICA"	19550630	1.9
249180090	"RUDZICA"	19550701	1.1
249180090	"RUDZICA"	19550703	24.2
249180090	"RUDZICA"	19550704	8.5
249180090	"RUDZICA"	19550706	5.6
249180090	"RUDZICA"	19550707	37.7
249180090	"RUDZICA"	19550708	5.3
249180090	"RUDZICA"	19550709	8.7
249180090	"RUDZICA"	19550710	1.4
249180090	"RUDZICA"	19550711	0.1
249180090	"RUDZICA"	19550712	0
249180090	"RUDZICA"	19550716	0
249180090	"RUDZICA"	19550719	48.9
249180090	"RUDZICA"	19550720	4.3
249180090	"RUDZICA"	19550724	6.2
249180090	"RUDZICA"	19550725	2
249180090	"RUDZICA"	19550726	0.1
249180090	"RUDZICA"	19550727	0.5
249180090	"RUDZICA"	19550729	3.8
249180090	"RUDZICA"	19550730	4.4
249180090	"RUDZICA"	19550801	4.6
249180090	"RUDZICA"	19550802	68.1
249180090	"RUDZICA"	19550803	5.2
249180090	"RUDZICA"	19550805	14.4
249180090	"RUDZICA"	19550808	7.1
249180090	"RUDZICA"	19550809	4.3
249180090	"RUDZICA"	19550811	8.1
249180090	"RUDZICA"	19550812	6.3
249180090	"RUDZICA"	19550814	29.7
249180090	"RUDZICA"	19550815	1.4
249180090	"RUDZICA"	19550816	9.2
249180090	"RUDZICA"	19550819	3.5
249180090	"RUDZICA"	19550823	2.5
249180090	"RUDZICA"	19550824	9.9
249180090	"RUDZICA"	19550827	5.7
249180090	"RUDZICA"	19550828	27.7
249180090	"RUDZICA"	19550829	0.3
249180090	"RUDZICA"	19550901	4.3
249180090	"RUDZICA"	19550906	0.8
249180090	"RUDZICA"	19550913	12.4
249180090	"RUDZICA"	19550914	16.4
249180090	"RUDZICA"	19550915	0
249180090	"RUDZICA"	19550926	0.8
249180090	"RUDZICA"	19550927	16.3
249180090	"RUDZICA"	19550928	0.9
249180090	"RUDZICA"	19551006	1.1
249180090	"RUDZICA"	19551007	8.6
249180090	"RUDZICA"	19551008	0.1
249180090	"RUDZICA"	19551009	0.8
249180090	"RUDZICA"	19551010	0.1
249180090	"RUDZICA"	19551011	0.4
249180090	"RUDZICA"	19551012	0.1
249180090	"RUDZICA"	19551013	1.4
249180090	"RUDZICA"	19551015	2.6
249180090	"RUDZICA"	19551017	8.4
249180090	"RUDZICA"	19551018	2.8
249180090	"RUDZICA"	19551022	0.2
249180090	"RUDZICA"	19551024	12.3
249180090	"RUDZICA"	19551025	3.8
249180090	"RUDZICA"	19551026	0
249180090	"RUDZICA"	19551027	1.4
249180090	"RUDZICA"	19551028	6.4
249180090	"RUDZICA"	19551029	1
249180090	"RUDZICA"	19551030	0
249180090	"RUDZICA"	19551102	2.4
249180090	"RUDZICA"	19551106	0
249180090	"RUDZICA"	19551112	0
249180090	"RUDZICA"	19551113	1.4
249180090	"RUDZICA"	19551116	3.1
249180090	"RUDZICA"	19551117	3.3
249180090	"RUDZICA"	19551118	0.3
249180090	"RUDZICA"	19551120	1.4
249180090	"RUDZICA"	19551121	0.5
249180090	"RUDZICA"	19551123	10.4
249180090	"RUDZICA"	19551124	1.8
249180090	"RUDZICA"	19551125	1.9
249180090	"RUDZICA"	19551127	1.6
249180090	"RUDZICA"	19551128	2.1
249180090	"RUDZICA"	19551203	0.5
249180090	"RUDZICA"	19551204	2.1
249180090	"RUDZICA"	19551205	1.2
249180090	"RUDZICA"	19551206	1.1
249180090	"RUDZICA"	19551207	1.6
249180090	"RUDZICA"	19551208	7.3
249180090	"RUDZICA"	19551209	1.2
249180090	"RUDZICA"	19551210	2.7
249180090	"RUDZICA"	19551211	1.3
249180090	"RUDZICA"	19551215	0.3
249180090	"RUDZICA"	19551216	4.1
249180090	"RUDZICA"	19551217	0.6
249180090	"RUDZICA"	19551218	6.8
249180090	"RUDZICA"	19551220	0.8
249180090	"RUDZICA"	19551222	4.3
249180090	"RUDZICA"	19551225	3.3
249180090	"RUDZICA"	19551226	0.3
249180090	"RUDZICA"	19551227	4.8
249180090	"RUDZICA"	19551228	2.4
249180090	"RUDZICA"	19551229	4.5
249180090	"RUDZICA"	19551231	0.3
249180090	"RUDZICA"	19560101	0.7
249180090	"RUDZICA"	19560102	4.8
249180090	"RUDZICA"	19560103	0.4
249180090	"RUDZICA"	19560105	3.8
249180090	"RUDZICA"	19560107	0.3
249180090	"RUDZICA"	19560118	0.2
249180090	"RUDZICA"	19560124	0.3
249180090	"RUDZICA"	19560125	4.1
249180090	"RUDZICA"	19560127	0.5
249180090	"RUDZICA"	19560128	1.2
249180090	"RUDZICA"	19560129	3.3
249180090	"RUDZICA"	19560130	1.5
249180090	"RUDZICA"	19560202	0.5
249180090	"RUDZICA"	19560205	0.6
249180090	"RUDZICA"	19560206	2.4
249180090	"RUDZICA"	19560207	1.4
249180090	"RUDZICA"	19560208	1.8
249180090	"RUDZICA"	19560209	0.4
249180090	"RUDZICA"	19560211	3.9
249180090	"RUDZICA"	19560213	0.9
249180090	"RUDZICA"	19560214	5.4
249180090	"RUDZICA"	19560217	1.6
249180090	"RUDZICA"	19560218	1.2
249180090	"RUDZICA"	19560220	7.3
249180090	"RUDZICA"	19560221	5.4
249180090	"RUDZICA"	19560222	1.6
249180090	"RUDZICA"	19560223	0.2
249180090	"RUDZICA"	19560227	0.1
249180090	"RUDZICA"	19560228	1.8
249180090	"RUDZICA"	19560229	2.8
249180090	"RUDZICA"	19560301	2.1
249180090	"RUDZICA"	19560302	1.3
249180090	"RUDZICA"	19560304	1.6
249180090	"RUDZICA"	19560305	0.8
249180090	"RUDZICA"	19560306	0.3
249180090	"RUDZICA"	19560307	4.8
249180090	"RUDZICA"	19560308	0.2
249180090	"RUDZICA"	19560309	6.1
249180090	"RUDZICA"	19560310	1.6
249180090	"RUDZICA"	19560311	0.6
249180090	"RUDZICA"	19560312	0.3
249180090	"RUDZICA"	19560313	0.1
249180090	"RUDZICA"	19560314	0
249180090	"RUDZICA"	19560325	1.9
249180090	"RUDZICA"	19560326	6.3
249180090	"RUDZICA"	19560404	2.3
249180090	"RUDZICA"	19560405	0.1
249180090	"RUDZICA"	19560406	2.2
249180090	"RUDZICA"	19560407	0.1
249180090	"RUDZICA"	19560409	6.8
249180090	"RUDZICA"	19560410	0.6
249180090	"RUDZICA"	19560411	3.2
249180090	"RUDZICA"	19560413	4.2
249180090	"RUDZICA"	19560414	0
249180090	"RUDZICA"	19560417	2.4
249180090	"RUDZICA"	19560418	9.4
249180090	"RUDZICA"	19560419	3.2
249180090	"RUDZICA"	19560420	2.8
249180090	"RUDZICA"	19560423	2.1
249180090	"RUDZICA"	19560426	9.6
249180090	"RUDZICA"	19560427	4.7
249180090	"RUDZICA"	19560430	9.1
249180090	"RUDZICA"	19560501	1.8
249180090	"RUDZICA"	19560503	0.5
249180090	"RUDZICA"	19560508	1.7
249180090	"RUDZICA"	19560509	0.2
249180090	"RUDZICA"	19560510	3.6
249180090	"RUDZICA"	19560511	13.1
249180090	"RUDZICA"	19560512	3.3
249180090	"RUDZICA"	19560513	11.6
249180090	"RUDZICA"	19560517	7.6
249180090	"RUDZICA"	19560518	6
249180090	"RUDZICA"	19560519	15.9
249180090	"RUDZICA"	19560520	0.1
249180090	"RUDZICA"	19560526	3.4
249180090	"RUDZICA"	19560602	0
249180090	"RUDZICA"	19560607	0
249180090	"RUDZICA"	19560608	0
249180090	"RUDZICA"	19560609	21.9
249180090	"RUDZICA"	19560612	6.9
249180090	"RUDZICA"	19560614	1.8
249180090	"RUDZICA"	19560615	0.6
249180090	"RUDZICA"	19560618	14.2
249180090	"RUDZICA"	19560619	12.1
249180090	"RUDZICA"	19560620	10.3
249180090	"RUDZICA"	19560621	1.1
249180090	"RUDZICA"	19560622	14.2
249180090	"RUDZICA"	19560623	16.9
249180090	"RUDZICA"	19560624	24.1
249180090	"RUDZICA"	19560625	3.6
249180090	"RUDZICA"	19560626	0
249180090	"RUDZICA"	19560627	3.5
249180090	"RUDZICA"	19560628	0.3
249180090	"RUDZICA"	19560629	12.3
249180090	"RUDZICA"	19560630	0.4
249180090	"RUDZICA"	19560702	0.3
249180090	"RUDZICA"	19560703	29.3
249180090	"RUDZICA"	19560704	2.1
249180090	"RUDZICA"	19560706	5.1
249180090	"RUDZICA"	19560708	1.4
249180090	"RUDZICA"	19560715	0.8
249180090	"RUDZICA"	19560716	0.6
249180090	"RUDZICA"	19560719	0.8
249180090	"RUDZICA"	19560720	9.3
249180090	"RUDZICA"	19560721	2.2
249180090	"RUDZICA"	19560722	0.3
249180090	"RUDZICA"	19560723	3.2
249180090	"RUDZICA"	19560724	5.4
249180090	"RUDZICA"	19560730	10.9
249180090	"RUDZICA"	19560802	1.9
249180090	"RUDZICA"	19560803	2.2
249180090	"RUDZICA"	19560804	8.7
249180090	"RUDZICA"	19560806	5.6
249180090	"RUDZICA"	19560807	11.8
249180090	"RUDZICA"	19560811	20.2
249180090	"RUDZICA"	19560812	6.2
249180090	"RUDZICA"	19560814	2.3
249180090	"RUDZICA"	19560817	0.3
249180090	"RUDZICA"	19560819	3.7
249180090	"RUDZICA"	19560821	15.6
249180090	"RUDZICA"	19560823	12.4
249180090	"RUDZICA"	19560824	6.8
249180090	"RUDZICA"	19560825	0.2
249180090	"RUDZICA"	19560828	0.3
249180090	"RUDZICA"	19560829	19.8
249180090	"RUDZICA"	19560830	0.3
249180090	"RUDZICA"	19560904	5.4
249180090	"RUDZICA"	19560910	0.7
249180090	"RUDZICA"	19560911	0.8
249180090	"RUDZICA"	19560912	19.3
249180090	"RUDZICA"	19560913	12.3
249180090	"RUDZICA"	19560917	8.4
249180090	"RUDZICA"	19560927	6.2
249180090	"RUDZICA"	19561003	7.6
249180090	"RUDZICA"	19561004	8.7
249180090	"RUDZICA"	19561005	9.4
249180090	"RUDZICA"	19561006	30.5
249180090	"RUDZICA"	19561007	2.9
249180090	"RUDZICA"	19561008	0.2
249180090	"RUDZICA"	19561009	0.6
249180090	"RUDZICA"	19561013	0
249180090	"RUDZICA"	19561014	2.4
249180090	"RUDZICA"	19561018	0.2
249180090	"RUDZICA"	19561019	2.7
249180090	"RUDZICA"	19561020	0
249180090	"RUDZICA"	19561026	0.6
249180090	"RUDZICA"	19561028	5.3
249180090	"RUDZICA"	19561029	6.5
249180090	"RUDZICA"	19561030	0.2
249180090	"RUDZICA"	19561102	0.2
249180090	"RUDZICA"	19561103	0
249180090	"RUDZICA"	19561105	0.9
249180090	"RUDZICA"	19561106	7.8
249180090	"RUDZICA"	19561107	4.1
249180090	"RUDZICA"	19561110	0.2
249180090	"RUDZICA"	19561112	4.3
249180090	"RUDZICA"	19561113	4.7
249180090	"RUDZICA"	19561114	2.5
249180090	"RUDZICA"	19561115	5.2
249180090	"RUDZICA"	19561117	3.3
249180090	"RUDZICA"	19561118	0.8
249180090	"RUDZICA"	19561124	0
249180090	"RUDZICA"	19561125	0.6
249180090	"RUDZICA"	19561126	7.6
249180090	"RUDZICA"	19561127	11.2
249180090	"RUDZICA"	19561202	0
249180090	"RUDZICA"	19561203	3.6
249180090	"RUDZICA"	19561204	2.8
249180090	"RUDZICA"	19561205	5.2
249180090	"RUDZICA"	19561206	1.3
249180090	"RUDZICA"	19561209	0.5
249180090	"RUDZICA"	19561210	0.4
249180090	"RUDZICA"	19561211	3.9
249180090	"RUDZICA"	19561218	0.6
249180090	"RUDZICA"	19561221	0.1
249180090	"RUDZICA"	19561223	2.3
249180090	"RUDZICA"	19561224	3.1
249180090	"RUDZICA"	19561225	2.2
249180090	"RUDZICA"	19570105	0.8
249180090	"RUDZICA"	19570106	4.1
249180090	"RUDZICA"	19570110	3.4
249180090	"RUDZICA"	19570111	0.2
249180090	"RUDZICA"	19570112	0.3
249180090	"RUDZICA"	19570113	3.1
249180090	"RUDZICA"	19570127	1.2
249180090	"RUDZICA"	19570128	4.3
249180090	"RUDZICA"	19570130	5.1
249180090	"RUDZICA"	19570201	1.6
249180090	"RUDZICA"	19570206	1.4
249180090	"RUDZICA"	19570207	0.3
249180090	"RUDZICA"	19570208	1.6
249180090	"RUDZICA"	19570209	1.7
249180090	"RUDZICA"	19570210	0
249180090	"RUDZICA"	19570211	5.5
249180090	"RUDZICA"	19570215	0
249180090	"RUDZICA"	19570218	7.8
249180090	"RUDZICA"	19570219	0
249180090	"RUDZICA"	19570221	16.2
249180090	"RUDZICA"	19570222	0
249180090	"RUDZICA"	19570223	0.2
249180090	"RUDZICA"	19570224	1.7
249180090	"RUDZICA"	19570225	15.6
249180090	"RUDZICA"	19570226	0.2
249180090	"RUDZICA"	19570228	0
249180090	"RUDZICA"	19570301	2.9
249180090	"RUDZICA"	19570302	1
249180090	"RUDZICA"	19570305	0.8
249180090	"RUDZICA"	19570314	0.3
249180090	"RUDZICA"	19570315	7.4
249180090	"RUDZICA"	19570316	4.9
249180090	"RUDZICA"	19570317	11.3
249180090	"RUDZICA"	19570318	4.3
249180090	"RUDZICA"	19570319	5.8
249180090	"RUDZICA"	19570323	4.3
249180090	"RUDZICA"	19570328	2.3
249180090	"RUDZICA"	19570329	10.3
249180090	"RUDZICA"	19570330	0.7
249180090	"RUDZICA"	19570407	22.8
249180090	"RUDZICA"	19570408	0.6
249180090	"RUDZICA"	19570410	7.3
249180090	"RUDZICA"	19570411	6.4
249180090	"RUDZICA"	19570413	2.9
249180090	"RUDZICA"	19570414	0.1
249180090	"RUDZICA"	19570421	9.1
249180090	"RUDZICA"	19570422	3.2
249180090	"RUDZICA"	19570423	4.8
249180090	"RUDZICA"	19570424	2.6
249180090	"RUDZICA"	19570425	1.7
249180090	"RUDZICA"	19570430	6
249180090	"RUDZICA"	19570502	0.1
249180090	"RUDZICA"	19570505	0.4
249180090	"RUDZICA"	19570507	2.6
249180090	"RUDZICA"	19570508	7.1
249180090	"RUDZICA"	19570509	3.5
249180090	"RUDZICA"	19570510	7.6
249180090	"RUDZICA"	19570517	0.3
249180090	"RUDZICA"	19570520	26.8
249180090	"RUDZICA"	19570521	0
249180090	"RUDZICA"	19570522	1.3
249180090	"RUDZICA"	19570523	1.5
249180090	"RUDZICA"	19570524	0
249180090	"RUDZICA"	19570604	3.6
249180090	"RUDZICA"	19570605	8.6
249180090	"RUDZICA"	19570607	17.2
249180090	"RUDZICA"	19570608	0.1
249180090	"RUDZICA"	19570609	0.6
249180090	"RUDZICA"	19570619	0
249180090	"RUDZICA"	19570622	1.6
249180090	"RUDZICA"	19570623	0.1
249180090	"RUDZICA"	19570627	0.1
249180090	"RUDZICA"	19570702	3.3
249180090	"RUDZICA"	19570705	4.4
249180090	"RUDZICA"	19570706	2.6
249180090	"RUDZICA"	19570707	5.3
249180090	"RUDZICA"	19570710	3.8
249180090	"RUDZICA"	19570711	0.2
249180090	"RUDZICA"	19570712	0.9
249180090	"RUDZICA"	19570714	4.7
249180090	"RUDZICA"	19570715	22.4
249180090	"RUDZICA"	19570716	46.7
249180090	"RUDZICA"	19570717	5.1
249180090	"RUDZICA"	19570720	31.7
249180090	"RUDZICA"	19570721	1.3
249180090	"RUDZICA"	19570722	3.1
249180090	"RUDZICA"	19570723	2.7
249180090	"RUDZICA"	19570724	7.3
249180090	"RUDZICA"	19570725	2.2
249180090	"RUDZICA"	19570726	5.4
249180090	"RUDZICA"	19570727	1.9
249180090	"RUDZICA"	19570730	1.1
249180090	"RUDZICA"	19570810	6.4
249180090	"RUDZICA"	19570812	1
249180090	"RUDZICA"	19570814	1.9
249180090	"RUDZICA"	19570816	5.8
249180090	"RUDZICA"	19570817	0.2
249180090	"RUDZICA"	19570818	13.6
249180090	"RUDZICA"	19570819	0.4
249180090	"RUDZICA"	19570821	2.6
249180090	"RUDZICA"	19570822	1.2
249180090	"RUDZICA"	19570824	8.4
249180090	"RUDZICA"	19570827	4
249180090	"RUDZICA"	19570828	25.5
249180090	"RUDZICA"	19570829	1.2
249180090	"RUDZICA"	19570831	4.6
249180090	"RUDZICA"	19570902	9.3
249180090	"RUDZICA"	19570903	14.5
249180090	"RUDZICA"	19570904	9.8
249180090	"RUDZICA"	19570909	3
249180090	"RUDZICA"	19570910	2.4
249180090	"RUDZICA"	19570911	0
249180090	"RUDZICA"	19570912	0.6
249180090	"RUDZICA"	19570914	10
249180090	"RUDZICA"	19570916	0
249180090	"RUDZICA"	19570917	0.7
249180090	"RUDZICA"	19570918	2.9
249180090	"RUDZICA"	19570919	0.2
249180090	"RUDZICA"	19570920	0
249180090	"RUDZICA"	19570922	0.2
249180090	"RUDZICA"	19570923	1.9
249180090	"RUDZICA"	19570924	6.5
249180090	"RUDZICA"	19570926	0
249180090	"RUDZICA"	19570927	1.1
249180090	"RUDZICA"	19570928	3.9
249180090	"RUDZICA"	19570929	8.5
249180090	"RUDZICA"	19571004	0.5
249180090	"RUDZICA"	19571020	9.6
249180090	"RUDZICA"	19571022	5.7
249180090	"RUDZICA"	19571111	1.2
249180090	"RUDZICA"	19571112	2.1
249180090	"RUDZICA"	19571125	0.6
249180090	"RUDZICA"	19571126	0
249180090	"RUDZICA"	19571127	0.4
249180090	"RUDZICA"	19571128	7.8
249180090	"RUDZICA"	19571129	2.6
249180090	"RUDZICA"	19571130	0.3
249180090	"RUDZICA"	19571201	0.1
249180090	"RUDZICA"	19571202	0.4
249180090	"RUDZICA"	19571203	5.6
249180090	"RUDZICA"	19571204	3.7
249180090	"RUDZICA"	19571205	1.5
249180090	"RUDZICA"	19571207	0.2
249180090	"RUDZICA"	19571208	5.8
249180090	"RUDZICA"	19571209	1.2
249180090	"RUDZICA"	19571210	2.7
249180090	"RUDZICA"	19571213	2.1
249180090	"RUDZICA"	19571214	11.2
249180090	"RUDZICA"	19571215	0.7
249180090	"RUDZICA"	19571218	0.2
249180090	"RUDZICA"	19571219	0
249180090	"RUDZICA"	19571228	0.1
249180090	"RUDZICA"	19571229	0.2
249180090	"RUDZICA"	19580101	4.1
249180090	"RUDZICA"	19580102	2.9
249180090	"RUDZICA"	19580103	1.3
249180090	"RUDZICA"	19580106	0
249180090	"RUDZICA"	19580107	4.9
249180090	"RUDZICA"	19580108	0.2
249180090	"RUDZICA"	19580109	0
249180090	"RUDZICA"	19580110	0
249180090	"RUDZICA"	19580114	4.5
249180090	"RUDZICA"	19580115	1.6
249180090	"RUDZICA"	19580116	0.3
249180090	"RUDZICA"	19580117	0
249180090	"RUDZICA"	19580119	1.6
249180090	"RUDZICA"	19580120	13.1
249180090	"RUDZICA"	19580121	5.8
249180090	"RUDZICA"	19580131	0.5
249180090	"RUDZICA"	19580203	0
249180090	"RUDZICA"	19580205	0.6
249180090	"RUDZICA"	19580206	1.9
249180090	"RUDZICA"	19580207	1.1
249180090	"RUDZICA"	19580211	1
249180090	"RUDZICA"	19580213	0
249180090	"RUDZICA"	19580215	1.8
249180090	"RUDZICA"	19580216	5.9
249180090	"RUDZICA"	19580217	0.4
249180090	"RUDZICA"	19580219	0.3
249180090	"RUDZICA"	19580220	0
249180090	"RUDZICA"	19580221	1
249180090	"RUDZICA"	19580222	2.8
249180090	"RUDZICA"	19580223	1.3
249180090	"RUDZICA"	19580224	3.3
249180090	"RUDZICA"	19580226	1.2
249180090	"RUDZICA"	19580227	12.9
249180090	"RUDZICA"	19580302	11.7
249180090	"RUDZICA"	19580303	11.1
249180090	"RUDZICA"	19580304	0
249180090	"RUDZICA"	19580306	13.2
249180090	"RUDZICA"	19580307	0
249180090	"RUDZICA"	19580308	5.8
249180090	"RUDZICA"	19580309	0.1
249180090	"RUDZICA"	19580311	13.3
249180090	"RUDZICA"	19580312	13.2
249180090	"RUDZICA"	19580313	0
249180090	"RUDZICA"	19580314	0.3
249180090	"RUDZICA"	19580315	0.9
249180090	"RUDZICA"	19580316	1.2
249180090	"RUDZICA"	19580317	1.3
249180090	"RUDZICA"	19580318	0
249180090	"RUDZICA"	19580319	0.3
249180090	"RUDZICA"	19580320	3.8
249180090	"RUDZICA"	19580321	8.9
249180090	"RUDZICA"	19580322	1.7
249180090	"RUDZICA"	19580323	2.4
249180090	"RUDZICA"	19580324	0
249180090	"RUDZICA"	19580330	3.3
249180090	"RUDZICA"	19580331	0.7
249180090	"RUDZICA"	19580401	0.5
249180090	"RUDZICA"	19580404	0.6
249180090	"RUDZICA"	19580405	0.1
249180090	"RUDZICA"	19580406	0.7
249180090	"RUDZICA"	19580407	1.1
249180090	"RUDZICA"	19580409	1.7
249180090	"RUDZICA"	19580410	4.6
249180090	"RUDZICA"	19580411	7.6
249180090	"RUDZICA"	19580416	3.2
249180090	"RUDZICA"	19580417	21.3
249180090	"RUDZICA"	19580418	0.5
249180090	"RUDZICA"	19580419	4.2
249180090	"RUDZICA"	19580420	0
249180090	"RUDZICA"	19580421	13.6
249180090	"RUDZICA"	19580422	4.6
249180090	"RUDZICA"	19580427	1.9
249180090	"RUDZICA"	19580502	0.4
249180090	"RUDZICA"	19580503	9.2
249180090	"RUDZICA"	19580504	0
249180090	"RUDZICA"	19580506	2.2
249180090	"RUDZICA"	19580508	5.8
249180090	"RUDZICA"	19580509	0
249180090	"RUDZICA"	19580510	0
249180090	"RUDZICA"	19580516	0
249180090	"RUDZICA"	19580517	0.4
249180090	"RUDZICA"	19580521	0.5
249180090	"RUDZICA"	19580522	0.2
249180090	"RUDZICA"	19580523	7.3
249180090	"RUDZICA"	19580528	22.2
249180090	"RUDZICA"	19580530	0
249180090	"RUDZICA"	19580531	5.6
249180090	"RUDZICA"	19580604	7.5
249180090	"RUDZICA"	19580605	7.2
249180090	"RUDZICA"	19580609	0
249180090	"RUDZICA"	19580611	1.3
249180090	"RUDZICA"	19580612	0
249180090	"RUDZICA"	19580619	1.5
249180090	"RUDZICA"	19580620	1.6
249180090	"RUDZICA"	19580621	5.7
249180090	"RUDZICA"	19580622	3.2
249180090	"RUDZICA"	19580623	5.2
249180090	"RUDZICA"	19580624	3.5
249180090	"RUDZICA"	19580625	0.4
249180090	"RUDZICA"	19580627	15.7
249180090	"RUDZICA"	19580628	26.5
249180090	"RUDZICA"	19580629	21.5
249180090	"RUDZICA"	19580630	11.9
249180090	"RUDZICA"	19580701	0.8
249180090	"RUDZICA"	19580702	1.1
249180090	"RUDZICA"	19580703	12.6
249180090	"RUDZICA"	19580704	9.4
249180090	"RUDZICA"	19580705	17.5
249180090	"RUDZICA"	19580706	8.7
249180090	"RUDZICA"	19580707	2
249180090	"RUDZICA"	19580708	9.3
249180090	"RUDZICA"	19580714	2.4
249180090	"RUDZICA"	19580717	3.1
249180090	"RUDZICA"	19580722	2.2
249180090	"RUDZICA"	19580723	18.5
249180090	"RUDZICA"	19580724	1.5
249180090	"RUDZICA"	19580725	0.1
249180090	"RUDZICA"	19580727	1.8
249180090	"RUDZICA"	19580729	0.2
249180090	"RUDZICA"	19580802	8.9
249180090	"RUDZICA"	19580803	3.9
249180090	"RUDZICA"	19580807	20
249180090	"RUDZICA"	19580808	16.8
249180090	"RUDZICA"	19580812	5.5
249180090	"RUDZICA"	19580813	13.1
249180090	"RUDZICA"	19580815	0.3
249180090	"RUDZICA"	19580816	5.3
249180090	"RUDZICA"	19580818	8.5
249180090	"RUDZICA"	19580820	11.8
249180090	"RUDZICA"	19580821	1.7
249180090	"RUDZICA"	19580822	6
249180090	"RUDZICA"	19580823	0.5
249180090	"RUDZICA"	19580824	0.1
249180090	"RUDZICA"	19580825	0.3
249180090	"RUDZICA"	19580826	7.1
249180090	"RUDZICA"	19580831	3.1
249180090	"RUDZICA"	19580910	5.4
249180090	"RUDZICA"	19580911	10.8
249180090	"RUDZICA"	19580912	0.2
249180090	"RUDZICA"	19580916	1
249180090	"RUDZICA"	19580918	4.3
249180090	"RUDZICA"	19580921	17.3
249180090	"RUDZICA"	19580922	7.5
249180090	"RUDZICA"	19580923	2.4
249180090	"RUDZICA"	19580925	0
249180090	"RUDZICA"	19580926	2.4
249180090	"RUDZICA"	19580927	3.2
249180090	"RUDZICA"	19581002	9.8
249180090	"RUDZICA"	19581003	5.2
249180090	"RUDZICA"	19581006	1.9
249180090	"RUDZICA"	19581007	13.1
249180090	"RUDZICA"	19581008	9.3
249180090	"RUDZICA"	19581012	6.2
249180090	"RUDZICA"	19581013	25.4
249180090	"RUDZICA"	19581014	11.7
249180090	"RUDZICA"	19581015	2.7
249180090	"RUDZICA"	19581016	11.6
249180090	"RUDZICA"	19581017	2.2
249180090	"RUDZICA"	19581018	4.6
249180090	"RUDZICA"	19581019	0.3
249180090	"RUDZICA"	19581021	0.5
249180090	"RUDZICA"	19581022	0.2
249180090	"RUDZICA"	19581023	0.3
249180090	"RUDZICA"	19581025	0.2
249180090	"RUDZICA"	19581101	10.3
249180090	"RUDZICA"	19581104	3.6
249180090	"RUDZICA"	19581107	0.1
249180090	"RUDZICA"	19581108	0.2
249180090	"RUDZICA"	19581109	3.8
249180090	"RUDZICA"	19581110	12.1
249180090	"RUDZICA"	19581113	0.1
249180090	"RUDZICA"	19581115	12.3
249180090	"RUDZICA"	19581116	1.1
249180090	"RUDZICA"	19581121	0.3
249180090	"RUDZICA"	19581126	0.8
249180090	"RUDZICA"	19581129	0.2
249180090	"RUDZICA"	19581130	1.3
249180090	"RUDZICA"	19581201	4.7
249180090	"RUDZICA"	19581202	2
249180090	"RUDZICA"	19581205	2.8
249180090	"RUDZICA"	19581206	3.3
249180090	"RUDZICA"	19581207	0
249180090	"RUDZICA"	19581214	7.3
249180090	"RUDZICA"	19581223	6.7
249180090	"RUDZICA"	19581224	0.1
249180090	"RUDZICA"	19581225	16.9
249180090	"RUDZICA"	19581226	1.9
249180090	"RUDZICA"	19581227	1.6
249180090	"RUDZICA"	19581228	3.7
249180090	"RUDZICA"	19581229	0.9
249180090	"RUDZICA"	19581230	0.7
249180090	"RUDZICA"	19590105	1.7
249180090	"RUDZICA"	19590106	0
249180090	"RUDZICA"	19590107	0.1
249180090	"RUDZICA"	19590108	1.9
249180090	"RUDZICA"	19590109	25.6
249180090	"RUDZICA"	19590110	2.5
249180090	"RUDZICA"	19590113	0.6
249180090	"RUDZICA"	19590115	0.2
249180090	"RUDZICA"	19590117	0.6
249180090	"RUDZICA"	19590121	0.1
249180090	"RUDZICA"	19590123	2.1
249180090	"RUDZICA"	19590124	10.4
249180090	"RUDZICA"	19590125	1.8
249180090	"RUDZICA"	19590126	1.6
249180090	"RUDZICA"	19590127	6.3
249180090	"RUDZICA"	19590128	0.9
249180090	"RUDZICA"	19590131	1.7
249180090	"RUDZICA"	19590201	9.6
249180090	"RUDZICA"	19590202	0.1
249180090	"RUDZICA"	19590215	2.9
249180090	"RUDZICA"	19590217	0.9
249180090	"RUDZICA"	19590218	0
249180090	"RUDZICA"	19590220	0.4
249180090	"RUDZICA"	19590221	3.7
249180090	"RUDZICA"	19590222	0.1
249180090	"RUDZICA"	19590223	0.1
249180090	"RUDZICA"	19590224	0.9
249180090	"RUDZICA"	19590307	2.9
249180090	"RUDZICA"	19590308	34.1
249180090	"RUDZICA"	19590314	0.2
249180090	"RUDZICA"	19590315	0
249180090	"RUDZICA"	19590319	0.4
249180090	"RUDZICA"	19590324	2.2
249180090	"RUDZICA"	19590326	0.2
249180090	"RUDZICA"	19590329	0.3
249180090	"RUDZICA"	19590405	6.9
249180090	"RUDZICA"	19590406	3.1
249180090	"RUDZICA"	19590407	3.9
249180090	"RUDZICA"	19590410	0.9
249180090	"RUDZICA"	19590411	9
249180090	"RUDZICA"	19590412	0
249180090	"RUDZICA"	19590417	4.8
249180090	"RUDZICA"	19590418	2.4
249180090	"RUDZICA"	19590419	10.9
249180090	"RUDZICA"	19590420	1.3
249180090	"RUDZICA"	19590423	4.2
249180090	"RUDZICA"	19590427	0.2
249180090	"RUDZICA"	19590429	1.2
249180090	"RUDZICA"	19590430	0
249180090	"RUDZICA"	19590501	14.6
249180090	"RUDZICA"	19590502	1.8
249180090	"RUDZICA"	19590503	2.1
249180090	"RUDZICA"	19590506	1.3
249180090	"RUDZICA"	19590507	1.6
249180090	"RUDZICA"	19590512	49.6
249180090	"RUDZICA"	19590513	1.7
249180090	"RUDZICA"	19590515	2.3
249180090	"RUDZICA"	19590517	4.9
249180090	"RUDZICA"	19590518	8
249180090	"RUDZICA"	19590519	0
249180090	"RUDZICA"	19590520	0.2
249180090	"RUDZICA"	19590529	0.1
249180090	"RUDZICA"	19590530	2.7
249180090	"RUDZICA"	19590531	59.5
249180090	"RUDZICA"	19590601	7.6
249180090	"RUDZICA"	19590602	1.6
249180090	"RUDZICA"	19590603	11.8
249180090	"RUDZICA"	19590604	0.3
249180090	"RUDZICA"	19590606	3.5
249180090	"RUDZICA"	19590610	23
249180090	"RUDZICA"	19590611	14.3
249180090	"RUDZICA"	19590612	1.4
249180090	"RUDZICA"	19590613	9
249180090	"RUDZICA"	19590614	4
249180090	"RUDZICA"	19590615	3.8
249180090	"RUDZICA"	19590625	17.8
249180090	"RUDZICA"	19590628	4.2
249180090	"RUDZICA"	19590629	35.4
249180090	"RUDZICA"	19590630	64.5
249180090	"RUDZICA"	19590701	17.6
249180090	"RUDZICA"	19590702	0.2
249180090	"RUDZICA"	19590703	12.6
249180090	"RUDZICA"	19590707	13.5
249180090	"RUDZICA"	19590713	0
249180090	"RUDZICA"	19590716	4.5
249180090	"RUDZICA"	19590717	3.7
249180090	"RUDZICA"	19590720	10.2
249180090	"RUDZICA"	19590721	15.3
249180090	"RUDZICA"	19590722	2.4
249180090	"RUDZICA"	19590724	7.8
249180090	"RUDZICA"	19590726	4.7
249180090	"RUDZICA"	19590727	2.1
249180090	"RUDZICA"	19590729	37.2
249180090	"RUDZICA"	19590730	13.3
249180090	"RUDZICA"	19590731	4.9
249180090	"RUDZICA"	19590801	6.1
249180090	"RUDZICA"	19590802	0.8
249180090	"RUDZICA"	19590812	10.3
249180090	"RUDZICA"	19590813	4.1
249180090	"RUDZICA"	19590816	15.2
249180090	"RUDZICA"	19590817	3.8
249180090	"RUDZICA"	19590818	0.8
249180090	"RUDZICA"	19590819	7.5
249180090	"RUDZICA"	19590829	0.3
249180090	"RUDZICA"	19590831	2.2
249180090	"RUDZICA"	19590913	1.3
249180090	"RUDZICA"	19590922	0.4
249180090	"RUDZICA"	19590924	0.5
249180090	"RUDZICA"	19590928	0.2
249180090	"RUDZICA"	19591013	0
249180090	"RUDZICA"	19591022	1.6
249180090	"RUDZICA"	19591023	4.2
249180090	"RUDZICA"	19591024	0.2
249180090	"RUDZICA"	19591029	0
249180090	"RUDZICA"	19591030	0
249180090	"RUDZICA"	19591103	0
249180090	"RUDZICA"	19591104	0.3
249180090	"RUDZICA"	19591106	6.9
249180090	"RUDZICA"	19591107	10.4
249180090	"RUDZICA"	19591108	15.4
249180090	"RUDZICA"	19591109	2.4
249180090	"RUDZICA"	19591115	1.2
249180090	"RUDZICA"	19591116	6.7
249180090	"RUDZICA"	19591117	0.4
249180090	"RUDZICA"	19591204	8.7
249180090	"RUDZICA"	19591205	9.8
249180090	"RUDZICA"	19591206	0.9
249180090	"RUDZICA"	19591213	19.8
249180090	"RUDZICA"	19591214	4.3
249180090	"RUDZICA"	19591215	0.2
249180090	"RUDZICA"	19591218	5.3
249180090	"RUDZICA"	19591219	0.7
249180090	"RUDZICA"	19591221	1
249180090	"RUDZICA"	19591224	19.3
249180090	"RUDZICA"	19591225	1
249180090	"RUDZICA"	19591226	0.6
249180090	"RUDZICA"	19591228	5.5
249180090	"RUDZICA"	19591229	0.3
249180090	"RUDZICA"	19591230	1.8
249180090	"RUDZICA"	19591231	0.6
249180090	"RUDZICA"	19600103	0.9
249180090	"RUDZICA"	19600105	5.8
249180090	"RUDZICA"	19600106	3.6
249180090	"RUDZICA"	19600107	1.5
249180090	"RUDZICA"	19600108	2.2
249180090	"RUDZICA"	19600109	0.8
249180090	"RUDZICA"	19600110	0.3
249180090	"RUDZICA"	19600112	11.5
249180090	"RUDZICA"	19600113	0.9
249180090	"RUDZICA"	19600120	3.2
249180090	"RUDZICA"	19600121	2.4
249180090	"RUDZICA"	19600128	3.1
249180090	"RUDZICA"	19600130	7.3
249180090	"RUDZICA"	19600131	0.3
249180090	"RUDZICA"	19600213	13
249180090	"RUDZICA"	19600218	3.1
249180090	"RUDZICA"	19600219	0.3
249180090	"RUDZICA"	19600223	2.3
249180090	"RUDZICA"	19600224	3.2
249180090	"RUDZICA"	19600227	0.7
249180090	"RUDZICA"	19600228	0
249180090	"RUDZICA"	19600229	0.3
249180090	"RUDZICA"	19600301	2.1
249180090	"RUDZICA"	19600307	0.1
249180090	"RUDZICA"	19600316	4.6
249180090	"RUDZICA"	19600317	6.4
249180090	"RUDZICA"	19600318	11.7
249180090	"RUDZICA"	19600319	4
249180090	"RUDZICA"	19600328	0
249180090	"RUDZICA"	19600404	0.3
249180090	"RUDZICA"	19600407	3.9
249180090	"RUDZICA"	19600408	10.4
249180090	"RUDZICA"	19600412	0
249180090	"RUDZICA"	19600414	11.3
249180090	"RUDZICA"	19600416	1.4
249180090	"RUDZICA"	19600421	0.4
249180090	"RUDZICA"	19600422	2.6
249180090	"RUDZICA"	19600423	1.3
249180090	"RUDZICA"	19600424	4.8
249180090	"RUDZICA"	19600425	3.2
249180090	"RUDZICA"	19600426	1.2
249180090	"RUDZICA"	19600428	4.9
249180090	"RUDZICA"	19600429	4.2
249180090	"RUDZICA"	19600430	1.3
249180090	"RUDZICA"	19600501	1.9
249180090	"RUDZICA"	19600502	0
249180090	"RUDZICA"	19600509	2.3
249180090	"RUDZICA"	19600513	1
249180090	"RUDZICA"	19600517	14.3
249180090	"RUDZICA"	19600519	9.6
249180090	"RUDZICA"	19600520	14.5
249180090	"RUDZICA"	19600522	14.9
249180090	"RUDZICA"	19600523	34.7
249180090	"RUDZICA"	19600524	6.5
249180090	"RUDZICA"	19600525	0.8
249180090	"RUDZICA"	19600526	8.1
249180090	"RUDZICA"	19600529	4.7
249180090	"RUDZICA"	19600530	0.9
249180090	"RUDZICA"	19600531	1.4
249180090	"RUDZICA"	19600602	2.8
249180090	"RUDZICA"	19600603	3.2
249180090	"RUDZICA"	19600604	8.9
249180090	"RUDZICA"	19600607	0
249180090	"RUDZICA"	19600609	0
249180090	"RUDZICA"	19600610	18.3
249180090	"RUDZICA"	19600611	3.3
249180090	"RUDZICA"	19600614	12.3
249180090	"RUDZICA"	19600615	11.5
249180090	"RUDZICA"	19600617	10.4
249180090	"RUDZICA"	19600619	8.3
249180090	"RUDZICA"	19600620	4.5
249180090	"RUDZICA"	19600621	0.7
249180090	"RUDZICA"	19600622	0.9
249180090	"RUDZICA"	19600625	0.6
249180090	"RUDZICA"	19600626	13.8
249180090	"RUDZICA"	19600627	10.4
249180090	"RUDZICA"	19600628	2.5
249180090	"RUDZICA"	19600629	2.1
249180090	"RUDZICA"	19600630	0.4
249180090	"RUDZICA"	19600701	3.7
249180090	"RUDZICA"	19600702	0.9
249180090	"RUDZICA"	19600703	1.9
249180090	"RUDZICA"	19600704	3.8
249180090	"RUDZICA"	19600705	4.3
249180090	"RUDZICA"	19600706	19.5
249180090	"RUDZICA"	19600707	6.1
249180090	"RUDZICA"	19600708	12.7
249180090	"RUDZICA"	19600709	34.8
249180090	"RUDZICA"	19600712	39.4
249180090	"RUDZICA"	19600713	34.3
249180090	"RUDZICA"	19600716	0
249180090	"RUDZICA"	19600717	7.2
249180090	"RUDZICA"	19600720	10.4
249180090	"RUDZICA"	19600721	6.3
249180090	"RUDZICA"	19600722	0.5
249180090	"RUDZICA"	19600723	29.1
249180090	"RUDZICA"	19600724	27.3
249180090	"RUDZICA"	19600725	39.6
249180090	"RUDZICA"	19600726	3.1
249180090	"RUDZICA"	19600727	2.5
249180090	"RUDZICA"	19600802	3.8
249180090	"RUDZICA"	19600805	12.5
249180090	"RUDZICA"	19600806	4.9
249180090	"RUDZICA"	19600807	1.6
249180090	"RUDZICA"	19600808	17.2
249180090	"RUDZICA"	19600809	2.8
249180090	"RUDZICA"	19600813	12.9
249180090	"RUDZICA"	19600815	1.8
249180090	"RUDZICA"	19600816	10.8
249180090	"RUDZICA"	19600819	3.8
249180090	"RUDZICA"	19600820	0.5
249180090	"RUDZICA"	19600828	12.8
249180090	"RUDZICA"	19600829	16.5
249180090	"RUDZICA"	19600830	4.6
249180090	"RUDZICA"	19600902	5.1
249180090	"RUDZICA"	19600904	2.1
249180090	"RUDZICA"	19600905	25.9
249180090	"RUDZICA"	19600906	8.9
249180090	"RUDZICA"	19600907	5.5
249180090	"RUDZICA"	19600908	13.3
249180090	"RUDZICA"	19600909	3.3
249180090	"RUDZICA"	19600921	0
249180090	"RUDZICA"	19600922	0
249180090	"RUDZICA"	19600923	0
249180090	"RUDZICA"	19600924	2.3
249180090	"RUDZICA"	19600926	7.9
249180090	"RUDZICA"	19600927	4.2
249180090	"RUDZICA"	19600928	0.8
249180090	"RUDZICA"	19601001	14.5
249180090	"RUDZICA"	19601002	1.1
249180090	"RUDZICA"	19601007	5.7
249180090	"RUDZICA"	19601008	4.3
249180090	"RUDZICA"	19601009	1.1
249180090	"RUDZICA"	19601010	1.9
249180090	"RUDZICA"	19601011	0
249180090	"RUDZICA"	19601015	4.2
249180090	"RUDZICA"	19601016	0.6
249180090	"RUDZICA"	19601017	3.7
249180090	"RUDZICA"	19601018	1.7
249180090	"RUDZICA"	19601022	1.3
249180090	"RUDZICA"	19601024	0
249180090	"RUDZICA"	19601025	0.7
249180090	"RUDZICA"	19601026	0.3
249180090	"RUDZICA"	19601031	0.2
249180090	"RUDZICA"	19601101	2.2
249180090	"RUDZICA"	19601102	2.5
249180090	"RUDZICA"	19601105	6.5
249180090	"RUDZICA"	19601113	4.7
249180090	"RUDZICA"	19601114	0.8
249180090	"RUDZICA"	19601116	5.5
249180090	"RUDZICA"	19601118	0.2
249180090	"RUDZICA"	19601119	10.3
249180090	"RUDZICA"	19601120	0.1
249180090	"RUDZICA"	19601125	0.9
249180090	"RUDZICA"	19601127	0.4
249180090	"RUDZICA"	19601128	1.9
249180090	"RUDZICA"	19601129	0.4
249180090	"RUDZICA"	19601130	0.5
249180090	"RUDZICA"	19601203	3.6
249180090	"RUDZICA"	19601204	0
249180090	"RUDZICA"	19601208	6.4
249180090	"RUDZICA"	19601211	32.4
249180090	"RUDZICA"	19601212	3
249180090	"RUDZICA"	19601213	2.4
249180090	"RUDZICA"	19601214	3.6
249180090	"RUDZICA"	19601215	0.1
249180090	"RUDZICA"	19601219	9.7
249180090	"RUDZICA"	19601220	0.2
249180090	"RUDZICA"	19601229	3
249180090	"RUDZICA"	19601230	0.4
