"V1"	"V2"	"V3"	"V4"
249200570	"TRZEMEŚNIA"	19510103	6.1
249200570	"TRZEMEŚNIA"	19510106	3.5
249200570	"TRZEMEŚNIA"	19510113	0.4
249200570	"TRZEMEŚNIA"	19510114	0.2
249200570	"TRZEMEŚNIA"	19510115	0.1
249200570	"TRZEMEŚNIA"	19510116	0.3
249200570	"TRZEMEŚNIA"	19510117	2.9
249200570	"TRZEMEŚNIA"	19510118	1.3
249200570	"TRZEMEŚNIA"	19510119	5.6
249200570	"TRZEMEŚNIA"	19510120	5.9
249200570	"TRZEMEŚNIA"	19510123	0.7
249200570	"TRZEMEŚNIA"	19510125	0
249200570	"TRZEMEŚNIA"	19510214	4.6
249200570	"TRZEMEŚNIA"	19510218	0.1
249200570	"TRZEMEŚNIA"	19510220	0.8
249200570	"TRZEMEŚNIA"	19510222	1.3
249200570	"TRZEMEŚNIA"	19510225	2.9
249200570	"TRZEMEŚNIA"	19510226	29.3
249200570	"TRZEMEŚNIA"	19510227	3.2
249200570	"TRZEMEŚNIA"	19510228	1.1
249200570	"TRZEMEŚNIA"	19510303	0.7
249200570	"TRZEMEŚNIA"	19510305	1
249200570	"TRZEMEŚNIA"	19510306	3.4
249200570	"TRZEMEŚNIA"	19510307	5.1
249200570	"TRZEMEŚNIA"	19510308	3.5
249200570	"TRZEMEŚNIA"	19510309	4.4
249200570	"TRZEMEŚNIA"	19510313	3.8
249200570	"TRZEMEŚNIA"	19510316	0.3
249200570	"TRZEMEŚNIA"	19510317	1.9
249200570	"TRZEMEŚNIA"	19510318	7.1
249200570	"TRZEMEŚNIA"	19510324	4.5
249200570	"TRZEMEŚNIA"	19510325	24.3
249200570	"TRZEMEŚNIA"	19510326	1.2
249200570	"TRZEMEŚNIA"	19510327	0.3
249200570	"TRZEMEŚNIA"	19510328	2.1
249200570	"TRZEMEŚNIA"	19510329	5.2
249200570	"TRZEMEŚNIA"	19510330	0.1
249200570	"TRZEMEŚNIA"	19510331	0.3
249200570	"TRZEMEŚNIA"	19510401	21.7
249200570	"TRZEMEŚNIA"	19510402	8.4
249200570	"TRZEMEŚNIA"	19510409	5.7
249200570	"TRZEMEŚNIA"	19510410	1.2
249200570	"TRZEMEŚNIA"	19510414	6.8
249200570	"TRZEMEŚNIA"	19510415	1.7
249200570	"TRZEMEŚNIA"	19510417	0.6
249200570	"TRZEMEŚNIA"	19510419	4.3
249200570	"TRZEMEŚNIA"	19510421	16.3
249200570	"TRZEMEŚNIA"	19510424	4.6
249200570	"TRZEMEŚNIA"	19510429	6.1
249200570	"TRZEMEŚNIA"	19510502	3.4
249200570	"TRZEMEŚNIA"	19510503	1.9
249200570	"TRZEMEŚNIA"	19510504	2.8
249200570	"TRZEMEŚNIA"	19510505	12.1
249200570	"TRZEMEŚNIA"	19510506	27.8
249200570	"TRZEMEŚNIA"	19510507	5.6
249200570	"TRZEMEŚNIA"	19510508	2.7
249200570	"TRZEMEŚNIA"	19510510	30.7
249200570	"TRZEMEŚNIA"	19510511	60.9
249200570	"TRZEMEŚNIA"	19510514	5.9
249200570	"TRZEMEŚNIA"	19510515	1.2
249200570	"TRZEMEŚNIA"	19510516	7.2
249200570	"TRZEMEŚNIA"	19510517	6.5
249200570	"TRZEMEŚNIA"	19510518	9.6
249200570	"TRZEMEŚNIA"	19510521	9.2
249200570	"TRZEMEŚNIA"	19510522	7.1
249200570	"TRZEMEŚNIA"	19510523	3.5
249200570	"TRZEMEŚNIA"	19510525	5.3
249200570	"TRZEMEŚNIA"	19510528	12.1
249200570	"TRZEMEŚNIA"	19510603	2.1
249200570	"TRZEMEŚNIA"	19510604	6.9
249200570	"TRZEMEŚNIA"	19510605	2.2
249200570	"TRZEMEŚNIA"	19510606	1.3
249200570	"TRZEMEŚNIA"	19510607	7.5
249200570	"TRZEMEŚNIA"	19510609	8.6
249200570	"TRZEMEŚNIA"	19510610	11.6
249200570	"TRZEMEŚNIA"	19510613	4.2
249200570	"TRZEMEŚNIA"	19510616	15.2
249200570	"TRZEMEŚNIA"	19510619	0.4
249200570	"TRZEMEŚNIA"	19510624	22.8
249200570	"TRZEMEŚNIA"	19510625	35.6
249200570	"TRZEMEŚNIA"	19510628	2.1
249200570	"TRZEMEŚNIA"	19510629	0.6
249200570	"TRZEMEŚNIA"	19510703	3.8
249200570	"TRZEMEŚNIA"	19510713	13.8
249200570	"TRZEMEŚNIA"	19510720	7.6
249200570	"TRZEMEŚNIA"	19510721	0.4
249200570	"TRZEMEŚNIA"	19510724	12.9
249200570	"TRZEMEŚNIA"	19510725	8.3
249200570	"TRZEMEŚNIA"	19510726	7.6
249200570	"TRZEMEŚNIA"	19510802	14.1
249200570	"TRZEMEŚNIA"	19510805	12.8
249200570	"TRZEMEŚNIA"	19510806	3.2
249200570	"TRZEMEŚNIA"	19510809	4.8
249200570	"TRZEMEŚNIA"	19510814	28.2
249200570	"TRZEMEŚNIA"	19510817	3.2
249200570	"TRZEMEŚNIA"	19510822	1.2
249200570	"TRZEMEŚNIA"	19510823	22.1
249200570	"TRZEMEŚNIA"	19510901	13.2
249200570	"TRZEMEŚNIA"	19510908	6.5
249200570	"TRZEMEŚNIA"	19510917	10.3
249200570	"TRZEMEŚNIA"	19510919	4.1
249200570	"TRZEMEŚNIA"	19510920	10.2
249200570	"TRZEMEŚNIA"	19510921	14.5
249200570	"TRZEMEŚNIA"	19510922	0.6
249200570	"TRZEMEŚNIA"	19510927	2.6
249200570	"TRZEMEŚNIA"	19510928	11.7
249200570	"TRZEMEŚNIA"	19510929	6.3
249200570	"TRZEMEŚNIA"	19510930	3.8
249200570	"TRZEMEŚNIA"	19511001	1.3
249200570	"TRZEMEŚNIA"	19511005	0.7
249200570	"TRZEMEŚNIA"	19511101	2.4
249200570	"TRZEMEŚNIA"	19511102	1.7
249200570	"TRZEMEŚNIA"	19511109	0.2
249200570	"TRZEMEŚNIA"	19511115	0.1
249200570	"TRZEMEŚNIA"	19511122	3.5
249200570	"TRZEMEŚNIA"	19511123	13.6
249200570	"TRZEMEŚNIA"	19511124	2.6
249200570	"TRZEMEŚNIA"	19511125	3.4
249200570	"TRZEMEŚNIA"	19511128	3.2
249200570	"TRZEMEŚNIA"	19511129	3.2
249200570	"TRZEMEŚNIA"	19511203	2.6
249200570	"TRZEMEŚNIA"	19511210	1.2
249200570	"TRZEMEŚNIA"	19511212	0.8
249200570	"TRZEMEŚNIA"	19511213	7.9
249200570	"TRZEMEŚNIA"	19511215	0.9
249200570	"TRZEMEŚNIA"	19511216	0.1
249200570	"TRZEMEŚNIA"	19511227	0.2
249200570	"TRZEMEŚNIA"	19511228	0.3
249200570	"TRZEMEŚNIA"	19511230	3.6
249200570	"TRZEMEŚNIA"	19520101	0.1
249200570	"TRZEMEŚNIA"	19520104	2.6
249200570	"TRZEMEŚNIA"	19520105	1.5
249200570	"TRZEMEŚNIA"	19520106	0.3
249200570	"TRZEMEŚNIA"	19520107	4.5
249200570	"TRZEMEŚNIA"	19520111	1.5
249200570	"TRZEMEŚNIA"	19520112	4.6
249200570	"TRZEMEŚNIA"	19520113	1.4
249200570	"TRZEMEŚNIA"	19520117	3.7
249200570	"TRZEMEŚNIA"	19520118	2.6
249200570	"TRZEMEŚNIA"	19520119	20.1
249200570	"TRZEMEŚNIA"	19520120	16.2
249200570	"TRZEMEŚNIA"	19520126	5.7
249200570	"TRZEMEŚNIA"	19520203	8.7
249200570	"TRZEMEŚNIA"	19520204	20.6
249200570	"TRZEMEŚNIA"	19520209	0.4
249200570	"TRZEMEŚNIA"	19520210	2.5
249200570	"TRZEMEŚNIA"	19520214	5.8
249200570	"TRZEMEŚNIA"	19520215	3
249200570	"TRZEMEŚNIA"	19520216	4.7
249200570	"TRZEMEŚNIA"	19520217	8.3
249200570	"TRZEMEŚNIA"	19520218	15.2
249200570	"TRZEMEŚNIA"	19520219	5.3
249200570	"TRZEMEŚNIA"	19520220	14.2
249200570	"TRZEMEŚNIA"	19520222	0.8
249200570	"TRZEMEŚNIA"	19520223	5.4
249200570	"TRZEMEŚNIA"	19520301	0.3
249200570	"TRZEMEŚNIA"	19520303	3.8
249200570	"TRZEMEŚNIA"	19520304	5.9
249200570	"TRZEMEŚNIA"	19520305	1.5
249200570	"TRZEMEŚNIA"	19520306	8.9
249200570	"TRZEMEŚNIA"	19520313	0.2
249200570	"TRZEMEŚNIA"	19520322	1.2
249200570	"TRZEMEŚNIA"	19520323	0.6
249200570	"TRZEMEŚNIA"	19520324	5.2
249200570	"TRZEMEŚNIA"	19520325	3.2
249200570	"TRZEMEŚNIA"	19520327	0.3
249200570	"TRZEMEŚNIA"	19520409	7.2
249200570	"TRZEMEŚNIA"	19520410	0.5
249200570	"TRZEMEŚNIA"	19520423	1.2
249200570	"TRZEMEŚNIA"	19520425	1.4
249200570	"TRZEMEŚNIA"	19520426	0.8
249200570	"TRZEMEŚNIA"	19520429	4.9
249200570	"TRZEMEŚNIA"	19520503	0.1
249200570	"TRZEMEŚNIA"	19520507	6.9
249200570	"TRZEMEŚNIA"	19520508	1.2
249200570	"TRZEMEŚNIA"	19520513	2.1
249200570	"TRZEMEŚNIA"	19520514	4.2
249200570	"TRZEMEŚNIA"	19520515	4.6
249200570	"TRZEMEŚNIA"	19520517	1.6
249200570	"TRZEMEŚNIA"	19520519	10.2
249200570	"TRZEMEŚNIA"	19520520	8.6
249200570	"TRZEMEŚNIA"	19520521	5.6
249200570	"TRZEMEŚNIA"	19520524	13.2
249200570	"TRZEMEŚNIA"	19520525	4.5
249200570	"TRZEMEŚNIA"	19520526	2.4
249200570	"TRZEMEŚNIA"	19520527	3.3
249200570	"TRZEMEŚNIA"	19520601	2.6
249200570	"TRZEMEŚNIA"	19520602	1.9
249200570	"TRZEMEŚNIA"	19520603	8.4
249200570	"TRZEMEŚNIA"	19520604	1.3
249200570	"TRZEMEŚNIA"	19520606	0.9
249200570	"TRZEMEŚNIA"	19520607	8.3
249200570	"TRZEMEŚNIA"	19520608	2.5
249200570	"TRZEMEŚNIA"	19520609	7.1
249200570	"TRZEMEŚNIA"	19520610	0.9
249200570	"TRZEMEŚNIA"	19520611	1.3
249200570	"TRZEMEŚNIA"	19520614	15.4
249200570	"TRZEMEŚNIA"	19520616	6.4
249200570	"TRZEMEŚNIA"	19520620	3.2
249200570	"TRZEMEŚNIA"	19520621	0.7
249200570	"TRZEMEŚNIA"	19520623	25.8
249200570	"TRZEMEŚNIA"	19520627	19.2
249200570	"TRZEMEŚNIA"	19520712	0.1
249200570	"TRZEMEŚNIA"	19520714	9.9
249200570	"TRZEMEŚNIA"	19520715	7.4
249200570	"TRZEMEŚNIA"	19520718	2.3
249200570	"TRZEMEŚNIA"	19520723	5.5
249200570	"TRZEMEŚNIA"	19520804	2.6
249200570	"TRZEMEŚNIA"	19520807	5.2
249200570	"TRZEMEŚNIA"	19520808	40.1
249200570	"TRZEMEŚNIA"	19520810	1.7
249200570	"TRZEMEŚNIA"	19520816	8.7
249200570	"TRZEMEŚNIA"	19520817	3.6
249200570	"TRZEMEŚNIA"	19520818	21.5
249200570	"TRZEMEŚNIA"	19520820	6.3
249200570	"TRZEMEŚNIA"	19520821	2.1
249200570	"TRZEMEŚNIA"	19520822	9.1
249200570	"TRZEMEŚNIA"	19520831	1.7
249200570	"TRZEMEŚNIA"	19520901	2.1
249200570	"TRZEMEŚNIA"	19520902	3.1
249200570	"TRZEMEŚNIA"	19520906	4.3
249200570	"TRZEMEŚNIA"	19520907	15.4
249200570	"TRZEMEŚNIA"	19520908	4.1
249200570	"TRZEMEŚNIA"	19520909	7.4
249200570	"TRZEMEŚNIA"	19520910	0.3
249200570	"TRZEMEŚNIA"	19520911	2.1
249200570	"TRZEMEŚNIA"	19520912	3.4
249200570	"TRZEMEŚNIA"	19520918	0.3
249200570	"TRZEMEŚNIA"	19520919	24.2
249200570	"TRZEMEŚNIA"	19520920	2.3
249200570	"TRZEMEŚNIA"	19520922	5.6
249200570	"TRZEMEŚNIA"	19520923	4.2
249200570	"TRZEMEŚNIA"	19520924	1.3
249200570	"TRZEMEŚNIA"	19520926	4.1
249200570	"TRZEMEŚNIA"	19520927	13.6
249200570	"TRZEMEŚNIA"	19520928	4.7
249200570	"TRZEMEŚNIA"	19520929	3.9
249200570	"TRZEMEŚNIA"	19521001	1.2
249200570	"TRZEMEŚNIA"	19521002	2.5
249200570	"TRZEMEŚNIA"	19521003	0.3
249200570	"TRZEMEŚNIA"	19521004	0.1
249200570	"TRZEMEŚNIA"	19521005	8.2
249200570	"TRZEMEŚNIA"	19521006	0.1
249200570	"TRZEMEŚNIA"	19521008	1.7
249200570	"TRZEMEŚNIA"	19521010	0.2
249200570	"TRZEMEŚNIA"	19521011	12.6
249200570	"TRZEMEŚNIA"	19521012	19.4
249200570	"TRZEMEŚNIA"	19521017	3.9
249200570	"TRZEMEŚNIA"	19521019	0.5
249200570	"TRZEMEŚNIA"	19521020	5.2
249200570	"TRZEMEŚNIA"	19521021	4.2
249200570	"TRZEMEŚNIA"	19521023	25.1
249200570	"TRZEMEŚNIA"	19521026	14.2
249200570	"TRZEMEŚNIA"	19521027	4.7
249200570	"TRZEMEŚNIA"	19521031	32.3
249200570	"TRZEMEŚNIA"	19521101	38.2
249200570	"TRZEMEŚNIA"	19521103	2.7
249200570	"TRZEMEŚNIA"	19521105	0.2
249200570	"TRZEMEŚNIA"	19521107	5.6
249200570	"TRZEMEŚNIA"	19521108	16.7
249200570	"TRZEMEŚNIA"	19521109	6.3
249200570	"TRZEMEŚNIA"	19521115	8.2
249200570	"TRZEMEŚNIA"	19521116	5.1
249200570	"TRZEMEŚNIA"	19521121	12.1
249200570	"TRZEMEŚNIA"	19521122	16.8
249200570	"TRZEMEŚNIA"	19521123	6.9
249200570	"TRZEMEŚNIA"	19521127	1.4
249200570	"TRZEMEŚNIA"	19521128	2.6
249200570	"TRZEMEŚNIA"	19521129	1.3
249200570	"TRZEMEŚNIA"	19521201	0.6
249200570	"TRZEMEŚNIA"	19521202	0.2
249200570	"TRZEMEŚNIA"	19521215	7.2
249200570	"TRZEMEŚNIA"	19521216	1.3
249200570	"TRZEMEŚNIA"	19521217	1.9
249200570	"TRZEMEŚNIA"	19521219	0.4
249200570	"TRZEMEŚNIA"	19521222	0
249200570	"TRZEMEŚNIA"	19521223	0.6
249200570	"TRZEMEŚNIA"	19521225	7.6
249200570	"TRZEMEŚNIA"	19521228	1.2
249200570	"TRZEMEŚNIA"	19521229	1.7
249200570	"TRZEMEŚNIA"	19521230	3.6
249200570	"TRZEMEŚNIA"	19521231	2.2
249200570	"TRZEMEŚNIA"	19530102	6.3
249200570	"TRZEMEŚNIA"	19530103	9.4
249200570	"TRZEMEŚNIA"	19530108	1.9
249200570	"TRZEMEŚNIA"	19530109	0.8
249200570	"TRZEMEŚNIA"	19530110	3.9
249200570	"TRZEMEŚNIA"	19530111	7.6
249200570	"TRZEMEŚNIA"	19530112	1.9
249200570	"TRZEMEŚNIA"	19530117	0.4
249200570	"TRZEMEŚNIA"	19530118	1.2
249200570	"TRZEMEŚNIA"	19530119	2.5
249200570	"TRZEMEŚNIA"	19530121	1.2
249200570	"TRZEMEŚNIA"	19530122	0
249200570	"TRZEMEŚNIA"	19530125	1
249200570	"TRZEMEŚNIA"	19530128	2.6
249200570	"TRZEMEŚNIA"	19530129	3.8
249200570	"TRZEMEŚNIA"	19530202	11.3
249200570	"TRZEMEŚNIA"	19530203	1.3
249200570	"TRZEMEŚNIA"	19530207	1.2
249200570	"TRZEMEŚNIA"	19530208	1.3
249200570	"TRZEMEŚNIA"	19530209	11.5
249200570	"TRZEMEŚNIA"	19530213	1.2
249200570	"TRZEMEŚNIA"	19530215	0.9
249200570	"TRZEMEŚNIA"	19530216	4.2
249200570	"TRZEMEŚNIA"	19530217	1.7
249200570	"TRZEMEŚNIA"	19530219	1.7
249200570	"TRZEMEŚNIA"	19530220	1.8
249200570	"TRZEMEŚNIA"	19530222	0.5
249200570	"TRZEMEŚNIA"	19530223	0.4
249200570	"TRZEMEŚNIA"	19530224	0.2
249200570	"TRZEMEŚNIA"	19530228	19.1
249200570	"TRZEMEŚNIA"	19530303	0.5
249200570	"TRZEMEŚNIA"	19530304	4.8
249200570	"TRZEMEŚNIA"	19530307	5.1
249200570	"TRZEMEŚNIA"	19530308	7.9
249200570	"TRZEMEŚNIA"	19530309	10.6
249200570	"TRZEMEŚNIA"	19530311	7.2
249200570	"TRZEMEŚNIA"	19530327	3.8
249200570	"TRZEMEŚNIA"	19530405	1.6
249200570	"TRZEMEŚNIA"	19530406	0.5
249200570	"TRZEMEŚNIA"	19530410	0.2
249200570	"TRZEMEŚNIA"	19530416	0.2
249200570	"TRZEMEŚNIA"	19530417	6.4
249200570	"TRZEMEŚNIA"	19530419	0.1
249200570	"TRZEMEŚNIA"	19530428	2.2
249200570	"TRZEMEŚNIA"	19530430	25.5
249200570	"TRZEMEŚNIA"	19530503	0.3
249200570	"TRZEMEŚNIA"	19530504	13.8
249200570	"TRZEMEŚNIA"	19530505	5.6
249200570	"TRZEMEŚNIA"	19530506	9.4
249200570	"TRZEMEŚNIA"	19530507	6.3
249200570	"TRZEMEŚNIA"	19530509	5.4
249200570	"TRZEMEŚNIA"	19530510	4.1
249200570	"TRZEMEŚNIA"	19530511	9.2
249200570	"TRZEMEŚNIA"	19530512	0.4
249200570	"TRZEMEŚNIA"	19530520	8.3
249200570	"TRZEMEŚNIA"	19530527	3.5
249200570	"TRZEMEŚNIA"	19530528	0.6
249200570	"TRZEMEŚNIA"	19530530	1.5
249200570	"TRZEMEŚNIA"	19530531	9.1
249200570	"TRZEMEŚNIA"	19530601	32.5
249200570	"TRZEMEŚNIA"	19530603	0.3
249200570	"TRZEMEŚNIA"	19530604	4.1
249200570	"TRZEMEŚNIA"	19530606	2.9
249200570	"TRZEMEŚNIA"	19530609	23.5
249200570	"TRZEMEŚNIA"	19530610	0.6
249200570	"TRZEMEŚNIA"	19530611	2.7
249200570	"TRZEMEŚNIA"	19530612	63.2
249200570	"TRZEMEŚNIA"	19530617	31.2
249200570	"TRZEMEŚNIA"	19530619	0.4
249200570	"TRZEMEŚNIA"	19530624	36.9
249200570	"TRZEMEŚNIA"	19530627	4.3
249200570	"TRZEMEŚNIA"	19530628	7.8
249200570	"TRZEMEŚNIA"	19530705	13.9
249200570	"TRZEMEŚNIA"	19530709	4.2
249200570	"TRZEMEŚNIA"	19530710	31.6
249200570	"TRZEMEŚNIA"	19530711	1.5
249200570	"TRZEMEŚNIA"	19530713	13.5
249200570	"TRZEMEŚNIA"	19530714	0.4
249200570	"TRZEMEŚNIA"	19530715	4.5
249200570	"TRZEMEŚNIA"	19530718	1.2
249200570	"TRZEMEŚNIA"	19530719	38.1
249200570	"TRZEMEŚNIA"	19530727	53.5
249200570	"TRZEMEŚNIA"	19530729	2.5
249200570	"TRZEMEŚNIA"	19530730	5.2
249200570	"TRZEMEŚNIA"	19530731	1.7
249200570	"TRZEMEŚNIA"	19530801	1.3
249200570	"TRZEMEŚNIA"	19530804	11.7
249200570	"TRZEMEŚNIA"	19530805	17.9
249200570	"TRZEMEŚNIA"	19530806	6.1
249200570	"TRZEMEŚNIA"	19530807	10.4
249200570	"TRZEMEŚNIA"	19530808	7.2
249200570	"TRZEMEŚNIA"	19530822	27.1
249200570	"TRZEMEŚNIA"	19530823	11.6
249200570	"TRZEMEŚNIA"	19530827	3.4
249200570	"TRZEMEŚNIA"	19530903	11.7
249200570	"TRZEMEŚNIA"	19530906	0.7
249200570	"TRZEMEŚNIA"	19530910	4.2
249200570	"TRZEMEŚNIA"	19530912	9.2
249200570	"TRZEMEŚNIA"	19530913	7.8
249200570	"TRZEMEŚNIA"	19530914	5.1
249200570	"TRZEMEŚNIA"	19530920	5.4
249200570	"TRZEMEŚNIA"	19530921	0.7
249200570	"TRZEMEŚNIA"	19530924	0.5
249200570	"TRZEMEŚNIA"	19530925	0.3
249200570	"TRZEMEŚNIA"	19530929	2.1
249200570	"TRZEMEŚNIA"	19530930	13.4
249200570	"TRZEMEŚNIA"	19531001	0.4
249200570	"TRZEMEŚNIA"	19531004	20
249200570	"TRZEMEŚNIA"	19531005	4.6
249200570	"TRZEMEŚNIA"	19531006	4.3
249200570	"TRZEMEŚNIA"	19531007	8.4
249200570	"TRZEMEŚNIA"	19531008	1.3
249200570	"TRZEMEŚNIA"	19531019	0.3
249200570	"TRZEMEŚNIA"	19531020	0.2
249200570	"TRZEMEŚNIA"	19531023	1.2
249200570	"TRZEMEŚNIA"	19531030	2.1
249200570	"TRZEMEŚNIA"	19531031	0.6
249200570	"TRZEMEŚNIA"	19531104	1.1
249200570	"TRZEMEŚNIA"	19531106	7.4
249200570	"TRZEMEŚNIA"	19531107	0.9
249200570	"TRZEMEŚNIA"	19531114	2.4
249200570	"TRZEMEŚNIA"	19531115	0.3
249200570	"TRZEMEŚNIA"	19531120	5.6
249200570	"TRZEMEŚNIA"	19531121	1.2
249200570	"TRZEMEŚNIA"	19531129	2.9
249200570	"TRZEMEŚNIA"	19531130	0.3
249200570	"TRZEMEŚNIA"	19531201	0.2
249200570	"TRZEMEŚNIA"	19531222	0.9
249200570	"TRZEMEŚNIA"	19531223	0.2
249200570	"TRZEMEŚNIA"	19531227	0.3
249200570	"TRZEMEŚNIA"	19531228	6.8
249200570	"TRZEMEŚNIA"	19531230	12.2
249200570	"TRZEMEŚNIA"	19531231	6.6
249200570	"TRZEMEŚNIA"	19540101	0.5
249200570	"TRZEMEŚNIA"	19540108	0.6
249200570	"TRZEMEŚNIA"	19540109	0.3
249200570	"TRZEMEŚNIA"	19540110	3
249200570	"TRZEMEŚNIA"	19540111	0.2
249200570	"TRZEMEŚNIA"	19540114	0.3
249200570	"TRZEMEŚNIA"	19540115	3.1
249200570	"TRZEMEŚNIA"	19540116	0.2
249200570	"TRZEMEŚNIA"	19540117	1.4
249200570	"TRZEMEŚNIA"	19540119	0.5
249200570	"TRZEMEŚNIA"	19540120	3.2
249200570	"TRZEMEŚNIA"	19540121	2.7
249200570	"TRZEMEŚNIA"	19540122	1.2
249200570	"TRZEMEŚNIA"	19540123	5.1
249200570	"TRZEMEŚNIA"	19540124	1.2
249200570	"TRZEMEŚNIA"	19540125	0
249200570	"TRZEMEŚNIA"	19540128	1.2
249200570	"TRZEMEŚNIA"	19540202	3.1
249200570	"TRZEMEŚNIA"	19540216	7.1
249200570	"TRZEMEŚNIA"	19540217	1.1
249200570	"TRZEMEŚNIA"	19540301	0.9
249200570	"TRZEMEŚNIA"	19540305	1.3
249200570	"TRZEMEŚNIA"	19540306	13.3
249200570	"TRZEMEŚNIA"	19540324	0.4
249200570	"TRZEMEŚNIA"	19540325	0.3
249200570	"TRZEMEŚNIA"	19540326	0.8
249200570	"TRZEMEŚNIA"	19540327	6.8
249200570	"TRZEMEŚNIA"	19540328	0.7
249200570	"TRZEMEŚNIA"	19540401	1.8
249200570	"TRZEMEŚNIA"	19540402	2.3
249200570	"TRZEMEŚNIA"	19540404	0.5
249200570	"TRZEMEŚNIA"	19540405	12.1
249200570	"TRZEMEŚNIA"	19540406	2.1
249200570	"TRZEMEŚNIA"	19540407	3.2
249200570	"TRZEMEŚNIA"	19540408	1.1
249200570	"TRZEMEŚNIA"	19540413	1.3
249200570	"TRZEMEŚNIA"	19540414	9.5
249200570	"TRZEMEŚNIA"	19540415	23.8
249200570	"TRZEMEŚNIA"	19540416	0.7
249200570	"TRZEMEŚNIA"	19540418	18.9
249200570	"TRZEMEŚNIA"	19540419	29.7
249200570	"TRZEMEŚNIA"	19540421	9.4
249200570	"TRZEMEŚNIA"	19540424	0.6
249200570	"TRZEMEŚNIA"	19540426	0
249200570	"TRZEMEŚNIA"	19540430	1.6
249200570	"TRZEMEŚNIA"	19540501	8.4
249200570	"TRZEMEŚNIA"	19540504	4.3
249200570	"TRZEMEŚNIA"	19540505	1.4
249200570	"TRZEMEŚNIA"	19540506	2.3
249200570	"TRZEMEŚNIA"	19540507	0.8
249200570	"TRZEMEŚNIA"	19540513	5.8
249200570	"TRZEMEŚNIA"	19540517	4.9
249200570	"TRZEMEŚNIA"	19540518	30.5
249200570	"TRZEMEŚNIA"	19540519	9.3
249200570	"TRZEMEŚNIA"	19540524	5.3
249200570	"TRZEMEŚNIA"	19540529	4.9
249200570	"TRZEMEŚNIA"	19540531	3.4
249200570	"TRZEMEŚNIA"	19540601	9.2
249200570	"TRZEMEŚNIA"	19540602	6.1
249200570	"TRZEMEŚNIA"	19540607	10.5
249200570	"TRZEMEŚNIA"	19540611	12.3
249200570	"TRZEMEŚNIA"	19540617	0.6
249200570	"TRZEMEŚNIA"	19540619	5.4
249200570	"TRZEMEŚNIA"	19540622	44.2
249200570	"TRZEMEŚNIA"	19540627	6.3
249200570	"TRZEMEŚNIA"	19540628	14.2
249200570	"TRZEMEŚNIA"	19540629	1.4
249200570	"TRZEMEŚNIA"	19540701	21.7
249200570	"TRZEMEŚNIA"	19540702	5.4
249200570	"TRZEMEŚNIA"	19540703	1.2
249200570	"TRZEMEŚNIA"	19540705	0.4
249200570	"TRZEMEŚNIA"	19540708	6.4
249200570	"TRZEMEŚNIA"	19540713	1.4
249200570	"TRZEMEŚNIA"	19540714	2.1
249200570	"TRZEMEŚNIA"	19540718	10.5
249200570	"TRZEMEŚNIA"	19540719	5.2
249200570	"TRZEMEŚNIA"	19540720	1.9
249200570	"TRZEMEŚNIA"	19540723	0.6
249200570	"TRZEMEŚNIA"	19540725	2.2
249200570	"TRZEMEŚNIA"	19540726	3.7
249200570	"TRZEMEŚNIA"	19540727	3.5
249200570	"TRZEMEŚNIA"	19540728	4.9
249200570	"TRZEMEŚNIA"	19540809	5.8
249200570	"TRZEMEŚNIA"	19540810	18.4
249200570	"TRZEMEŚNIA"	19540816	9.7
249200570	"TRZEMEŚNIA"	19540817	20.2
249200570	"TRZEMEŚNIA"	19540822	4.6
249200570	"TRZEMEŚNIA"	19540827	5.6
249200570	"TRZEMEŚNIA"	19540828	3.4
249200570	"TRZEMEŚNIA"	19540829	0.3
249200570	"TRZEMEŚNIA"	19540909	0.5
249200570	"TRZEMEŚNIA"	19540912	4.5
249200570	"TRZEMEŚNIA"	19540919	2.4
249200570	"TRZEMEŚNIA"	19540921	1.3
249200570	"TRZEMEŚNIA"	19540922	1.9
249200570	"TRZEMEŚNIA"	19540923	0.4
249200570	"TRZEMEŚNIA"	19540924	0.1
249200570	"TRZEMEŚNIA"	19540927	11.2
249200570	"TRZEMEŚNIA"	19540928	3.4
249200570	"TRZEMEŚNIA"	19540929	3.1
249200570	"TRZEMEŚNIA"	19540930	2.1
249200570	"TRZEMEŚNIA"	19541001	0.4
249200570	"TRZEMEŚNIA"	19541002	3.8
249200570	"TRZEMEŚNIA"	19541004	3.8
249200570	"TRZEMEŚNIA"	19541005	8.3
249200570	"TRZEMEŚNIA"	19541006	0.8
249200570	"TRZEMEŚNIA"	19541007	0.1
249200570	"TRZEMEŚNIA"	19541020	1.2
249200570	"TRZEMEŚNIA"	19541025	15.9
249200570	"TRZEMEŚNIA"	19541028	0.4
249200570	"TRZEMEŚNIA"	19541029	0.1
249200570	"TRZEMEŚNIA"	19541101	0.3
249200570	"TRZEMEŚNIA"	19541104	3.2
249200570	"TRZEMEŚNIA"	19541110	14.6
249200570	"TRZEMEŚNIA"	19541111	0.3
249200570	"TRZEMEŚNIA"	19541115	4.9
249200570	"TRZEMEŚNIA"	19541117	8.9
249200570	"TRZEMEŚNIA"	19541120	4.3
249200570	"TRZEMEŚNIA"	19541125	2.6
249200570	"TRZEMEŚNIA"	19541130	0.7
249200570	"TRZEMEŚNIA"	19541201	2.9
249200570	"TRZEMEŚNIA"	19541203	1.7
249200570	"TRZEMEŚNIA"	19541205	4.2
249200570	"TRZEMEŚNIA"	19541208	1.4
249200570	"TRZEMEŚNIA"	19541213	5.4
249200570	"TRZEMEŚNIA"	19541214	4.1
249200570	"TRZEMEŚNIA"	19541215	0.7
249200570	"TRZEMEŚNIA"	19541216	1.5
249200570	"TRZEMEŚNIA"	19541220	2.1
249200570	"TRZEMEŚNIA"	19541221	0.4
249200570	"TRZEMEŚNIA"	19541223	2.9
249200570	"TRZEMEŚNIA"	19541224	1.2
249200570	"TRZEMEŚNIA"	19541225	0.7
249200570	"TRZEMEŚNIA"	19541226	7.2
249200570	"TRZEMEŚNIA"	19541227	3.8
249200570	"TRZEMEŚNIA"	19541228	10.2
249200570	"TRZEMEŚNIA"	19541229	5.1
249200570	"TRZEMEŚNIA"	19541230	2.3
249200570	"TRZEMEŚNIA"	19541231	10.4
249200570	"TRZEMEŚNIA"	19550101	1.2
249200570	"TRZEMEŚNIA"	19550102	0.6
249200570	"TRZEMEŚNIA"	19550108	0.2
249200570	"TRZEMEŚNIA"	19550111	3.9
249200570	"TRZEMEŚNIA"	19550112	0.5
249200570	"TRZEMEŚNIA"	19550114	1.8
249200570	"TRZEMEŚNIA"	19550116	16.1
249200570	"TRZEMEŚNIA"	19550205	0.8
249200570	"TRZEMEŚNIA"	19550206	2.7
249200570	"TRZEMEŚNIA"	19550209	6.9
249200570	"TRZEMEŚNIA"	19550210	0.4
249200570	"TRZEMEŚNIA"	19550214	0.2
249200570	"TRZEMEŚNIA"	19550215	0.6
249200570	"TRZEMEŚNIA"	19550217	3.4
249200570	"TRZEMEŚNIA"	19550218	15.2
249200570	"TRZEMEŚNIA"	19550221	1.3
249200570	"TRZEMEŚNIA"	19550222	0.5
249200570	"TRZEMEŚNIA"	19550224	0.3
249200570	"TRZEMEŚNIA"	19550225	2.6
249200570	"TRZEMEŚNIA"	19550308	2.5
249200570	"TRZEMEŚNIA"	19550310	24.2
249200570	"TRZEMEŚNIA"	19550311	4.1
249200570	"TRZEMEŚNIA"	19550316	1.9
249200570	"TRZEMEŚNIA"	19550318	2.7
249200570	"TRZEMEŚNIA"	19550319	0.8
249200570	"TRZEMEŚNIA"	19550324	1.8
249200570	"TRZEMEŚNIA"	19550327	6.9
249200570	"TRZEMEŚNIA"	19550328	1.4
249200570	"TRZEMEŚNIA"	19550329	0
249200570	"TRZEMEŚNIA"	19550401	1.9
249200570	"TRZEMEŚNIA"	19550405	4.8
249200570	"TRZEMEŚNIA"	19550407	1.3
249200570	"TRZEMEŚNIA"	19550408	6.6
249200570	"TRZEMEŚNIA"	19550409	2.7
249200570	"TRZEMEŚNIA"	19550410	2.4
249200570	"TRZEMEŚNIA"	19550411	4.6
249200570	"TRZEMEŚNIA"	19550412	3.7
249200570	"TRZEMEŚNIA"	19550413	5.1
249200570	"TRZEMEŚNIA"	19550414	4.2
249200570	"TRZEMEŚNIA"	19550415	12.4
249200570	"TRZEMEŚNIA"	19550416	10.5
249200570	"TRZEMEŚNIA"	19550417	3.2
249200570	"TRZEMEŚNIA"	19550418	0.9
249200570	"TRZEMEŚNIA"	19550420	2.6
249200570	"TRZEMEŚNIA"	19550421	1.8
249200570	"TRZEMEŚNIA"	19550422	1.3
249200570	"TRZEMEŚNIA"	19550424	6.9
249200570	"TRZEMEŚNIA"	19550425	1.8
249200570	"TRZEMEŚNIA"	19550427	0.2
249200570	"TRZEMEŚNIA"	19550501	0.3
249200570	"TRZEMEŚNIA"	19550503	0.1
249200570	"TRZEMEŚNIA"	19550505	2.5
249200570	"TRZEMEŚNIA"	19550510	2.5
249200570	"TRZEMEŚNIA"	19550511	3.2
249200570	"TRZEMEŚNIA"	19550515	14.7
249200570	"TRZEMEŚNIA"	19550516	3.4
249200570	"TRZEMEŚNIA"	19550518	11.3
249200570	"TRZEMEŚNIA"	19550519	8.1
249200570	"TRZEMEŚNIA"	19550520	0.2
249200570	"TRZEMEŚNIA"	19550524	2.4
249200570	"TRZEMEŚNIA"	19550525	1.9
249200570	"TRZEMEŚNIA"	19550527	3.5
249200570	"TRZEMEŚNIA"	19550528	1.4
249200570	"TRZEMEŚNIA"	19550530	0.5
249200570	"TRZEMEŚNIA"	19550531	5.8
249200570	"TRZEMEŚNIA"	19550601	8.1
249200570	"TRZEMEŚNIA"	19550602	55.1
249200570	"TRZEMEŚNIA"	19550603	0.9
249200570	"TRZEMEŚNIA"	19550606	1.2
249200570	"TRZEMEŚNIA"	19550610	5.9
249200570	"TRZEMEŚNIA"	19550613	6.9
249200570	"TRZEMEŚNIA"	19550614	0.2
249200570	"TRZEMEŚNIA"	19550620	25.2
249200570	"TRZEMEŚNIA"	19550621	88.7
249200570	"TRZEMEŚNIA"	19550622	7.2
249200570	"TRZEMEŚNIA"	19550628	1.7
249200570	"TRZEMEŚNIA"	19550703	4.8
249200570	"TRZEMEŚNIA"	19550704	13.9
249200570	"TRZEMEŚNIA"	19550706	10.3
249200570	"TRZEMEŚNIA"	19550707	50.1
249200570	"TRZEMEŚNIA"	19550708	25.2
249200570	"TRZEMEŚNIA"	19550709	5.1
249200570	"TRZEMEŚNIA"	19550711	51.4
249200570	"TRZEMEŚNIA"	19550712	8.1
249200570	"TRZEMEŚNIA"	19550716	8.4
249200570	"TRZEMEŚNIA"	19550719	5.1
249200570	"TRZEMEŚNIA"	19550720	10.5
249200570	"TRZEMEŚNIA"	19550724	10.7
249200570	"TRZEMEŚNIA"	19550725	6.9
249200570	"TRZEMEŚNIA"	19550726	1.2
249200570	"TRZEMEŚNIA"	19550727	61.8
249200570	"TRZEMEŚNIA"	19550729	7.4
249200570	"TRZEMEŚNIA"	19550730	11.3
249200570	"TRZEMEŚNIA"	19550731	9.8
249200570	"TRZEMEŚNIA"	19550801	15.3
249200570	"TRZEMEŚNIA"	19550802	5.2
249200570	"TRZEMEŚNIA"	19550803	49.5
249200570	"TRZEMEŚNIA"	19550805	57.5
249200570	"TRZEMEŚNIA"	19550806	8.9
249200570	"TRZEMEŚNIA"	19550808	1.8
249200570	"TRZEMEŚNIA"	19550809	1.7
249200570	"TRZEMEŚNIA"	19550810	3.4
249200570	"TRZEMEŚNIA"	19550811	14.6
249200570	"TRZEMEŚNIA"	19550816	6.5
249200570	"TRZEMEŚNIA"	19550823	1.9
249200570	"TRZEMEŚNIA"	19550824	7.8
249200570	"TRZEMEŚNIA"	19550827	2.6
249200570	"TRZEMEŚNIA"	19550828	7.9
249200570	"TRZEMEŚNIA"	19550830	4.1
249200570	"TRZEMEŚNIA"	19550901	4.6
249200570	"TRZEMEŚNIA"	19550914	20.3
249200570	"TRZEMEŚNIA"	19550915	4.4
249200570	"TRZEMEŚNIA"	19550919	0.3
249200570	"TRZEMEŚNIA"	19550927	16.1
249200570	"TRZEMEŚNIA"	19550928	8.2
249200570	"TRZEMEŚNIA"	19551008	2.7
249200570	"TRZEMEŚNIA"	19551009	6.5
249200570	"TRZEMEŚNIA"	19551015	8.5
249200570	"TRZEMEŚNIA"	19551016	9.6
249200570	"TRZEMEŚNIA"	19551017	1.4
249200570	"TRZEMEŚNIA"	19551018	7.8
249200570	"TRZEMEŚNIA"	19551022	0.3
249200570	"TRZEMEŚNIA"	19551024	25.4
249200570	"TRZEMEŚNIA"	19551025	6.5
249200570	"TRZEMEŚNIA"	19551028	2.9
249200570	"TRZEMEŚNIA"	19551029	0.3
249200570	"TRZEMEŚNIA"	19551102	1.3
249200570	"TRZEMEŚNIA"	19551112	1.2
249200570	"TRZEMEŚNIA"	19551113	0.9
249200570	"TRZEMEŚNIA"	19551119	0.2
249200570	"TRZEMEŚNIA"	19551121	0.3
249200570	"TRZEMEŚNIA"	19551122	2.3
249200570	"TRZEMEŚNIA"	19551125	2.3
249200570	"TRZEMEŚNIA"	19551127	3.1
249200570	"TRZEMEŚNIA"	19551128	2.7
249200570	"TRZEMEŚNIA"	19551203	2.6
249200570	"TRZEMEŚNIA"	19551204	1.9
249200570	"TRZEMEŚNIA"	19551205	0.8
249200570	"TRZEMEŚNIA"	19551207	1.3
249200570	"TRZEMEŚNIA"	19551210	0.6
249200570	"TRZEMEŚNIA"	19551211	2.7
249200570	"TRZEMEŚNIA"	19551215	0.1
249200570	"TRZEMEŚNIA"	19551216	2.3
249200570	"TRZEMEŚNIA"	19551217	4.2
249200570	"TRZEMEŚNIA"	19551218	2.1
249200570	"TRZEMEŚNIA"	19551221	0.4
249200570	"TRZEMEŚNIA"	19551222	0.8
249200570	"TRZEMEŚNIA"	19551223	1.2
249200570	"TRZEMEŚNIA"	19551224	0.2
249200570	"TRZEMEŚNIA"	19551225	0.3
249200570	"TRZEMEŚNIA"	19551226	1.4
249200570	"TRZEMEŚNIA"	19551227	1.6
249200570	"TRZEMEŚNIA"	19551229	4.1
249200570	"TRZEMEŚNIA"	19560102	0.2
249200570	"TRZEMEŚNIA"	19560103	0.1
249200570	"TRZEMEŚNIA"	19560124	0.1
249200570	"TRZEMEŚNIA"	19560125	5.1
249200570	"TRZEMEŚNIA"	19560129	1.1
249200570	"TRZEMEŚNIA"	19560130	2.9
249200570	"TRZEMEŚNIA"	19560201	1.7
249200570	"TRZEMEŚNIA"	19560205	2.3
249200570	"TRZEMEŚNIA"	19560206	4.7
249200570	"TRZEMEŚNIA"	19560207	2.6
249200570	"TRZEMEŚNIA"	19560208	1.1
249200570	"TRZEMEŚNIA"	19560211	6.2
249200570	"TRZEMEŚNIA"	19560213	2.8
249200570	"TRZEMEŚNIA"	19560214	4.5
249200570	"TRZEMEŚNIA"	19560215	0.5
249200570	"TRZEMEŚNIA"	19560220	5.6
249200570	"TRZEMEŚNIA"	19560221	1.3
249200570	"TRZEMEŚNIA"	19560222	4.6
249200570	"TRZEMEŚNIA"	19560223	0.3
249200570	"TRZEMEŚNIA"	19560228	2.6
249200570	"TRZEMEŚNIA"	19560301	3.5
249200570	"TRZEMEŚNIA"	19560302	2.3
249200570	"TRZEMEŚNIA"	19560304	4.9
249200570	"TRZEMEŚNIA"	19560305	1.3
249200570	"TRZEMEŚNIA"	19560306	1.6
249200570	"TRZEMEŚNIA"	19560307	3.1
249200570	"TRZEMEŚNIA"	19560309	2.9
249200570	"TRZEMEŚNIA"	19560310	3.7
249200570	"TRZEMEŚNIA"	19560311	0.4
249200570	"TRZEMEŚNIA"	19560312	1.7
249200570	"TRZEMEŚNIA"	19560314	0.3
249200570	"TRZEMEŚNIA"	19560325	0.6
249200570	"TRZEMEŚNIA"	19560326	0.2
249200570	"TRZEMEŚNIA"	19560404	1.7
249200570	"TRZEMEŚNIA"	19560405	0
249200570	"TRZEMEŚNIA"	19560408	0.2
249200570	"TRZEMEŚNIA"	19560409	2.6
249200570	"TRZEMEŚNIA"	19560410	4.7
249200570	"TRZEMEŚNIA"	19560411	3.6
249200570	"TRZEMEŚNIA"	19560412	4.1
249200570	"TRZEMEŚNIA"	19560417	0.4
249200570	"TRZEMEŚNIA"	19560418	2.7
249200570	"TRZEMEŚNIA"	19560420	1.4
249200570	"TRZEMEŚNIA"	19560421	3.9
249200570	"TRZEMEŚNIA"	19560423	1.7
249200570	"TRZEMEŚNIA"	19560426	2.4
249200570	"TRZEMEŚNIA"	19560430	4.6
249200570	"TRZEMEŚNIA"	19560501	1.9
249200570	"TRZEMEŚNIA"	19560508	1.3
249200570	"TRZEMEŚNIA"	19560511	7.3
249200570	"TRZEMEŚNIA"	19560512	3.4
249200570	"TRZEMEŚNIA"	19560513	13.5
249200570	"TRZEMEŚNIA"	19560518	9.4
249200570	"TRZEMEŚNIA"	19560519	25.2
249200570	"TRZEMEŚNIA"	19560526	0.4
249200570	"TRZEMEŚNIA"	19560604	2.9
249200570	"TRZEMEŚNIA"	19560606	0.8
249200570	"TRZEMEŚNIA"	19560608	13.6
249200570	"TRZEMEŚNIA"	19560609	3.7
249200570	"TRZEMEŚNIA"	19560611	3.2
249200570	"TRZEMEŚNIA"	19560614	1.8
249200570	"TRZEMEŚNIA"	19560618	14.2
249200570	"TRZEMEŚNIA"	19560619	23.5
249200570	"TRZEMEŚNIA"	19560620	15.1
249200570	"TRZEMEŚNIA"	19560621	8.5
249200570	"TRZEMEŚNIA"	19560622	10.4
249200570	"TRZEMEŚNIA"	19560623	9.1
249200570	"TRZEMEŚNIA"	19560624	12
249200570	"TRZEMEŚNIA"	19560625	1.9
249200570	"TRZEMEŚNIA"	19560627	5.7
249200570	"TRZEMEŚNIA"	19560628	2.5
249200570	"TRZEMEŚNIA"	19560629	2.9
249200570	"TRZEMEŚNIA"	19560630	3.5
249200570	"TRZEMEŚNIA"	19560702	14.7
249200570	"TRZEMEŚNIA"	19560703	3.5
249200570	"TRZEMEŚNIA"	19560704	4.1
249200570	"TRZEMEŚNIA"	19560706	3.9
249200570	"TRZEMEŚNIA"	19560708	6.1
249200570	"TRZEMEŚNIA"	19560714	0.5
249200570	"TRZEMEŚNIA"	19560719	2.7
249200570	"TRZEMEŚNIA"	19560720	6.2
249200570	"TRZEMEŚNIA"	19560722	0.6
249200570	"TRZEMEŚNIA"	19560723	6.3
249200570	"TRZEMEŚNIA"	19560724	9.2
249200570	"TRZEMEŚNIA"	19560725	2.4
249200570	"TRZEMEŚNIA"	19560730	5.7
249200570	"TRZEMEŚNIA"	19560802	12.6
249200570	"TRZEMEŚNIA"	19560807	10.1
249200570	"TRZEMEŚNIA"	19560811	6.4
249200570	"TRZEMEŚNIA"	19560812	14.7
249200570	"TRZEMEŚNIA"	19560814	2.7
249200570	"TRZEMEŚNIA"	19560818	2.3
249200570	"TRZEMEŚNIA"	19560820	7.1
249200570	"TRZEMEŚNIA"	19560821	15.1
249200570	"TRZEMEŚNIA"	19560829	2.6
249200570	"TRZEMEŚNIA"	19560830	6.8
249200570	"TRZEMEŚNIA"	19560904	7
249200570	"TRZEMEŚNIA"	19560910	0.1
249200570	"TRZEMEŚNIA"	19560911	8.2
249200570	"TRZEMEŚNIA"	19560912	5.4
249200570	"TRZEMEŚNIA"	19560913	4.9
249200570	"TRZEMEŚNIA"	19560914	2.3
249200570	"TRZEMEŚNIA"	19560917	8.8
249200570	"TRZEMEŚNIA"	19561003	15.1
249200570	"TRZEMEŚNIA"	19561004	10.2
249200570	"TRZEMEŚNIA"	19561005	16
249200570	"TRZEMEŚNIA"	19561006	29.1
249200570	"TRZEMEŚNIA"	19561009	0.5
249200570	"TRZEMEŚNIA"	19561014	1.9
249200570	"TRZEMEŚNIA"	19561019	0.8
249200570	"TRZEMEŚNIA"	19561020	1.7
249200570	"TRZEMEŚNIA"	19561028	0.1
249200570	"TRZEMEŚNIA"	19561029	0.6
249200570	"TRZEMEŚNIA"	19561030	1.4
249200570	"TRZEMEŚNIA"	19561031	0.5
249200570	"TRZEMEŚNIA"	19561103	0.3
249200570	"TRZEMEŚNIA"	19561106	6.3
249200570	"TRZEMEŚNIA"	19561109	1.4
249200570	"TRZEMEŚNIA"	19561112	6.3
249200570	"TRZEMEŚNIA"	19561113	1.4
249200570	"TRZEMEŚNIA"	19561114	5.2
249200570	"TRZEMEŚNIA"	19561115	3.3
249200570	"TRZEMEŚNIA"	19561116	0.4
249200570	"TRZEMEŚNIA"	19561117	1.3
249200570	"TRZEMEŚNIA"	19561125	1.9
249200570	"TRZEMEŚNIA"	19561126	12.8
249200570	"TRZEMEŚNIA"	19561127	7.2
249200570	"TRZEMEŚNIA"	19561130	8
249200570	"TRZEMEŚNIA"	19561202	1.4
249200570	"TRZEMEŚNIA"	19561203	4.7
249200570	"TRZEMEŚNIA"	19561204	1.9
249200570	"TRZEMEŚNIA"	19561205	6.1
249200570	"TRZEMEŚNIA"	19561206	0.3
249200570	"TRZEMEŚNIA"	19561210	0.2
249200570	"TRZEMEŚNIA"	19561211	0.3
249200570	"TRZEMEŚNIA"	19561222	2.1
249200570	"TRZEMEŚNIA"	19561223	5.3
249200570	"TRZEMEŚNIA"	19561224	6.2
249200570	"TRZEMEŚNIA"	19561225	7.5
249200570	"TRZEMEŚNIA"	19561226	4.1
249200570	"TRZEMEŚNIA"	19570105	4.5
249200570	"TRZEMEŚNIA"	19570106	2.1
249200570	"TRZEMEŚNIA"	19570110	0
249200570	"TRZEMEŚNIA"	19570111	1.2
249200570	"TRZEMEŚNIA"	19570112	1.5
249200570	"TRZEMEŚNIA"	19570113	1.9
249200570	"TRZEMEŚNIA"	19570125	0
249200570	"TRZEMEŚNIA"	19570126	4.2
249200570	"TRZEMEŚNIA"	19570127	2.5
249200570	"TRZEMEŚNIA"	19570128	9.1
249200570	"TRZEMEŚNIA"	19570131	0.5
249200570	"TRZEMEŚNIA"	19570202	0.2
249200570	"TRZEMEŚNIA"	19570207	0.1
249200570	"TRZEMEŚNIA"	19570209	2.6
249200570	"TRZEMEŚNIA"	19570214	0.6
249200570	"TRZEMEŚNIA"	19570218	0.3
249200570	"TRZEMEŚNIA"	19570219	1.2
249200570	"TRZEMEŚNIA"	19570221	8.9
249200570	"TRZEMEŚNIA"	19570222	1.2
249200570	"TRZEMEŚNIA"	19570224	1.3
249200570	"TRZEMEŚNIA"	19570225	19
249200570	"TRZEMEŚNIA"	19570315	12.1
249200570	"TRZEMEŚNIA"	19570316	4.1
249200570	"TRZEMEŚNIA"	19570317	2.6
249200570	"TRZEMEŚNIA"	19570318	5.2
249200570	"TRZEMEŚNIA"	19570319	5.6
249200570	"TRZEMEŚNIA"	19570320	0.4
249200570	"TRZEMEŚNIA"	19570323	0.6
249200570	"TRZEMEŚNIA"	19570324	7.4
249200570	"TRZEMEŚNIA"	19570325	1.3
249200570	"TRZEMEŚNIA"	19570326	0.5
249200570	"TRZEMEŚNIA"	19570329	0.1
249200570	"TRZEMEŚNIA"	19570407	14.4
249200570	"TRZEMEŚNIA"	19570408	15.5
249200570	"TRZEMEŚNIA"	19570410	6.9
249200570	"TRZEMEŚNIA"	19570411	14.1
249200570	"TRZEMEŚNIA"	19570413	2.1
249200570	"TRZEMEŚNIA"	19570415	0
249200570	"TRZEMEŚNIA"	19570417	3.9
249200570	"TRZEMEŚNIA"	19570418	1.2
249200570	"TRZEMEŚNIA"	19570422	1.9
249200570	"TRZEMEŚNIA"	19570423	4.5
249200570	"TRZEMEŚNIA"	19570424	1.2
249200570	"TRZEMEŚNIA"	19570425	0.4
249200570	"TRZEMEŚNIA"	19570426	1.6
249200570	"TRZEMEŚNIA"	19570430	1.7
249200570	"TRZEMEŚNIA"	19570501	1.3
249200570	"TRZEMEŚNIA"	19570502	3.5
249200570	"TRZEMEŚNIA"	19570503	2.6
249200570	"TRZEMEŚNIA"	19570506	6.3
249200570	"TRZEMEŚNIA"	19570507	5.1
249200570	"TRZEMEŚNIA"	19570508	7.4
249200570	"TRZEMEŚNIA"	19570509	10
249200570	"TRZEMEŚNIA"	19570510	5.2
249200570	"TRZEMEŚNIA"	19570514	2.3
249200570	"TRZEMEŚNIA"	19570520	15.1
249200570	"TRZEMEŚNIA"	19570523	0.4
249200570	"TRZEMEŚNIA"	19570524	2.8
249200570	"TRZEMEŚNIA"	19570528	0.5
249200570	"TRZEMEŚNIA"	19570529	1.3
249200570	"TRZEMEŚNIA"	19570601	0.3
249200570	"TRZEMEŚNIA"	19570605	4.3
249200570	"TRZEMEŚNIA"	19570606	1.8
249200570	"TRZEMEŚNIA"	19570607	4.3
249200570	"TRZEMEŚNIA"	19570608	19.1
249200570	"TRZEMEŚNIA"	19570609	4.9
249200570	"TRZEMEŚNIA"	19570621	0.4
249200570	"TRZEMEŚNIA"	19570622	6.9
249200570	"TRZEMEŚNIA"	19570625	0.2
249200570	"TRZEMEŚNIA"	19570627	0.3
249200570	"TRZEMEŚNIA"	19570630	12.3
249200570	"TRZEMEŚNIA"	19570702	25.4
249200570	"TRZEMEŚNIA"	19570705	16.3
249200570	"TRZEMEŚNIA"	19570706	0.4
249200570	"TRZEMEŚNIA"	19570707	0.6
249200570	"TRZEMEŚNIA"	19570708	1.3
249200570	"TRZEMEŚNIA"	19570711	26.1
249200570	"TRZEMEŚNIA"	19570712	7.9
249200570	"TRZEMEŚNIA"	19570715	42.1
249200570	"TRZEMEŚNIA"	19570716	30.5
249200570	"TRZEMEŚNIA"	19570717	3.4
249200570	"TRZEMEŚNIA"	19570720	6.4
249200570	"TRZEMEŚNIA"	19570721	9.1
249200570	"TRZEMEŚNIA"	19570724	10.2
249200570	"TRZEMEŚNIA"	19570726	19.8
249200570	"TRZEMEŚNIA"	19570727	2.1
249200570	"TRZEMEŚNIA"	19570730	4.3
249200570	"TRZEMEŚNIA"	19570731	2.2
249200570	"TRZEMEŚNIA"	19570805	3.3
249200570	"TRZEMEŚNIA"	19570812	9.1
249200570	"TRZEMEŚNIA"	19570814	4.8
249200570	"TRZEMEŚNIA"	19570816	54.2
249200570	"TRZEMEŚNIA"	19570817	5.4
249200570	"TRZEMEŚNIA"	19570818	0.6
249200570	"TRZEMEŚNIA"	19570819	2.4
249200570	"TRZEMEŚNIA"	19570821	2.1
249200570	"TRZEMEŚNIA"	19570822	12.3
249200570	"TRZEMEŚNIA"	19570823	2.6
249200570	"TRZEMEŚNIA"	19570826	1.2
249200570	"TRZEMEŚNIA"	19570827	1.5
249200570	"TRZEMEŚNIA"	19570828	3.8
249200570	"TRZEMEŚNIA"	19570829	36.9
249200570	"TRZEMEŚNIA"	19570830	2.4
249200570	"TRZEMEŚNIA"	19570903	7.2
249200570	"TRZEMEŚNIA"	19570904	17.1
249200570	"TRZEMEŚNIA"	19570910	1.5
249200570	"TRZEMEŚNIA"	19570912	2.1
249200570	"TRZEMEŚNIA"	19570914	3.1
249200570	"TRZEMEŚNIA"	19570916	0.6
249200570	"TRZEMEŚNIA"	19570917	4.2
249200570	"TRZEMEŚNIA"	19570919	2.3
249200570	"TRZEMEŚNIA"	19570920	5.1
249200570	"TRZEMEŚNIA"	19570922	0.3
249200570	"TRZEMEŚNIA"	19570923	4.6
249200570	"TRZEMEŚNIA"	19570924	7.2
249200570	"TRZEMEŚNIA"	19570928	3.4
249200570	"TRZEMEŚNIA"	19570929	11.6
249200570	"TRZEMEŚNIA"	19571004	2.6
249200570	"TRZEMEŚNIA"	19571020	3.6
249200570	"TRZEMEŚNIA"	19571022	6.7
249200570	"TRZEMEŚNIA"	19571023	8.4
249200570	"TRZEMEŚNIA"	19571024	1.5
249200570	"TRZEMEŚNIA"	19571103	2.6
249200570	"TRZEMEŚNIA"	19571111	1.7
249200570	"TRZEMEŚNIA"	19571112	2.1
249200570	"TRZEMEŚNIA"	19571117	0.3
249200570	"TRZEMEŚNIA"	19571125	2.6
249200570	"TRZEMEŚNIA"	19571126	3.4
249200570	"TRZEMEŚNIA"	19571127	0.5
249200570	"TRZEMEŚNIA"	19571128	5.4
249200570	"TRZEMEŚNIA"	19571129	3.6
249200570	"TRZEMEŚNIA"	19571130	1.5
249200570	"TRZEMEŚNIA"	19571201	0
249200570	"TRZEMEŚNIA"	19571204	4.1
249200570	"TRZEMEŚNIA"	19571205	2.8
249200570	"TRZEMEŚNIA"	19571208	1.9
249200570	"TRZEMEŚNIA"	19571209	2.2
249200570	"TRZEMEŚNIA"	19571213	3.4
249200570	"TRZEMEŚNIA"	19571214	2.5
249200570	"TRZEMEŚNIA"	19571215	1.2
249200570	"TRZEMEŚNIA"	19580102	1.6
249200570	"TRZEMEŚNIA"	19580103	3.9
249200570	"TRZEMEŚNIA"	19580107	8.3
249200570	"TRZEMEŚNIA"	19580114	1.5
249200570	"TRZEMEŚNIA"	19580115	5.2
249200570	"TRZEMEŚNIA"	19580116	2.4
249200570	"TRZEMEŚNIA"	19580119	3.2
249200570	"TRZEMEŚNIA"	19580120	4.3
249200570	"TRZEMEŚNIA"	19580121	10.3
249200570	"TRZEMEŚNIA"	19580202	2.1
249200570	"TRZEMEŚNIA"	19580203	0.7
249200570	"TRZEMEŚNIA"	19580205	1.2
249200570	"TRZEMEŚNIA"	19580206	2.2
249200570	"TRZEMEŚNIA"	19580215	5.3
249200570	"TRZEMEŚNIA"	19580216	7.1
249200570	"TRZEMEŚNIA"	19580217	1.2
249200570	"TRZEMEŚNIA"	19580219	0.6
249200570	"TRZEMEŚNIA"	19580220	2.1
249200570	"TRZEMEŚNIA"	19580221	3.8
249200570	"TRZEMEŚNIA"	19580222	5.9
249200570	"TRZEMEŚNIA"	19580223	4.8
249200570	"TRZEMEŚNIA"	19580224	0.5
249200570	"TRZEMEŚNIA"	19580226	0.5
249200570	"TRZEMEŚNIA"	19580227	4.4
249200570	"TRZEMEŚNIA"	19580228	0.1
249200570	"TRZEMEŚNIA"	19580301	0.3
249200570	"TRZEMEŚNIA"	19580302	5.3
249200570	"TRZEMEŚNIA"	19580303	14.2
249200570	"TRZEMEŚNIA"	19580305	2.4
249200570	"TRZEMEŚNIA"	19580306	14.1
249200570	"TRZEMEŚNIA"	19580307	11.4
249200570	"TRZEMEŚNIA"	19580308	2.3
249200570	"TRZEMEŚNIA"	19580309	0.2
249200570	"TRZEMEŚNIA"	19580311	17.3
249200570	"TRZEMEŚNIA"	19580312	14.8
249200570	"TRZEMEŚNIA"	19580313	5.2
249200570	"TRZEMEŚNIA"	19580314	11
249200570	"TRZEMEŚNIA"	19580315	1.4
249200570	"TRZEMEŚNIA"	19580316	1.3
249200570	"TRZEMEŚNIA"	19580317	10.2
249200570	"TRZEMEŚNIA"	19580318	2.2
249200570	"TRZEMEŚNIA"	19580320	3.9
249200570	"TRZEMEŚNIA"	19580321	20.3
249200570	"TRZEMEŚNIA"	19580322	3.2
249200570	"TRZEMEŚNIA"	19580327	2.4
249200570	"TRZEMEŚNIA"	19580328	4.1
249200570	"TRZEMEŚNIA"	19580330	16.2
249200570	"TRZEMEŚNIA"	19580331	1.8
249200570	"TRZEMEŚNIA"	19580807	6.4
249200570	"TRZEMEŚNIA"	19580808	5.3
249200570	"TRZEMEŚNIA"	19580812	22.1
249200570	"TRZEMEŚNIA"	19580813	6.4
249200570	"TRZEMEŚNIA"	19580819	2.3
249200570	"TRZEMEŚNIA"	19580822	6.2
249200570	"TRZEMEŚNIA"	19580824	12.1
249200570	"TRZEMEŚNIA"	19580825	4.3
249200570	"TRZEMEŚNIA"	19580826	3.2
249200570	"TRZEMEŚNIA"	19580827	5.4
249200570	"TRZEMEŚNIA"	19580909	16.3
249200570	"TRZEMEŚNIA"	19580910	7.9
249200570	"TRZEMEŚNIA"	19580911	2.1
249200570	"TRZEMEŚNIA"	19580912	8.2
249200570	"TRZEMEŚNIA"	19580917	3.4
249200570	"TRZEMEŚNIA"	19580918	1.2
249200570	"TRZEMEŚNIA"	19580921	2.9
249200570	"TRZEMEŚNIA"	19580922	2.5
249200570	"TRZEMEŚNIA"	19580923	1.8
249200570	"TRZEMEŚNIA"	19580924	2.1
249200570	"TRZEMEŚNIA"	19580925	1.2
249200570	"TRZEMEŚNIA"	19580926	0.5
249200570	"TRZEMEŚNIA"	19580927	0.4
249200570	"TRZEMEŚNIA"	19581003	16.9
249200570	"TRZEMEŚNIA"	19581007	8.6
249200570	"TRZEMEŚNIA"	19581008	10.3
249200570	"TRZEMEŚNIA"	19581012	0.3
249200570	"TRZEMEŚNIA"	19581013	37.2
249200570	"TRZEMEŚNIA"	19581014	6.5
249200570	"TRZEMEŚNIA"	19581017	6.4
249200570	"TRZEMEŚNIA"	19581018	5.2
249200570	"TRZEMEŚNIA"	19581019	1.3
249200570	"TRZEMEŚNIA"	19581023	0.1
249200570	"TRZEMEŚNIA"	19581025	0.8
249200570	"TRZEMEŚNIA"	19581026	1.4
249200570	"TRZEMEŚNIA"	19581031	1.7
249200570	"TRZEMEŚNIA"	19581101	16.3
249200570	"TRZEMEŚNIA"	19581102	1.2
249200570	"TRZEMEŚNIA"	19581103	4.8
249200570	"TRZEMEŚNIA"	19581104	5.1
249200570	"TRZEMEŚNIA"	19581108	15.4
249200570	"TRZEMEŚNIA"	19581109	34.9
249200570	"TRZEMEŚNIA"	19581110	8.7
249200570	"TRZEMEŚNIA"	19581115	10.3
249200570	"TRZEMEŚNIA"	19581116	16.4
249200570	"TRZEMEŚNIA"	19581117	0.5
249200570	"TRZEMEŚNIA"	19581126	0.7
249200570	"TRZEMEŚNIA"	19581129	3.4
249200570	"TRZEMEŚNIA"	19581130	10.8
249200570	"TRZEMEŚNIA"	19581205	0.8
249200570	"TRZEMEŚNIA"	19581206	1.6
249200570	"TRZEMEŚNIA"	19581212	0.8
249200570	"TRZEMEŚNIA"	19581214	1.5
249200570	"TRZEMEŚNIA"	19581226	3.6
249200570	"TRZEMEŚNIA"	19581227	2.8
249200570	"TRZEMEŚNIA"	19581228	3.5
249200570	"TRZEMEŚNIA"	19581230	6.8
249200570	"TRZEMEŚNIA"	19600101	0.9
249200570	"TRZEMEŚNIA"	19600102	1.4
249200570	"TRZEMEŚNIA"	19600103	1.2
249200570	"TRZEMEŚNIA"	19600104	0.6
249200570	"TRZEMEŚNIA"	19600105	3.5
249200570	"TRZEMEŚNIA"	19600106	1.8
249200570	"TRZEMEŚNIA"	19600107	0
249200570	"TRZEMEŚNIA"	19600108	3.9
249200570	"TRZEMEŚNIA"	19600109	2.8
249200570	"TRZEMEŚNIA"	19600110	0.2
249200570	"TRZEMEŚNIA"	19600112	1.6
249200570	"TRZEMEŚNIA"	19600113	20.1
249200570	"TRZEMEŚNIA"	19600114	3.2
249200570	"TRZEMEŚNIA"	19600120	0.2
249200570	"TRZEMEŚNIA"	19600121	4.2
249200570	"TRZEMEŚNIA"	19600128	3.8
249200570	"TRZEMEŚNIA"	19600130	1.5
249200570	"TRZEMEŚNIA"	19600213	18.3
249200570	"TRZEMEŚNIA"	19600217	7.1
249200570	"TRZEMEŚNIA"	19600223	4.6
249200570	"TRZEMEŚNIA"	19600224	2.3
249200570	"TRZEMEŚNIA"	19600227	1.7
249200570	"TRZEMEŚNIA"	19600302	1.7
249200570	"TRZEMEŚNIA"	19600304	2.3
249200570	"TRZEMEŚNIA"	19600305	0.4
249200570	"TRZEMEŚNIA"	19600315	3.4
249200570	"TRZEMEŚNIA"	19600317	2.7
249200570	"TRZEMEŚNIA"	19600318	10.1
249200570	"TRZEMEŚNIA"	19600319	1.9
249200570	"TRZEMEŚNIA"	19600405	0.2
249200570	"TRZEMEŚNIA"	19600406	1.6
249200570	"TRZEMEŚNIA"	19600407	4.1
249200570	"TRZEMEŚNIA"	19600408	3.9
249200570	"TRZEMEŚNIA"	19600409	0.9
249200570	"TRZEMEŚNIA"	19600415	9.7
249200570	"TRZEMEŚNIA"	19600416	5.2
249200570	"TRZEMEŚNIA"	19600421	0.2
249200570	"TRZEMEŚNIA"	19600423	4.8
249200570	"TRZEMEŚNIA"	19600424	5.6
249200570	"TRZEMEŚNIA"	19600425	4.8
249200570	"TRZEMEŚNIA"	19600428	14.1
249200570	"TRZEMEŚNIA"	19600501	12.7
249200570	"TRZEMEŚNIA"	19600517	2.8
249200570	"TRZEMEŚNIA"	19600519	4.1
249200570	"TRZEMEŚNIA"	19600520	5.2
249200570	"TRZEMEŚNIA"	19600522	4.7
249200570	"TRZEMEŚNIA"	19600523	11.8
249200570	"TRZEMEŚNIA"	19600529	11.6
249200570	"TRZEMEŚNIA"	19600530	5.1
249200570	"TRZEMEŚNIA"	19600603	14.1
249200570	"TRZEMEŚNIA"	19600604	6.8
249200570	"TRZEMEŚNIA"	19600606	5.4
249200570	"TRZEMEŚNIA"	19600609	11.4
249200570	"TRZEMEŚNIA"	19600610	3.2
249200570	"TRZEMEŚNIA"	19600611	9.1
249200570	"TRZEMEŚNIA"	19600614	7.9
249200570	"TRZEMEŚNIA"	19600615	9.1
249200570	"TRZEMEŚNIA"	19600617	2.6
249200570	"TRZEMEŚNIA"	19600620	7.4
249200570	"TRZEMEŚNIA"	19600621	9.5
249200570	"TRZEMEŚNIA"	19600622	4.3
249200570	"TRZEMEŚNIA"	19600624	8.1
249200570	"TRZEMEŚNIA"	19600625	2.7
249200570	"TRZEMEŚNIA"	19600626	4.8
249200570	"TRZEMEŚNIA"	19600627	23.4
249200570	"TRZEMEŚNIA"	19600628	4.7
249200570	"TRZEMEŚNIA"	19600629	8.2
249200570	"TRZEMEŚNIA"	19600630	7.4
249200570	"TRZEMEŚNIA"	19600701	6.1
249200570	"TRZEMEŚNIA"	19600702	4.3
249200570	"TRZEMEŚNIA"	19600703	1.3
249200570	"TRZEMEŚNIA"	19600704	1.9
249200570	"TRZEMEŚNIA"	19600705	0.2
249200570	"TRZEMEŚNIA"	19600706	12.5
249200570	"TRZEMEŚNIA"	19600707	10.6
249200570	"TRZEMEŚNIA"	19600709	39.2
249200570	"TRZEMEŚNIA"	19600712	9.8
249200570	"TRZEMEŚNIA"	19600713	72.4
249200570	"TRZEMEŚNIA"	19600714	1.2
249200570	"TRZEMEŚNIA"	19600716	11
249200570	"TRZEMEŚNIA"	19600717	0.3
249200570	"TRZEMEŚNIA"	19600720	5.3
249200570	"TRZEMEŚNIA"	19600721	8.1
249200570	"TRZEMEŚNIA"	19600723	3.7
249200570	"TRZEMEŚNIA"	19600724	37.8
249200570	"TRZEMEŚNIA"	19600725	51.4
249200570	"TRZEMEŚNIA"	19600726	38.3
249200570	"TRZEMEŚNIA"	19600727	37.1
249200570	"TRZEMEŚNIA"	19600803	17.2
249200570	"TRZEMEŚNIA"	19600806	1.3
249200570	"TRZEMEŚNIA"	19600808	7.4
249200570	"TRZEMEŚNIA"	19600809	54.2
249200570	"TRZEMEŚNIA"	19600813	4.5
249200570	"TRZEMEŚNIA"	19600815	3.4
249200570	"TRZEMEŚNIA"	19600816	6.1
249200570	"TRZEMEŚNIA"	19600817	1
249200570	"TRZEMEŚNIA"	19600818	1.1
249200570	"TRZEMEŚNIA"	19600819	8.2
249200570	"TRZEMEŚNIA"	19600821	5.7
249200570	"TRZEMEŚNIA"	19600824	4.3
249200570	"TRZEMEŚNIA"	19600829	27.2
249200570	"TRZEMEŚNIA"	19600904	6.1
249200570	"TRZEMEŚNIA"	19600905	26.5
249200570	"TRZEMEŚNIA"	19600906	15.2
249200570	"TRZEMEŚNIA"	19600907	8.3
249200570	"TRZEMEŚNIA"	19600908	12.4
249200570	"TRZEMEŚNIA"	19600911	0.3
249200570	"TRZEMEŚNIA"	19600920	1.2
249200570	"TRZEMEŚNIA"	19600921	1.9
249200570	"TRZEMEŚNIA"	19600926	2.3
249200570	"TRZEMEŚNIA"	19600928	0.4
249200570	"TRZEMEŚNIA"	19601001	8.9
249200570	"TRZEMEŚNIA"	19601002	1.6
249200570	"TRZEMEŚNIA"	19601007	3.6
249200570	"TRZEMEŚNIA"	19601015	3.4
249200570	"TRZEMEŚNIA"	19601016	6.2
249200570	"TRZEMEŚNIA"	19601017	4.3
249200570	"TRZEMEŚNIA"	19601018	0.2
249200570	"TRZEMEŚNIA"	19601021	7.9
249200570	"TRZEMEŚNIA"	19601025	0.6
249200570	"TRZEMEŚNIA"	19601026	3.2
249200570	"TRZEMEŚNIA"	19601030	2.1
249200570	"TRZEMEŚNIA"	19601105	0.9
249200570	"TRZEMEŚNIA"	19601113	11.9
249200570	"TRZEMEŚNIA"	19601114	15
249200570	"TRZEMEŚNIA"	19601116	6.2
249200570	"TRZEMEŚNIA"	19601117	3.1
249200570	"TRZEMEŚNIA"	19601119	4.8
249200570	"TRZEMEŚNIA"	19601126	1.8
249200570	"TRZEMEŚNIA"	19601128	1.5
249200570	"TRZEMEŚNIA"	19601208	3.9
249200570	"TRZEMEŚNIA"	19601209	1.2
249200570	"TRZEMEŚNIA"	19601210	3.6
249200570	"TRZEMEŚNIA"	19601211	13.5
249200570	"TRZEMEŚNIA"	19601212	1.9
249200570	"TRZEMEŚNIA"	19601213	8.8
249200570	"TRZEMEŚNIA"	19601214	3.7
249200570	"TRZEMEŚNIA"	19601215	1.3
249200570	"TRZEMEŚNIA"	19601229	5.7
249200570	"TRZEMEŚNIA"	19601230	2.1
