"V1"	"V2"	"V3"	"V4"
249180250	"WISŁA-GŁĘBCE"	19510102	1.2
249180250	"WISŁA-GŁĘBCE"	19510103	7.6
249180250	"WISŁA-GŁĘBCE"	19510104	3.6
249180250	"WISŁA-GŁĘBCE"	19510105	2.1
249180250	"WISŁA-GŁĘBCE"	19510106	4.2
249180250	"WISŁA-GŁĘBCE"	19510113	14.7
249180250	"WISŁA-GŁĘBCE"	19510114	0
249180250	"WISŁA-GŁĘBCE"	19510115	5.5
249180250	"WISŁA-GŁĘBCE"	19510116	3
249180250	"WISŁA-GŁĘBCE"	19510117	2
249180250	"WISŁA-GŁĘBCE"	19510118	8.5
249180250	"WISŁA-GŁĘBCE"	19510119	20.5
249180250	"WISŁA-GŁĘBCE"	19510120	10
249180250	"WISŁA-GŁĘBCE"	19510121	20
249180250	"WISŁA-GŁĘBCE"	19510122	1
249180250	"WISŁA-GŁĘBCE"	19510125	1
249180250	"WISŁA-GŁĘBCE"	19510215	3
249180250	"WISŁA-GŁĘBCE"	19510218	0.5
249180250	"WISŁA-GŁĘBCE"	19510221	4
249180250	"WISŁA-GŁĘBCE"	19510225	5
249180250	"WISŁA-GŁĘBCE"	19510226	18
249180250	"WISŁA-GŁĘBCE"	19510227	5.1
249180250	"WISŁA-GŁĘBCE"	19510228	5.5
249180250	"WISŁA-GŁĘBCE"	19510304	2
249180250	"WISŁA-GŁĘBCE"	19510305	5.1
249180250	"WISŁA-GŁĘBCE"	19510306	6
249180250	"WISŁA-GŁĘBCE"	19510307	2
249180250	"WISŁA-GŁĘBCE"	19510308	8
249180250	"WISŁA-GŁĘBCE"	19510313	5
249180250	"WISŁA-GŁĘBCE"	19510316	4
249180250	"WISŁA-GŁĘBCE"	19510317	10
249180250	"WISŁA-GŁĘBCE"	19510318	8
249180250	"WISŁA-GŁĘBCE"	19510320	1.5
249180250	"WISŁA-GŁĘBCE"	19510323	3.1
249180250	"WISŁA-GŁĘBCE"	19510324	4.9
249180250	"WISŁA-GŁĘBCE"	19510325	17.1
249180250	"WISŁA-GŁĘBCE"	19510327	4
249180250	"WISŁA-GŁĘBCE"	19510329	0.5
249180250	"WISŁA-GŁĘBCE"	19510330	2
249180250	"WISŁA-GŁĘBCE"	19510331	1.5
249180250	"WISŁA-GŁĘBCE"	19510401	27
249180250	"WISŁA-GŁĘBCE"	19510408	12
249180250	"WISŁA-GŁĘBCE"	19510409	5
249180250	"WISŁA-GŁĘBCE"	19510414	6
249180250	"WISŁA-GŁĘBCE"	19510415	3
249180250	"WISŁA-GŁĘBCE"	19510420	5
249180250	"WISŁA-GŁĘBCE"	19510421	11
249180250	"WISŁA-GŁĘBCE"	19510422	10
249180250	"WISŁA-GŁĘBCE"	19510427	0.5
249180250	"WISŁA-GŁĘBCE"	19510428	2
249180250	"WISŁA-GŁĘBCE"	19510502	12
249180250	"WISŁA-GŁĘBCE"	19510503	20
249180250	"WISŁA-GŁĘBCE"	19510504	10
249180250	"WISŁA-GŁĘBCE"	19510505	5
249180250	"WISŁA-GŁĘBCE"	19510506	21
249180250	"WISŁA-GŁĘBCE"	19510509	4
249180250	"WISŁA-GŁĘBCE"	19510510	28
249180250	"WISŁA-GŁĘBCE"	19510511	34
249180250	"WISŁA-GŁĘBCE"	19510512	3
249180250	"WISŁA-GŁĘBCE"	19510514	10
249180250	"WISŁA-GŁĘBCE"	19510515	2
249180250	"WISŁA-GŁĘBCE"	19510516	15
249180250	"WISŁA-GŁĘBCE"	19510518	7
249180250	"WISŁA-GŁĘBCE"	19510521	7.2
249180250	"WISŁA-GŁĘBCE"	19510522	3.4
249180250	"WISŁA-GŁĘBCE"	19510523	8.1
249180250	"WISŁA-GŁĘBCE"	19510528	12.1
249180250	"WISŁA-GŁĘBCE"	19510603	2.1
249180250	"WISŁA-GŁĘBCE"	19510605	3
249180250	"WISŁA-GŁĘBCE"	19510606	2.6
249180250	"WISŁA-GŁĘBCE"	19510607	17.5
249180250	"WISŁA-GŁĘBCE"	19510608	3.4
249180250	"WISŁA-GŁĘBCE"	19510609	6.2
249180250	"WISŁA-GŁĘBCE"	19510613	3.1
249180250	"WISŁA-GŁĘBCE"	19510614	4.2
249180250	"WISŁA-GŁĘBCE"	19510618	6.5
249180250	"WISŁA-GŁĘBCE"	19510619	2
249180250	"WISŁA-GŁĘBCE"	19510624	24
249180250	"WISŁA-GŁĘBCE"	19510625	5
249180250	"WISŁA-GŁĘBCE"	19510628	12
249180250	"WISŁA-GŁĘBCE"	19510701	3.7
249180250	"WISŁA-GŁĘBCE"	19510702	2.1
249180250	"WISŁA-GŁĘBCE"	19510704	4.7
249180250	"WISŁA-GŁĘBCE"	19510709	0.3
249180250	"WISŁA-GŁĘBCE"	19510712	2.3
249180250	"WISŁA-GŁĘBCE"	19510713	18.1
249180250	"WISŁA-GŁĘBCE"	19510714	2.1
249180250	"WISŁA-GŁĘBCE"	19510715	18.2
249180250	"WISŁA-GŁĘBCE"	19510716	6.2
249180250	"WISŁA-GŁĘBCE"	19510717	0.3
249180250	"WISŁA-GŁĘBCE"	19510722	0.7
249180250	"WISŁA-GŁĘBCE"	19510723	5.3
249180250	"WISŁA-GŁĘBCE"	19510724	9.7
249180250	"WISŁA-GŁĘBCE"	19510725	17.2
249180250	"WISŁA-GŁĘBCE"	19510726	7.3
249180250	"WISŁA-GŁĘBCE"	19510727	4.2
249180250	"WISŁA-GŁĘBCE"	19510908	0.7
249180250	"WISŁA-GŁĘBCE"	19510915	2.1
249180250	"WISŁA-GŁĘBCE"	19510917	3.9
249180250	"WISŁA-GŁĘBCE"	19510918	6
249180250	"WISŁA-GŁĘBCE"	19510919	10
249180250	"WISŁA-GŁĘBCE"	19510920	12
249180250	"WISŁA-GŁĘBCE"	19510924	3.1
249180250	"WISŁA-GŁĘBCE"	19510926	2.6
249180250	"WISŁA-GŁĘBCE"	19510927	3.8
249180250	"WISŁA-GŁĘBCE"	19510928	1.7
249180250	"WISŁA-GŁĘBCE"	19510929	2.4
249180250	"WISŁA-GŁĘBCE"	19510930	1.2
249180250	"WISŁA-GŁĘBCE"	19511023	0
249180250	"WISŁA-GŁĘBCE"	19511102	7
249180250	"WISŁA-GŁĘBCE"	19511103	4.3
249180250	"WISŁA-GŁĘBCE"	19511104	2
249180250	"WISŁA-GŁĘBCE"	19511115	3.4
249180250	"WISŁA-GŁĘBCE"	19511121	6
249180250	"WISŁA-GŁĘBCE"	19511122	23.5
249180250	"WISŁA-GŁĘBCE"	19511123	9.4
249180250	"WISŁA-GŁĘBCE"	19511124	3.5
249180250	"WISŁA-GŁĘBCE"	19511125	5
249180250	"WISŁA-GŁĘBCE"	19511126	3
249180250	"WISŁA-GŁĘBCE"	19511127	2.4
249180250	"WISŁA-GŁĘBCE"	19511128	3.2
249180250	"WISŁA-GŁĘBCE"	19511129	5
249180250	"WISŁA-GŁĘBCE"	19511130	15.4
249180250	"WISŁA-GŁĘBCE"	19511203	20.3
249180250	"WISŁA-GŁĘBCE"	19511204	1
249180250	"WISŁA-GŁĘBCE"	19511205	2.4
249180250	"WISŁA-GŁĘBCE"	19511209	4.5
249180250	"WISŁA-GŁĘBCE"	19511210	6
249180250	"WISŁA-GŁĘBCE"	19511211	7.2
249180250	"WISŁA-GŁĘBCE"	19511212	2
249180250	"WISŁA-GŁĘBCE"	19511213	26
249180250	"WISŁA-GŁĘBCE"	19511214	10
249180250	"WISŁA-GŁĘBCE"	19511216	2
249180250	"WISŁA-GŁĘBCE"	19511217	1
249180250	"WISŁA-GŁĘBCE"	19511228	7
249180250	"WISŁA-GŁĘBCE"	19511229	5
249180250	"WISŁA-GŁĘBCE"	19511230	3.2
249180250	"WISŁA-GŁĘBCE"	19511231	4.7
249180250	"WISŁA-GŁĘBCE"	19520101	3.2
249180250	"WISŁA-GŁĘBCE"	19520102	4.7
249180250	"WISŁA-GŁĘBCE"	19520104	5.1
249180250	"WISŁA-GŁĘBCE"	19520105	3.9
249180250	"WISŁA-GŁĘBCE"	19520106	3.1
249180250	"WISŁA-GŁĘBCE"	19520107	1.3
249180250	"WISŁA-GŁĘBCE"	19520109	0.2
249180250	"WISŁA-GŁĘBCE"	19520110	8.3
249180250	"WISŁA-GŁĘBCE"	19520111	2.4
249180250	"WISŁA-GŁĘBCE"	19520112	3
249180250	"WISŁA-GŁĘBCE"	19520113	2
249180250	"WISŁA-GŁĘBCE"	19520114	1.5
249180250	"WISŁA-GŁĘBCE"	19520115	1
249180250	"WISŁA-GŁĘBCE"	19520117	2
249180250	"WISŁA-GŁĘBCE"	19520118	15.7
249180250	"WISŁA-GŁĘBCE"	19520119	10
249180250	"WISŁA-GŁĘBCE"	19520120	12
249180250	"WISŁA-GŁĘBCE"	19520121	5.4
249180250	"WISŁA-GŁĘBCE"	19520128	9
249180250	"WISŁA-GŁĘBCE"	19520129	6.3
249180250	"WISŁA-GŁĘBCE"	19520201	6.2
249180250	"WISŁA-GŁĘBCE"	19520202	10
249180250	"WISŁA-GŁĘBCE"	19520204	4
249180250	"WISŁA-GŁĘBCE"	19520205	12
249180250	"WISŁA-GŁĘBCE"	19520206	2
249180250	"WISŁA-GŁĘBCE"	19520207	1.3
249180250	"WISŁA-GŁĘBCE"	19520209	2
249180250	"WISŁA-GŁĘBCE"	19520211	10
249180250	"WISŁA-GŁĘBCE"	19520213	1.5
249180250	"WISŁA-GŁĘBCE"	19520214	28
249180250	"WISŁA-GŁĘBCE"	19520215	16.2
249180250	"WISŁA-GŁĘBCE"	19520216	2
249180250	"WISŁA-GŁĘBCE"	19520217	5.3
249180250	"WISŁA-GŁĘBCE"	19520218	3.5
249180250	"WISŁA-GŁĘBCE"	19520219	4.5
249180250	"WISŁA-GŁĘBCE"	19520220	9
249180250	"WISŁA-GŁĘBCE"	19520221	15.5
249180250	"WISŁA-GŁĘBCE"	19520222	16.2
249180250	"WISŁA-GŁĘBCE"	19520223	6.5
249180250	"WISŁA-GŁĘBCE"	19520224	3.6
249180250	"WISŁA-GŁĘBCE"	19520226	22.2
249180250	"WISŁA-GŁĘBCE"	19520227	2.5
249180250	"WISŁA-GŁĘBCE"	19520228	3.2
249180250	"WISŁA-GŁĘBCE"	19520229	4.3
249180250	"WISŁA-GŁĘBCE"	19520301	8.2
249180250	"WISŁA-GŁĘBCE"	19520303	1
249180250	"WISŁA-GŁĘBCE"	19520305	4
249180250	"WISŁA-GŁĘBCE"	19520306	3
249180250	"WISŁA-GŁĘBCE"	19520307	1
249180250	"WISŁA-GŁĘBCE"	19520313	10
249180250	"WISŁA-GŁĘBCE"	19520314	1.7
249180250	"WISŁA-GŁĘBCE"	19520323	10
249180250	"WISŁA-GŁĘBCE"	19520324	8
249180250	"WISŁA-GŁĘBCE"	19520326	13.6
249180250	"WISŁA-GŁĘBCE"	19520327	1.5
249180250	"WISŁA-GŁĘBCE"	19520401	20.1
249180250	"WISŁA-GŁĘBCE"	19520402	3.5
249180250	"WISŁA-GŁĘBCE"	19520416	6
249180250	"WISŁA-GŁĘBCE"	19520426	1
249180250	"WISŁA-GŁĘBCE"	19520427	2.3
249180250	"WISŁA-GŁĘBCE"	19520428	3.5
249180250	"WISŁA-GŁĘBCE"	19520429	6.5
249180250	"WISŁA-GŁĘBCE"	19520506	1.4
249180250	"WISŁA-GŁĘBCE"	19520507	22.2
249180250	"WISŁA-GŁĘBCE"	19520509	2
249180250	"WISŁA-GŁĘBCE"	19520512	10.5
249180250	"WISŁA-GŁĘBCE"	19520513	1.6
249180250	"WISŁA-GŁĘBCE"	19520514	1.4
249180250	"WISŁA-GŁĘBCE"	19520515	12.3
249180250	"WISŁA-GŁĘBCE"	19520517	6.4
249180250	"WISŁA-GŁĘBCE"	19520519	8
249180250	"WISŁA-GŁĘBCE"	19520520	7
249180250	"WISŁA-GŁĘBCE"	19520521	10.4
249180250	"WISŁA-GŁĘBCE"	19520523	2
249180250	"WISŁA-GŁĘBCE"	19520524	17.6
249180250	"WISŁA-GŁĘBCE"	19520525	0.2
249180250	"WISŁA-GŁĘBCE"	19520526	10.4
249180250	"WISŁA-GŁĘBCE"	19520528	7.2
249180250	"WISŁA-GŁĘBCE"	19520601	3.5
249180250	"WISŁA-GŁĘBCE"	19520602	4
249180250	"WISŁA-GŁĘBCE"	19520603	32.5
249180250	"WISŁA-GŁĘBCE"	19520604	3.2
249180250	"WISŁA-GŁĘBCE"	19520607	10
249180250	"WISŁA-GŁĘBCE"	19520608	1
249180250	"WISŁA-GŁĘBCE"	19520609	10
249180250	"WISŁA-GŁĘBCE"	19520610	3.5
249180250	"WISŁA-GŁĘBCE"	19520611	14.2
249180250	"WISŁA-GŁĘBCE"	19520614	1
249180250	"WISŁA-GŁĘBCE"	19520616	17.2
249180250	"WISŁA-GŁĘBCE"	19520618	3.2
249180250	"WISŁA-GŁĘBCE"	19520619	6.3
249180250	"WISŁA-GŁĘBCE"	19520620	30.2
249180250	"WISŁA-GŁĘBCE"	19520621	1.3
249180250	"WISŁA-GŁĘBCE"	19520623	17.2
249180250	"WISŁA-GŁĘBCE"	19520624	10
249180250	"WISŁA-GŁĘBCE"	19520625	7
249180250	"WISŁA-GŁĘBCE"	19520626	6
249180250	"WISŁA-GŁĘBCE"	19520627	2
249180250	"WISŁA-GŁĘBCE"	19520712	4.2
249180250	"WISŁA-GŁĘBCE"	19520716	10
249180250	"WISŁA-GŁĘBCE"	19520717	2
249180250	"WISŁA-GŁĘBCE"	19520718	10
249180250	"WISŁA-GŁĘBCE"	19520723	6.2
249180250	"WISŁA-GŁĘBCE"	19520729	7.2
249180250	"WISŁA-GŁĘBCE"	19520816	10
249180250	"WISŁA-GŁĘBCE"	19520817	15
249180250	"WISŁA-GŁĘBCE"	19520819	1
249180250	"WISŁA-GŁĘBCE"	19520820	15
249180250	"WISŁA-GŁĘBCE"	19520822	2
249180250	"WISŁA-GŁĘBCE"	19520823	10
249180250	"WISŁA-GŁĘBCE"	19520825	3
249180250	"WISŁA-GŁĘBCE"	19520828	1
249180250	"WISŁA-GŁĘBCE"	19520831	13
249180250	"WISŁA-GŁĘBCE"	19520901	7.2
249180250	"WISŁA-GŁĘBCE"	19520902	8.1
249180250	"WISŁA-GŁĘBCE"	19520903	1
249180250	"WISŁA-GŁĘBCE"	19520906	20
249180250	"WISŁA-GŁĘBCE"	19520907	13.5
249180250	"WISŁA-GŁĘBCE"	19520908	5
249180250	"WISŁA-GŁĘBCE"	19520909	35.2
249180250	"WISŁA-GŁĘBCE"	19520910	1.3
249180250	"WISŁA-GŁĘBCE"	19520911	3.2
249180250	"WISŁA-GŁĘBCE"	19520912	4.1
249180250	"WISŁA-GŁĘBCE"	19520913	12.5
249180250	"WISŁA-GŁĘBCE"	19520914	2
249180250	"WISŁA-GŁĘBCE"	19520918	4.3
249180250	"WISŁA-GŁĘBCE"	19520919	20
249180250	"WISŁA-GŁĘBCE"	19520920	4.2
249180250	"WISŁA-GŁĘBCE"	19520922	1
249180250	"WISŁA-GŁĘBCE"	19520923	26.5
249180250	"WISŁA-GŁĘBCE"	19520924	10
249180250	"WISŁA-GŁĘBCE"	19520925	6.4
249180250	"WISŁA-GŁĘBCE"	19520928	6.2
249180250	"WISŁA-GŁĘBCE"	19520929	10.4
249180250	"WISŁA-GŁĘBCE"	19520930	26.7
249180250	"WISŁA-GŁĘBCE"	19521001	5.1
249180250	"WISŁA-GŁĘBCE"	19521002	4.2
249180250	"WISŁA-GŁĘBCE"	19521003	8.4
249180250	"WISŁA-GŁĘBCE"	19521004	3.5
249180250	"WISŁA-GŁĘBCE"	19521005	30
249180250	"WISŁA-GŁĘBCE"	19521007	5.4
249180250	"WISŁA-GŁĘBCE"	19521008	5.2
249180250	"WISŁA-GŁĘBCE"	19521011	2.4
249180250	"WISŁA-GŁĘBCE"	19521012	10
249180250	"WISŁA-GŁĘBCE"	19521013	6.2
249180250	"WISŁA-GŁĘBCE"	19521014	2
249180250	"WISŁA-GŁĘBCE"	19521015	7.5
249180250	"WISŁA-GŁĘBCE"	19521016	2.3
249180250	"WISŁA-GŁĘBCE"	19521017	1
249180250	"WISŁA-GŁĘBCE"	19521018	2.4
249180250	"WISŁA-GŁĘBCE"	19521019	4.3
249180250	"WISŁA-GŁĘBCE"	19521020	3.5
249180250	"WISŁA-GŁĘBCE"	19521021	5.4
249180250	"WISŁA-GŁĘBCE"	19521022	13.5
249180250	"WISŁA-GŁĘBCE"	19521023	2
249180250	"WISŁA-GŁĘBCE"	19521024	3.5
249180250	"WISŁA-GŁĘBCE"	19521025	1.4
249180250	"WISŁA-GŁĘBCE"	19521026	12.3
249180250	"WISŁA-GŁĘBCE"	19521027	7.2
249180250	"WISŁA-GŁĘBCE"	19521031	19.2
249180250	"WISŁA-GŁĘBCE"	19521101	12
249180250	"WISŁA-GŁĘBCE"	19521102	8.4
249180250	"WISŁA-GŁĘBCE"	19521104	10
249180250	"WISŁA-GŁĘBCE"	19521105	2
249180250	"WISŁA-GŁĘBCE"	19521106	8.5
249180250	"WISŁA-GŁĘBCE"	19521107	20.3
249180250	"WISŁA-GŁĘBCE"	19521108	35
249180250	"WISŁA-GŁĘBCE"	19521109	6.2
249180250	"WISŁA-GŁĘBCE"	19521110	1.3
249180250	"WISŁA-GŁĘBCE"	19521112	3.2
249180250	"WISŁA-GŁĘBCE"	19521115	4.3
249180250	"WISŁA-GŁĘBCE"	19521121	2.1
249180250	"WISŁA-GŁĘBCE"	19521122	5.2
249180250	"WISŁA-GŁĘBCE"	19521123	4.5
249180250	"WISŁA-GŁĘBCE"	19521127	1.4
249180250	"WISŁA-GŁĘBCE"	19521128	10.2
249180250	"WISŁA-GŁĘBCE"	19521129	6.5
249180250	"WISŁA-GŁĘBCE"	19521130	4.3
249180250	"WISŁA-GŁĘBCE"	19521201	3.2
249180250	"WISŁA-GŁĘBCE"	19521213	2
249180250	"WISŁA-GŁĘBCE"	19521215	10.3
249180250	"WISŁA-GŁĘBCE"	19521216	3.2
249180250	"WISŁA-GŁĘBCE"	19521217	1.4
249180250	"WISŁA-GŁĘBCE"	19521222	3
249180250	"WISŁA-GŁĘBCE"	19521223	2.4
249180250	"WISŁA-GŁĘBCE"	19521225	5
249180250	"WISŁA-GŁĘBCE"	19521226	2
249180250	"WISŁA-GŁĘBCE"	19521227	3
249180250	"WISŁA-GŁĘBCE"	19521230	2.3
249180250	"WISŁA-GŁĘBCE"	19521231	3.5
249180250	"WISŁA-GŁĘBCE"	19530101	4.2
249180250	"WISŁA-GŁĘBCE"	19530102	18.4
249180250	"WISŁA-GŁĘBCE"	19530103	3.6
249180250	"WISŁA-GŁĘBCE"	19530104	2.7
249180250	"WISŁA-GŁĘBCE"	19530105	3.1
249180250	"WISŁA-GŁĘBCE"	19530106	0
249180250	"WISŁA-GŁĘBCE"	19530107	3.1
249180250	"WISŁA-GŁĘBCE"	19530108	10.2
249180250	"WISŁA-GŁĘBCE"	19530110	1.3
249180250	"WISŁA-GŁĘBCE"	19530111	12.5
249180250	"WISŁA-GŁĘBCE"	19530112	1.4
249180250	"WISŁA-GŁĘBCE"	19530113	2.3
249180250	"WISŁA-GŁĘBCE"	19530118	3.1
249180250	"WISŁA-GŁĘBCE"	19530119	2.5
249180250	"WISŁA-GŁĘBCE"	19530121	10
249180250	"WISŁA-GŁĘBCE"	19530122	14.3
249180250	"WISŁA-GŁĘBCE"	19530123	1.2
249180250	"WISŁA-GŁĘBCE"	19530127	18.2
249180250	"WISŁA-GŁĘBCE"	19530129	14.2
249180250	"WISŁA-GŁĘBCE"	19530202	7.2
249180250	"WISŁA-GŁĘBCE"	19530204	10.2
249180250	"WISŁA-GŁĘBCE"	19530206	2.5
249180250	"WISŁA-GŁĘBCE"	19530207	1.2
249180250	"WISŁA-GŁĘBCE"	19530208	2.4
249180250	"WISŁA-GŁĘBCE"	19530216	1
249180250	"WISŁA-GŁĘBCE"	19530217	3.5
249180250	"WISŁA-GŁĘBCE"	19530218	2.3
249180250	"WISŁA-GŁĘBCE"	19530222	1.2
249180250	"WISŁA-GŁĘBCE"	19530224	2.3
249180250	"WISŁA-GŁĘBCE"	19530228	4.2
249180250	"WISŁA-GŁĘBCE"	19530301	2
249180250	"WISŁA-GŁĘBCE"	19530304	10.2
249180250	"WISŁA-GŁĘBCE"	19530307	14.2
249180250	"WISŁA-GŁĘBCE"	19530308	1.3
249180250	"WISŁA-GŁĘBCE"	19530309	2.1
249180250	"WISŁA-GŁĘBCE"	19530310	2.5
249180250	"WISŁA-GŁĘBCE"	19530311	7.3
249180250	"WISŁA-GŁĘBCE"	19530312	8.2
249180250	"WISŁA-GŁĘBCE"	19530313	1
249180250	"WISŁA-GŁĘBCE"	19530327	3
249180250	"WISŁA-GŁĘBCE"	19530405	4.2
249180250	"WISŁA-GŁĘBCE"	19530406	1.4
249180250	"WISŁA-GŁĘBCE"	19530407	0
249180250	"WISŁA-GŁĘBCE"	19530417	2.2
249180250	"WISŁA-GŁĘBCE"	19530428	11.4
249180250	"WISŁA-GŁĘBCE"	19530429	36.2
249180250	"WISŁA-GŁĘBCE"	19530430	30.2
249180250	"WISŁA-GŁĘBCE"	19530504	7
249180250	"WISŁA-GŁĘBCE"	19530505	8.5
249180250	"WISŁA-GŁĘBCE"	19530506	16.2
249180250	"WISŁA-GŁĘBCE"	19530507	3.7
249180250	"WISŁA-GŁĘBCE"	19530508	23
249180250	"WISŁA-GŁĘBCE"	19530509	17
249180250	"WISŁA-GŁĘBCE"	19530510	3.8
249180250	"WISŁA-GŁĘBCE"	19530511	0
249180250	"WISŁA-GŁĘBCE"	19530512	2
249180250	"WISŁA-GŁĘBCE"	19530513	7.2
249180250	"WISŁA-GŁĘBCE"	19530520	2
249180250	"WISŁA-GŁĘBCE"	19530523	4.5
249180250	"WISŁA-GŁĘBCE"	19530527	8.5
249180250	"WISŁA-GŁĘBCE"	19530528	2.4
249180250	"WISŁA-GŁĘBCE"	19530530	2.5
249180250	"WISŁA-GŁĘBCE"	19530531	12.4
249180250	"WISŁA-GŁĘBCE"	19530601	4.2
249180250	"WISŁA-GŁĘBCE"	19530603	6.5
249180250	"WISŁA-GŁĘBCE"	19530608	6.7
249180250	"WISŁA-GŁĘBCE"	19530609	3.5
249180250	"WISŁA-GŁĘBCE"	19530610	5.2
249180250	"WISŁA-GŁĘBCE"	19530611	5
249180250	"WISŁA-GŁĘBCE"	19530612	15.2
249180250	"WISŁA-GŁĘBCE"	19530615	2
249180250	"WISŁA-GŁĘBCE"	19530616	3.2
249180250	"WISŁA-GŁĘBCE"	19530617	5.3
249180250	"WISŁA-GŁĘBCE"	19530618	14
249180250	"WISŁA-GŁĘBCE"	19530624	10.2
249180250	"WISŁA-GŁĘBCE"	19530625	2.5
249180250	"WISŁA-GŁĘBCE"	19530626	1.3
249180250	"WISŁA-GŁĘBCE"	19530627	5.4
249180250	"WISŁA-GŁĘBCE"	19530628	2.3
249180250	"WISŁA-GŁĘBCE"	19530630	1.2
249180250	"WISŁA-GŁĘBCE"	19530701	1.2
249180250	"WISŁA-GŁĘBCE"	19530703	3.5
249180250	"WISŁA-GŁĘBCE"	19530704	7.4
249180250	"WISŁA-GŁĘBCE"	19530708	4.2
249180250	"WISŁA-GŁĘBCE"	19530710	8.4
249180250	"WISŁA-GŁĘBCE"	19530711	3.2
249180250	"WISŁA-GŁĘBCE"	19530713	14
249180250	"WISŁA-GŁĘBCE"	19530714	2.3
249180250	"WISŁA-GŁĘBCE"	19530718	10
249180250	"WISŁA-GŁĘBCE"	19530719	35.5
249180250	"WISŁA-GŁĘBCE"	19530727	25.4
249180250	"WISŁA-GŁĘBCE"	19530728	3.2
249180250	"WISŁA-GŁĘBCE"	19530730	3.4
249180250	"WISŁA-GŁĘBCE"	19530801	13.2
249180250	"WISŁA-GŁĘBCE"	19530804	8.4
249180250	"WISŁA-GŁĘBCE"	19530805	19.3
249180250	"WISŁA-GŁĘBCE"	19530806	15.5
249180250	"WISŁA-GŁĘBCE"	19530807	14.7
249180250	"WISŁA-GŁĘBCE"	19530808	8.2
249180250	"WISŁA-GŁĘBCE"	19530822	20
249180250	"WISŁA-GŁĘBCE"	19530823	2.4
249180250	"WISŁA-GŁĘBCE"	19530827	3.2
249180250	"WISŁA-GŁĘBCE"	19530910	3.5
249180250	"WISŁA-GŁĘBCE"	19530912	6.3
249180250	"WISŁA-GŁĘBCE"	19530913	33.2
249180250	"WISŁA-GŁĘBCE"	19530920	6.5
249180250	"WISŁA-GŁĘBCE"	19530924	3.2
249180250	"WISŁA-GŁĘBCE"	19530925	3.4
249180250	"WISŁA-GŁĘBCE"	19530929	6.3
249180250	"WISŁA-GŁĘBCE"	19530930	2.3
249180250	"WISŁA-GŁĘBCE"	19531004	22
249180250	"WISŁA-GŁĘBCE"	19531005	4.3
249180250	"WISŁA-GŁĘBCE"	19531006	14.2
249180250	"WISŁA-GŁĘBCE"	19531007	3.3
249180250	"WISŁA-GŁĘBCE"	19531008	3.5
249180250	"WISŁA-GŁĘBCE"	19531009	1.2
249180250	"WISŁA-GŁĘBCE"	19531020	1.2
249180250	"WISŁA-GŁĘBCE"	19531030	2.1
249180250	"WISŁA-GŁĘBCE"	19531104	4.3
249180250	"WISŁA-GŁĘBCE"	19531105	0
249180250	"WISŁA-GŁĘBCE"	19531106	12.2
249180250	"WISŁA-GŁĘBCE"	19531107	1.5
249180250	"WISŁA-GŁĘBCE"	19531114	4.5
249180250	"WISŁA-GŁĘBCE"	19531115	6.2
249180250	"WISŁA-GŁĘBCE"	19531120	10.2
249180250	"WISŁA-GŁĘBCE"	19531121	3.5
249180250	"WISŁA-GŁĘBCE"	19531122	20.2
249180250	"WISŁA-GŁĘBCE"	19531129	8.4
249180250	"WISŁA-GŁĘBCE"	19531222	2.5
249180250	"WISŁA-GŁĘBCE"	19531223	4.2
249180250	"WISŁA-GŁĘBCE"	19531224	0
249180250	"WISŁA-GŁĘBCE"	19531227	11.2
249180250	"WISŁA-GŁĘBCE"	19531228	1.3
249180250	"WISŁA-GŁĘBCE"	19531229	1.6
249180250	"WISŁA-GŁĘBCE"	19531230	1.5
249180250	"WISŁA-GŁĘBCE"	19531231	1.2
249180250	"WISŁA-GŁĘBCE"	19540102	2.5
249180250	"WISŁA-GŁĘBCE"	19540108	5.4
249180250	"WISŁA-GŁĘBCE"	19540109	3.2
249180250	"WISŁA-GŁĘBCE"	19540110	4.5
249180250	"WISŁA-GŁĘBCE"	19540111	5.4
249180250	"WISŁA-GŁĘBCE"	19540112	1.2
249180250	"WISŁA-GŁĘBCE"	19540114	2.3
249180250	"WISŁA-GŁĘBCE"	19540115	1.2
249180250	"WISŁA-GŁĘBCE"	19540117	2.4
249180250	"WISŁA-GŁĘBCE"	19540118	1.3
249180250	"WISŁA-GŁĘBCE"	19540119	5.7
249180250	"WISŁA-GŁĘBCE"	19540120	6.2
249180250	"WISŁA-GŁĘBCE"	19540121	8.4
249180250	"WISŁA-GŁĘBCE"	19540122	1.3
249180250	"WISŁA-GŁĘBCE"	19540123	2.1
249180250	"WISŁA-GŁĘBCE"	19540124	1.2
249180250	"WISŁA-GŁĘBCE"	19540125	3.4
249180250	"WISŁA-GŁĘBCE"	19540202	1.2
249180250	"WISŁA-GŁĘBCE"	19540209	1
249180250	"WISŁA-GŁĘBCE"	19540216	5.4
249180250	"WISŁA-GŁĘBCE"	19540217	1.6
249180250	"WISŁA-GŁĘBCE"	19540227	1.3
249180250	"WISŁA-GŁĘBCE"	19540228	1
249180250	"WISŁA-GŁĘBCE"	19540301	1.5
249180250	"WISŁA-GŁĘBCE"	19540302	1.3
249180250	"WISŁA-GŁĘBCE"	19540303	2.1
249180250	"WISŁA-GŁĘBCE"	19540305	1.4
249180250	"WISŁA-GŁĘBCE"	19540306	2.1
249180250	"WISŁA-GŁĘBCE"	19540324	2.3
249180250	"WISŁA-GŁĘBCE"	19540325	7.2
249180250	"WISŁA-GŁĘBCE"	19540326	2.4
249180250	"WISŁA-GŁĘBCE"	19540327	3.2
249180250	"WISŁA-GŁĘBCE"	19540328	4.1
249180250	"WISŁA-GŁĘBCE"	19540401	4.2
249180250	"WISŁA-GŁĘBCE"	19540402	3.5
249180250	"WISŁA-GŁĘBCE"	19540403	6.2
249180250	"WISŁA-GŁĘBCE"	19540404	2.1
249180250	"WISŁA-GŁĘBCE"	19540405	1.2
249180250	"WISŁA-GŁĘBCE"	19540407	0
249180250	"WISŁA-GŁĘBCE"	19540411	2.1
249180250	"WISŁA-GŁĘBCE"	19540412	2.3
249180250	"WISŁA-GŁĘBCE"	19540413	6.1
249180250	"WISŁA-GŁĘBCE"	19540414	10
249180250	"WISŁA-GŁĘBCE"	19540415	31
249180250	"WISŁA-GŁĘBCE"	19540416	2.3
249180250	"WISŁA-GŁĘBCE"	19540417	3
249180250	"WISŁA-GŁĘBCE"	19540418	10
249180250	"WISŁA-GŁĘBCE"	19540419	12.5
249180250	"WISŁA-GŁĘBCE"	19540420	2.1
249180250	"WISŁA-GŁĘBCE"	19540421	1.3
249180250	"WISŁA-GŁĘBCE"	19540422	0
249180250	"WISŁA-GŁĘBCE"	19540423	1.2
249180250	"WISŁA-GŁĘBCE"	19540504	7.4
249180250	"WISŁA-GŁĘBCE"	19540505	5.1
249180250	"WISŁA-GŁĘBCE"	19540506	1.3
249180250	"WISŁA-GŁĘBCE"	19540507	14.3
249180250	"WISŁA-GŁĘBCE"	19540510	2.1
249180250	"WISŁA-GŁĘBCE"	19540511	3.4
249180250	"WISŁA-GŁĘBCE"	19540513	1.2
249180250	"WISŁA-GŁĘBCE"	19540517	1.2
249180250	"WISŁA-GŁĘBCE"	19540518	14.2
249180250	"WISŁA-GŁĘBCE"	19540519	3.2
249180250	"WISŁA-GŁĘBCE"	19540524	5.4
249180250	"WISŁA-GŁĘBCE"	19540530	14.2
249180250	"WISŁA-GŁĘBCE"	19540531	3.5
249180250	"WISŁA-GŁĘBCE"	19540601	8.5
249180250	"WISŁA-GŁĘBCE"	19540602	0
249180250	"WISŁA-GŁĘBCE"	19540603	12.3
249180250	"WISŁA-GŁĘBCE"	19540606	3.2
249180250	"WISŁA-GŁĘBCE"	19540607	12.4
249180250	"WISŁA-GŁĘBCE"	19540608	12
249180250	"WISŁA-GŁĘBCE"	19540610	13.4
249180250	"WISŁA-GŁĘBCE"	19540611	3.2
249180250	"WISŁA-GŁĘBCE"	19540614	6.5
249180250	"WISŁA-GŁĘBCE"	19540615	5.2
249180250	"WISŁA-GŁĘBCE"	19540617	20.1
249180250	"WISŁA-GŁĘBCE"	19540619	12.5
249180250	"WISŁA-GŁĘBCE"	19540620	1.2
249180250	"WISŁA-GŁĘBCE"	19540622	3.2
249180250	"WISŁA-GŁĘBCE"	19540627	20.2
249180250	"WISŁA-GŁĘBCE"	19540628	14.3
249180250	"WISŁA-GŁĘBCE"	19540701	15.3
249180250	"WISŁA-GŁĘBCE"	19540702	26.5
249180250	"WISŁA-GŁĘBCE"	19540703	5.2
249180250	"WISŁA-GŁĘBCE"	19540705	14.7
249180250	"WISŁA-GŁĘBCE"	19540707	1.3
249180250	"WISŁA-GŁĘBCE"	19540708	12.2
249180250	"WISŁA-GŁĘBCE"	19540709	2.1
249180250	"WISŁA-GŁĘBCE"	19540710	1.2
249180250	"WISŁA-GŁĘBCE"	19540713	11.4
249180250	"WISŁA-GŁĘBCE"	19540714	2.1
249180250	"WISŁA-GŁĘBCE"	19540715	3.2
249180250	"WISŁA-GŁĘBCE"	19540718	14.2
249180250	"WISŁA-GŁĘBCE"	19540719	4.1
249180250	"WISŁA-GŁĘBCE"	19540720	7.2
249180250	"WISŁA-GŁĘBCE"	19540722	2.3
249180250	"WISŁA-GŁĘBCE"	19540725	1.2
249180250	"WISŁA-GŁĘBCE"	19540726	1.4
249180250	"WISŁA-GŁĘBCE"	19540727	4.1
249180250	"WISŁA-GŁĘBCE"	19540728	16.5
249180250	"WISŁA-GŁĘBCE"	19540729	2.1
249180250	"WISŁA-GŁĘBCE"	19540807	5.4
249180250	"WISŁA-GŁĘBCE"	19540810	10.3
249180250	"WISŁA-GŁĘBCE"	19540811	3.2
249180250	"WISŁA-GŁĘBCE"	19540815	5.4
249180250	"WISŁA-GŁĘBCE"	19540816	7.2
249180250	"WISŁA-GŁĘBCE"	19540822	5.4
249180250	"WISŁA-GŁĘBCE"	19540825	7.2
249180250	"WISŁA-GŁĘBCE"	19540828	2.1
249180250	"WISŁA-GŁĘBCE"	19540831	1.2
249180250	"WISŁA-GŁĘBCE"	19540908	1
249180250	"WISŁA-GŁĘBCE"	19540912	4.2
249180250	"WISŁA-GŁĘBCE"	19540913	0
249180250	"WISŁA-GŁĘBCE"	19540918	3.2
249180250	"WISŁA-GŁĘBCE"	19540919	2.1
249180250	"WISŁA-GŁĘBCE"	19540920	5.3
249180250	"WISŁA-GŁĘBCE"	19540921	6.2
249180250	"WISŁA-GŁĘBCE"	19540926	0
249180250	"WISŁA-GŁĘBCE"	19540927	18.2
249180250	"WISŁA-GŁĘBCE"	19540928	7.3
249180250	"WISŁA-GŁĘBCE"	19540929	5.4
249180250	"WISŁA-GŁĘBCE"	19540930	9.2
249180250	"WISŁA-GŁĘBCE"	19541001	4.2
249180250	"WISŁA-GŁĘBCE"	19541002	10.3
249180250	"WISŁA-GŁĘBCE"	19541004	6.5
249180250	"WISŁA-GŁĘBCE"	19541005	12.6
249180250	"WISŁA-GŁĘBCE"	19541006	8.2
249180250	"WISŁA-GŁĘBCE"	19541007	3.5
249180250	"WISŁA-GŁĘBCE"	19541011	2.1
249180250	"WISŁA-GŁĘBCE"	19541019	2.1
249180250	"WISŁA-GŁĘBCE"	19541025	24.5
249180250	"WISŁA-GŁĘBCE"	19541028	2.1
249180250	"WISŁA-GŁĘBCE"	19541031	1.2
249180250	"WISŁA-GŁĘBCE"	19541103	6.2
249180250	"WISŁA-GŁĘBCE"	19541109	3.2
249180250	"WISŁA-GŁĘBCE"	19541110	12
249180250	"WISŁA-GŁĘBCE"	19541111	3.2
249180250	"WISŁA-GŁĘBCE"	19541113	2.3
249180250	"WISŁA-GŁĘBCE"	19541115	9.5
249180250	"WISŁA-GŁĘBCE"	19541116	23.2
249180250	"WISŁA-GŁĘBCE"	19541117	2.1
249180250	"WISŁA-GŁĘBCE"	19541118	0.5
249180250	"WISŁA-GŁĘBCE"	19541119	1.4
249180250	"WISŁA-GŁĘBCE"	19541202	2.3
249180250	"WISŁA-GŁĘBCE"	19541203	4.5
249180250	"WISŁA-GŁĘBCE"	19541204	6.2
249180250	"WISŁA-GŁĘBCE"	19541205	12.5
249180250	"WISŁA-GŁĘBCE"	19541206	2.1
249180250	"WISŁA-GŁĘBCE"	19541212	3.5
249180250	"WISŁA-GŁĘBCE"	19541213	6.2
249180250	"WISŁA-GŁĘBCE"	19541214	20.3
249180250	"WISŁA-GŁĘBCE"	19541215	6.5
249180250	"WISŁA-GŁĘBCE"	19541216	2.1
249180250	"WISŁA-GŁĘBCE"	19541218	0.5
249180250	"WISŁA-GŁĘBCE"	19541221	6.5
249180250	"WISŁA-GŁĘBCE"	19541222	2.3
249180250	"WISŁA-GŁĘBCE"	19541224	5.2
249180250	"WISŁA-GŁĘBCE"	19541225	10.1
249180250	"WISŁA-GŁĘBCE"	19541226	13.5
249180250	"WISŁA-GŁĘBCE"	19541227	50.2
249180250	"WISŁA-GŁĘBCE"	19541228	45.2
249180250	"WISŁA-GŁĘBCE"	19541229	21.3
249180250	"WISŁA-GŁĘBCE"	19541230	8.5
249180250	"WISŁA-GŁĘBCE"	19541231	6.1
249180250	"WISŁA-GŁĘBCE"	19550101	5.2
249180250	"WISŁA-GŁĘBCE"	19550108	1.2
249180250	"WISŁA-GŁĘBCE"	19550109	3.5
249180250	"WISŁA-GŁĘBCE"	19550111	7.1
249180250	"WISŁA-GŁĘBCE"	19550112	5.2
249180250	"WISŁA-GŁĘBCE"	19550115	3.2
249180250	"WISŁA-GŁĘBCE"	19550117	4.3
249180250	"WISŁA-GŁĘBCE"	19550121	1.2
249180250	"WISŁA-GŁĘBCE"	19550205	3.5
249180250	"WISŁA-GŁĘBCE"	19550206	5.2
249180250	"WISŁA-GŁĘBCE"	19550207	3.4
249180250	"WISŁA-GŁĘBCE"	19550208	15
249180250	"WISŁA-GŁĘBCE"	19550209	12.2
249180250	"WISŁA-GŁĘBCE"	19550210	10.2
249180250	"WISŁA-GŁĘBCE"	19550211	2.3
249180250	"WISŁA-GŁĘBCE"	19550213	4.2
249180250	"WISŁA-GŁĘBCE"	19550214	2.3
249180250	"WISŁA-GŁĘBCE"	19550215	6.5
249180250	"WISŁA-GŁĘBCE"	19550217	5.6
249180250	"WISŁA-GŁĘBCE"	19550218	6.2
249180250	"WISŁA-GŁĘBCE"	19550220	8.5
249180250	"WISŁA-GŁĘBCE"	19550223	1.5
249180250	"WISŁA-GŁĘBCE"	19550224	8.5
249180250	"WISŁA-GŁĘBCE"	19550307	11.2
249180250	"WISŁA-GŁĘBCE"	19550308	5.3
249180250	"WISŁA-GŁĘBCE"	19550309	1.2
249180250	"WISŁA-GŁĘBCE"	19550310	3.4
249180250	"WISŁA-GŁĘBCE"	19550311	2.1
249180250	"WISŁA-GŁĘBCE"	19550314	1.2
249180250	"WISŁA-GŁĘBCE"	19550316	18.2
249180250	"WISŁA-GŁĘBCE"	19550317	10.3
249180250	"WISŁA-GŁĘBCE"	19550318	2.5
249180250	"WISŁA-GŁĘBCE"	19550319	3.5
249180250	"WISŁA-GŁĘBCE"	19550324	10.2
249180250	"WISŁA-GŁĘBCE"	19550326	4.2
249180250	"WISŁA-GŁĘBCE"	19550327	8.5
249180250	"WISŁA-GŁĘBCE"	19550328	2.3
249180250	"WISŁA-GŁĘBCE"	19550330	3.2
249180250	"WISŁA-GŁĘBCE"	19550401	2.3
249180250	"WISŁA-GŁĘBCE"	19550404	10
249180250	"WISŁA-GŁĘBCE"	19550405	5.2
249180250	"WISŁA-GŁĘBCE"	19550408	6.5
249180250	"WISŁA-GŁĘBCE"	19550409	2.1
249180250	"WISŁA-GŁĘBCE"	19550410	5.2
249180250	"WISŁA-GŁĘBCE"	19550411	20
249180250	"WISŁA-GŁĘBCE"	19550412	10.2
249180250	"WISŁA-GŁĘBCE"	19550413	11
249180250	"WISŁA-GŁĘBCE"	19550414	4.5
249180250	"WISŁA-GŁĘBCE"	19550415	2.3
249180250	"WISŁA-GŁĘBCE"	19550416	16.2
249180250	"WISŁA-GŁĘBCE"	19550417	20.2
249180250	"WISŁA-GŁĘBCE"	19550418	19.2
249180250	"WISŁA-GŁĘBCE"	19550419	3.4
249180250	"WISŁA-GŁĘBCE"	19550420	8.5
249180250	"WISŁA-GŁĘBCE"	19550421	1.2
249180250	"WISŁA-GŁĘBCE"	19550424	7.2
249180250	"WISŁA-GŁĘBCE"	19550425	3.5
249180250	"WISŁA-GŁĘBCE"	19550501	13.2
249180250	"WISŁA-GŁĘBCE"	19550502	5.3
249180250	"WISŁA-GŁĘBCE"	19550503	3.4
249180250	"WISŁA-GŁĘBCE"	19550505	4.5
249180250	"WISŁA-GŁĘBCE"	19550507	5.2
249180250	"WISŁA-GŁĘBCE"	19550510	13.2
249180250	"WISŁA-GŁĘBCE"	19550516	3.2
249180250	"WISŁA-GŁĘBCE"	19550518	17.3
249180250	"WISŁA-GŁĘBCE"	19550519	7.2
249180250	"WISŁA-GŁĘBCE"	19550520	2.1
249180250	"WISŁA-GŁĘBCE"	19550522	3.5
249180250	"WISŁA-GŁĘBCE"	19550523	1.2
249180250	"WISŁA-GŁĘBCE"	19550524	1.4
249180250	"WISŁA-GŁĘBCE"	19550527	12.2
249180250	"WISŁA-GŁĘBCE"	19550530	2.1
249180250	"WISŁA-GŁĘBCE"	19550601	28.2
249180250	"WISŁA-GŁĘBCE"	19550602	19.2
249180250	"WISŁA-GŁĘBCE"	19550603	12.5
249180250	"WISŁA-GŁĘBCE"	19550610	12.5
249180250	"WISŁA-GŁĘBCE"	19550613	16.5
249180250	"WISŁA-GŁĘBCE"	19550614	7.4
249180250	"WISŁA-GŁĘBCE"	19550620	18.2
249180250	"WISŁA-GŁĘBCE"	19550621	52
249180250	"WISŁA-GŁĘBCE"	19550622	1.5
249180250	"WISŁA-GŁĘBCE"	19550624	0
249180250	"WISŁA-GŁĘBCE"	19550627	5.5
249180250	"WISŁA-GŁĘBCE"	19550701	1.5
249180250	"WISŁA-GŁĘBCE"	19550703	9.2
249180250	"WISŁA-GŁĘBCE"	19550704	10.3
249180250	"WISŁA-GŁĘBCE"	19550706	5.2
249180250	"WISŁA-GŁĘBCE"	19550707	36.2
249180250	"WISŁA-GŁĘBCE"	19550709	10.2
249180250	"WISŁA-GŁĘBCE"	19550710	12.4
249180250	"WISŁA-GŁĘBCE"	19550711	2.5
249180250	"WISŁA-GŁĘBCE"	19550716	1.5
249180250	"WISŁA-GŁĘBCE"	19550724	7.2
249180250	"WISŁA-GŁĘBCE"	19550727	10
249180250	"WISŁA-GŁĘBCE"	19550728	5.2
249180250	"WISŁA-GŁĘBCE"	19550729	8.2
249180250	"WISŁA-GŁĘBCE"	19550731	42
249180250	"WISŁA-GŁĘBCE"	19550801	3.5
249180250	"WISŁA-GŁĘBCE"	19550802	4.2
249180250	"WISŁA-GŁĘBCE"	19550803	5.3
249180250	"WISŁA-GŁĘBCE"	19550804	33.2
249180250	"WISŁA-GŁĘBCE"	19550805	26.5
249180250	"WISŁA-GŁĘBCE"	19550806	5.5
249180250	"WISŁA-GŁĘBCE"	19550807	0.2
249180250	"WISŁA-GŁĘBCE"	19550808	8.4
249180250	"WISŁA-GŁĘBCE"	19550809	5.3
249180250	"WISŁA-GŁĘBCE"	19550810	8.5
249180250	"WISŁA-GŁĘBCE"	19550814	18
249180250	"WISŁA-GŁĘBCE"	19550815	15.2
249180250	"WISŁA-GŁĘBCE"	19550816	4.5
249180250	"WISŁA-GŁĘBCE"	19550824	8.5
249180250	"WISŁA-GŁĘBCE"	19550827	1.2
249180250	"WISŁA-GŁĘBCE"	19550828	18.2
249180250	"WISŁA-GŁĘBCE"	19550830	20.3
249180250	"WISŁA-GŁĘBCE"	19550831	5.2
249180250	"WISŁA-GŁĘBCE"	19550901	4.2
249180250	"WISŁA-GŁĘBCE"	19550907	8.5
249180250	"WISŁA-GŁĘBCE"	19550913	14.5
249180250	"WISŁA-GŁĘBCE"	19550914	15.6
249180250	"WISŁA-GŁĘBCE"	19550915	5.2
249180250	"WISŁA-GŁĘBCE"	19550924	1.3
249180250	"WISŁA-GŁĘBCE"	19550927	23.2
249180250	"WISŁA-GŁĘBCE"	19550928	8.5
249180250	"WISŁA-GŁĘBCE"	19551006	7.2
249180250	"WISŁA-GŁĘBCE"	19551007	2.1
249180250	"WISŁA-GŁĘBCE"	19551009	0
249180250	"WISŁA-GŁĘBCE"	19551013	0
249180250	"WISŁA-GŁĘBCE"	19551014	0
249180250	"WISŁA-GŁĘBCE"	19551016	6.5
249180250	"WISŁA-GŁĘBCE"	19551017	8.2
249180250	"WISŁA-GŁĘBCE"	19551018	4.3
249180250	"WISŁA-GŁĘBCE"	19551024	18
249180250	"WISŁA-GŁĘBCE"	19551025	10.5
249180250	"WISŁA-GŁĘBCE"	19551026	0
249180250	"WISŁA-GŁĘBCE"	19551028	8.5
249180250	"WISŁA-GŁĘBCE"	19551029	3.2
249180250	"WISŁA-GŁĘBCE"	19551113	3.2
249180250	"WISŁA-GŁĘBCE"	19551114	2.1
249180250	"WISŁA-GŁĘBCE"	19551116	3.2
249180250	"WISŁA-GŁĘBCE"	19551117	3.4
249180250	"WISŁA-GŁĘBCE"	19551120	6.5
249180250	"WISŁA-GŁĘBCE"	19551121	5.5
249180250	"WISŁA-GŁĘBCE"	19551122	8.4
249180250	"WISŁA-GŁĘBCE"	19551123	7.5
249180250	"WISŁA-GŁĘBCE"	19551124	12.2
249180250	"WISŁA-GŁĘBCE"	19551125	7.5
249180250	"WISŁA-GŁĘBCE"	19551127	9.2
249180250	"WISŁA-GŁĘBCE"	19551128	3.5
249180250	"WISŁA-GŁĘBCE"	19551203	18.2
249180250	"WISŁA-GŁĘBCE"	19551204	5.2
249180250	"WISŁA-GŁĘBCE"	19551205	7.3
249180250	"WISŁA-GŁĘBCE"	19551206	1.2
249180250	"WISŁA-GŁĘBCE"	19551207	1.5
249180250	"WISŁA-GŁĘBCE"	19551208	5.2
249180250	"WISŁA-GŁĘBCE"	19551209	7.2
249180250	"WISŁA-GŁĘBCE"	19551210	9
249180250	"WISŁA-GŁĘBCE"	19551211	3.2
249180250	"WISŁA-GŁĘBCE"	19551212	1
249180250	"WISŁA-GŁĘBCE"	19551215	5
249180250	"WISŁA-GŁĘBCE"	19551216	28
249180250	"WISŁA-GŁĘBCE"	19551218	8.5
249180250	"WISŁA-GŁĘBCE"	19551221	2.3
249180250	"WISŁA-GŁĘBCE"	19551222	3.1
249180250	"WISŁA-GŁĘBCE"	19551227	10.5
249180250	"WISŁA-GŁĘBCE"	19551228	7
249180250	"WISŁA-GŁĘBCE"	19551229	2.1
249180250	"WISŁA-GŁĘBCE"	19551230	3.2
249180250	"WISŁA-GŁĘBCE"	19560101	8.5
249180250	"WISŁA-GŁĘBCE"	19560102	6.4
249180250	"WISŁA-GŁĘBCE"	19560110	6.5
249180250	"WISŁA-GŁĘBCE"	19560115	2.2
249180250	"WISŁA-GŁĘBCE"	19560116	1
249180250	"WISŁA-GŁĘBCE"	19560118	1.2
249180250	"WISŁA-GŁĘBCE"	19560120	0
249180250	"WISŁA-GŁĘBCE"	19560123	1.2
249180250	"WISŁA-GŁĘBCE"	19560125	8.2
249180250	"WISŁA-GŁĘBCE"	19560126	1.3
249180250	"WISŁA-GŁĘBCE"	19560127	2
249180250	"WISŁA-GŁĘBCE"	19560128	6.5
249180250	"WISŁA-GŁĘBCE"	19560129	7.2
249180250	"WISŁA-GŁĘBCE"	19560130	3.5
249180250	"WISŁA-GŁĘBCE"	19560206	3.2
249180250	"WISŁA-GŁĘBCE"	19560207	1.5
249180250	"WISŁA-GŁĘBCE"	19560208	4.2
249180250	"WISŁA-GŁĘBCE"	19560211	5.2
249180250	"WISŁA-GŁĘBCE"	19560217	4.5
249180250	"WISŁA-GŁĘBCE"	19560218	2.1
249180250	"WISŁA-GŁĘBCE"	19560219	1
249180250	"WISŁA-GŁĘBCE"	19560220	5.2
249180250	"WISŁA-GŁĘBCE"	19560221	1.2
249180250	"WISŁA-GŁĘBCE"	19560223	8.2
249180250	"WISŁA-GŁĘBCE"	19560227	4.2
249180250	"WISŁA-GŁĘBCE"	19560228	10.1
249180250	"WISŁA-GŁĘBCE"	19560301	16.2
249180250	"WISŁA-GŁĘBCE"	19560302	13.5
249180250	"WISŁA-GŁĘBCE"	19560303	6.5
249180250	"WISŁA-GŁĘBCE"	19560304	7.5
249180250	"WISŁA-GŁĘBCE"	19560305	5.2
249180250	"WISŁA-GŁĘBCE"	19560306	12.3
249180250	"WISŁA-GŁĘBCE"	19560307	12.2
249180250	"WISŁA-GŁĘBCE"	19560308	5.3
249180250	"WISŁA-GŁĘBCE"	19560309	8.5
249180250	"WISŁA-GŁĘBCE"	19560310	2.5
249180250	"WISŁA-GŁĘBCE"	19560312	1.5
249180250	"WISŁA-GŁĘBCE"	19560314	1.2
249180250	"WISŁA-GŁĘBCE"	19560325	0.2
249180250	"WISŁA-GŁĘBCE"	19560326	3.2
249180250	"WISŁA-GŁĘBCE"	19560404	6.5
249180250	"WISŁA-GŁĘBCE"	19560405	3.2
249180250	"WISŁA-GŁĘBCE"	19560406	0.5
249180250	"WISŁA-GŁĘBCE"	19560407	1.2
249180250	"WISŁA-GŁĘBCE"	19560408	3.2
249180250	"WISŁA-GŁĘBCE"	19560409	15.3
249180250	"WISŁA-GŁĘBCE"	19560410	8.5
249180250	"WISŁA-GŁĘBCE"	19560411	23.2
249180250	"WISŁA-GŁĘBCE"	19560413	4.5
249180250	"WISŁA-GŁĘBCE"	19560415	3.2
249180250	"WISŁA-GŁĘBCE"	19560416	10.3
249180250	"WISŁA-GŁĘBCE"	19560417	9.2
249180250	"WISŁA-GŁĘBCE"	19560420	12.5
249180250	"WISŁA-GŁĘBCE"	19560421	5.3
249180250	"WISŁA-GŁĘBCE"	19560422	3.5
249180250	"WISŁA-GŁĘBCE"	19560426	10.5
249180250	"WISŁA-GŁĘBCE"	19560427	2.5
249180250	"WISŁA-GŁĘBCE"	19560428	1.3
249180250	"WISŁA-GŁĘBCE"	19560430	0
249180250	"WISŁA-GŁĘBCE"	19560501	2.5
249180250	"WISŁA-GŁĘBCE"	19560503	0
249180250	"WISŁA-GŁĘBCE"	19560510	3.5
249180250	"WISŁA-GŁĘBCE"	19560511	10.2
249180250	"WISŁA-GŁĘBCE"	19560512	8.5
249180250	"WISŁA-GŁĘBCE"	19560513	8.4
249180250	"WISŁA-GŁĘBCE"	19560515	4.2
249180250	"WISŁA-GŁĘBCE"	19560517	2.1
249180250	"WISŁA-GŁĘBCE"	19560518	8.5
249180250	"WISŁA-GŁĘBCE"	19560519	15.5
249180250	"WISŁA-GŁĘBCE"	19560526	17.2
249180250	"WISŁA-GŁĘBCE"	19560602	0
249180250	"WISŁA-GŁĘBCE"	19560605	2.1
249180250	"WISŁA-GŁĘBCE"	19560608	2.3
249180250	"WISŁA-GŁĘBCE"	19560609	18.2
249180250	"WISŁA-GŁĘBCE"	19560610	1.5
249180250	"WISŁA-GŁĘBCE"	19560614	7.5
249180250	"WISŁA-GŁĘBCE"	19560615	8.2
249180250	"WISŁA-GŁĘBCE"	19560618	10.5
249180250	"WISŁA-GŁĘBCE"	19560619	4
249180250	"WISŁA-GŁĘBCE"	19560620	6.5
249180250	"WISŁA-GŁĘBCE"	19560621	10.5
249180250	"WISŁA-GŁĘBCE"	19560622	18.2
249180250	"WISŁA-GŁĘBCE"	19560623	20.5
249180250	"WISŁA-GŁĘBCE"	19560624	22.3
249180250	"WISŁA-GŁĘBCE"	19560625	0
249180250	"WISŁA-GŁĘBCE"	19560626	0.5
249180250	"WISŁA-GŁĘBCE"	19560629	13.5
249180250	"WISŁA-GŁĘBCE"	19560703	22.5
249180250	"WISŁA-GŁĘBCE"	19560704	3.5
249180250	"WISŁA-GŁĘBCE"	19560708	5.2
249180250	"WISŁA-GŁĘBCE"	19560715	2.2
249180250	"WISŁA-GŁĘBCE"	19560716	7.6
249180250	"WISŁA-GŁĘBCE"	19560717	1.6
249180250	"WISŁA-GŁĘBCE"	19560719	7.5
249180250	"WISŁA-GŁĘBCE"	19560720	19.8
249180250	"WISŁA-GŁĘBCE"	19560721	0.3
249180250	"WISŁA-GŁĘBCE"	19560722	1.9
249180250	"WISŁA-GŁĘBCE"	19560723	1.2
249180250	"WISŁA-GŁĘBCE"	19560728	2.5
249180250	"WISŁA-GŁĘBCE"	19560730	17.2
249180250	"WISŁA-GŁĘBCE"	19560802	1.6
249180250	"WISŁA-GŁĘBCE"	19560803	5
249180250	"WISŁA-GŁĘBCE"	19560804	2.7
249180250	"WISŁA-GŁĘBCE"	19560805	4.2
249180250	"WISŁA-GŁĘBCE"	19560807	11.7
249180250	"WISŁA-GŁĘBCE"	19560811	26.7
249180250	"WISŁA-GŁĘBCE"	19560812	3.6
249180250	"WISŁA-GŁĘBCE"	19560814	2.1
249180250	"WISŁA-GŁĘBCE"	19560817	3.6
249180250	"WISŁA-GŁĘBCE"	19560819	8.5
249180250	"WISŁA-GŁĘBCE"	19560821	14
249180250	"WISŁA-GŁĘBCE"	19560822	0.5
249180250	"WISŁA-GŁĘBCE"	19560823	15.2
249180250	"WISŁA-GŁĘBCE"	19560825	0.2
249180250	"WISŁA-GŁĘBCE"	19560829	18.2
249180250	"WISŁA-GŁĘBCE"	19560830	1.5
249180250	"WISŁA-GŁĘBCE"	19560904	8.5
249180250	"WISŁA-GŁĘBCE"	19560911	5.8
249180250	"WISŁA-GŁĘBCE"	19560912	22.5
249180250	"WISŁA-GŁĘBCE"	19560913	16.8
249180250	"WISŁA-GŁĘBCE"	19560917	11.5
249180250	"WISŁA-GŁĘBCE"	19560918	3.5
249180250	"WISŁA-GŁĘBCE"	19560927	7.8
249180250	"WISŁA-GŁĘBCE"	19561003	10.8
249180250	"WISŁA-GŁĘBCE"	19561005	12.2
249180250	"WISŁA-GŁĘBCE"	19561006	32.2
249180250	"WISŁA-GŁĘBCE"	19561007	4.3
249180250	"WISŁA-GŁĘBCE"	19561009	4.5
249180250	"WISŁA-GŁĘBCE"	19561014	7.2
249180250	"WISŁA-GŁĘBCE"	19561018	3.2
249180250	"WISŁA-GŁĘBCE"	19561019	2.2
249180250	"WISŁA-GŁĘBCE"	19561026	1.2
249180250	"WISŁA-GŁĘBCE"	19561027	1.5
249180250	"WISŁA-GŁĘBCE"	19561028	4.5
249180250	"WISŁA-GŁĘBCE"	19561029	4.6
249180250	"WISŁA-GŁĘBCE"	19561104	1.2
249180250	"WISŁA-GŁĘBCE"	19561105	5.6
249180250	"WISŁA-GŁĘBCE"	19561106	12.4
249180250	"WISŁA-GŁĘBCE"	19561107	7.5
249180250	"WISŁA-GŁĘBCE"	19561112	6.5
249180250	"WISŁA-GŁĘBCE"	19561113	4.2
249180250	"WISŁA-GŁĘBCE"	19561114	1.2
249180250	"WISŁA-GŁĘBCE"	19561115	1.2
249180250	"WISŁA-GŁĘBCE"	19561116	0
249180250	"WISŁA-GŁĘBCE"	19561117	3.6
249180250	"WISŁA-GŁĘBCE"	19561118	1.2
249180250	"WISŁA-GŁĘBCE"	19561125	12.2
249180250	"WISŁA-GŁĘBCE"	19561126	25.5
249180250	"WISŁA-GŁĘBCE"	19561127	8
249180250	"WISŁA-GŁĘBCE"	19561129	1.3
249180250	"WISŁA-GŁĘBCE"	19561130	4.2
249180250	"WISŁA-GŁĘBCE"	19561202	1.3
249180250	"WISŁA-GŁĘBCE"	19561203	5.8
249180250	"WISŁA-GŁĘBCE"	19561204	26.8
249180250	"WISŁA-GŁĘBCE"	19561205	27.2
249180250	"WISŁA-GŁĘBCE"	19561206	8.5
249180250	"WISŁA-GŁĘBCE"	19561210	3
249180250	"WISŁA-GŁĘBCE"	19561212	0
249180250	"WISŁA-GŁĘBCE"	19561213	12.5
249180250	"WISŁA-GŁĘBCE"	19561215	1.1
249180250	"WISŁA-GŁĘBCE"	19561222	1.2
249180250	"WISŁA-GŁĘBCE"	19561223	0.5
249180250	"WISŁA-GŁĘBCE"	19561224	2.5
249180250	"WISŁA-GŁĘBCE"	19561225	7.2
249180250	"WISŁA-GŁĘBCE"	19570103	0.5
249180250	"WISŁA-GŁĘBCE"	19570105	0.7
249180250	"WISŁA-GŁĘBCE"	19570106	25.5
249180250	"WISŁA-GŁĘBCE"	19570109	0
249180250	"WISŁA-GŁĘBCE"	19570110	3.5
249180250	"WISŁA-GŁĘBCE"	19570111	4.2
249180250	"WISŁA-GŁĘBCE"	19570112	3.2
249180250	"WISŁA-GŁĘBCE"	19570113	2.6
249180250	"WISŁA-GŁĘBCE"	19570127	5
249180250	"WISŁA-GŁĘBCE"	19570128	9
249180250	"WISŁA-GŁĘBCE"	19570201	1.5
249180250	"WISŁA-GŁĘBCE"	19570202	5.2
249180250	"WISŁA-GŁĘBCE"	19570206	3.5
249180250	"WISŁA-GŁĘBCE"	19570207	5.2
249180250	"WISŁA-GŁĘBCE"	19570208	3.2
249180250	"WISŁA-GŁĘBCE"	19570209	9.2
249180250	"WISŁA-GŁĘBCE"	19570211	8
249180250	"WISŁA-GŁĘBCE"	19570215	7.1
249180250	"WISŁA-GŁĘBCE"	19570218	7.2
249180250	"WISŁA-GŁĘBCE"	19570219	8.5
249180250	"WISŁA-GŁĘBCE"	19570221	10.2
249180250	"WISŁA-GŁĘBCE"	19570222	2
249180250	"WISŁA-GŁĘBCE"	19570224	4
249180250	"WISŁA-GŁĘBCE"	19570225	12.5
249180250	"WISŁA-GŁĘBCE"	19570226	3.2
249180250	"WISŁA-GŁĘBCE"	19570301	3.6
249180250	"WISŁA-GŁĘBCE"	19570302	3.2
249180250	"WISŁA-GŁĘBCE"	19570303	0.5
249180250	"WISŁA-GŁĘBCE"	19570315	7.5
249180250	"WISŁA-GŁĘBCE"	19570316	15
249180250	"WISŁA-GŁĘBCE"	19570317	22.5
249180250	"WISŁA-GŁĘBCE"	19570318	7.2
249180250	"WISŁA-GŁĘBCE"	19570319	16
249180250	"WISŁA-GŁĘBCE"	19570324	1.2
249180250	"WISŁA-GŁĘBCE"	19570328	4
249180250	"WISŁA-GŁĘBCE"	19570329	3.5
249180250	"WISŁA-GŁĘBCE"	19570407	17.2
249180250	"WISŁA-GŁĘBCE"	19570408	2.5
249180250	"WISŁA-GŁĘBCE"	19570411	10.2
249180250	"WISŁA-GŁĘBCE"	19570412	4.1
249180250	"WISŁA-GŁĘBCE"	19570413	1.5
249180250	"WISŁA-GŁĘBCE"	19570414	0.5
249180250	"WISŁA-GŁĘBCE"	19570417	3.2
249180250	"WISŁA-GŁĘBCE"	19570419	3.1
249180250	"WISŁA-GŁĘBCE"	19570421	6.5
249180250	"WISŁA-GŁĘBCE"	19570422	5.2
249180250	"WISŁA-GŁĘBCE"	19570423	2.5
249180250	"WISŁA-GŁĘBCE"	19570424	2.2
249180250	"WISŁA-GŁĘBCE"	19570430	7.2
249180250	"WISŁA-GŁĘBCE"	19570501	1.2
249180250	"WISŁA-GŁĘBCE"	19570503	0
249180250	"WISŁA-GŁĘBCE"	19570504	1.2
249180250	"WISŁA-GŁĘBCE"	19570505	0.5
249180250	"WISŁA-GŁĘBCE"	19570506	0.2
249180250	"WISŁA-GŁĘBCE"	19570507	4.5
249180250	"WISŁA-GŁĘBCE"	19570508	12.5
249180250	"WISŁA-GŁĘBCE"	19570509	5.2
249180250	"WISŁA-GŁĘBCE"	19570510	14.8
249180250	"WISŁA-GŁĘBCE"	19570517	0.5
249180250	"WISŁA-GŁĘBCE"	19570520	28.5
249180250	"WISŁA-GŁĘBCE"	19570521	1.2
249180250	"WISŁA-GŁĘBCE"	19570522	1.8
249180250	"WISŁA-GŁĘBCE"	19570523	3.9
249180250	"WISŁA-GŁĘBCE"	19570605	8.2
249180250	"WISŁA-GŁĘBCE"	19570607	6.5
249180250	"WISŁA-GŁĘBCE"	19570609	4.5
249180250	"WISŁA-GŁĘBCE"	19570618	3.2
249180250	"WISŁA-GŁĘBCE"	19570619	5.1
249180250	"WISŁA-GŁĘBCE"	19570622	2
249180250	"WISŁA-GŁĘBCE"	19570630	2
249180250	"WISŁA-GŁĘBCE"	19570702	13.5
249180250	"WISŁA-GŁĘBCE"	19570707	15
249180250	"WISŁA-GŁĘBCE"	19570708	1.5
249180250	"WISŁA-GŁĘBCE"	19570710	13.5
249180250	"WISŁA-GŁĘBCE"	19570711	2.2
249180250	"WISŁA-GŁĘBCE"	19570712	14.2
249180250	"WISŁA-GŁĘBCE"	19570714	11.5
249180250	"WISŁA-GŁĘBCE"	19570715	26.5
249180250	"WISŁA-GŁĘBCE"	19570716	65
249180250	"WISŁA-GŁĘBCE"	19570717	9.2
249180250	"WISŁA-GŁĘBCE"	19570720	17.2
249180250	"WISŁA-GŁĘBCE"	19570721	6.5
249180250	"WISŁA-GŁĘBCE"	19570723	11.2
249180250	"WISŁA-GŁĘBCE"	19570724	13.2
249180250	"WISŁA-GŁĘBCE"	19570725	21
249180250	"WISŁA-GŁĘBCE"	19570726	2.5
249180250	"WISŁA-GŁĘBCE"	19570727	10
249180250	"WISŁA-GŁĘBCE"	19570728	2
249180250	"WISŁA-GŁĘBCE"	19570729	1
249180250	"WISŁA-GŁĘBCE"	19570730	1.5
249180250	"WISŁA-GŁĘBCE"	19570813	4.5
249180250	"WISŁA-GŁĘBCE"	19570814	5.5
249180250	"WISŁA-GŁĘBCE"	19570816	1.2
249180250	"WISŁA-GŁĘBCE"	19570817	4.5
249180250	"WISŁA-GŁĘBCE"	19570818	5.5
249180250	"WISŁA-GŁĘBCE"	19570819	3.2
249180250	"WISŁA-GŁĘBCE"	19570821	1
249180250	"WISŁA-GŁĘBCE"	19570822	1.5
249180250	"WISŁA-GŁĘBCE"	19570824	3.2
249180250	"WISŁA-GŁĘBCE"	19570828	58
249180250	"WISŁA-GŁĘBCE"	19570829	2.3
249180250	"WISŁA-GŁĘBCE"	19570830	1.2
249180250	"WISŁA-GŁĘBCE"	19570831	2.3
249180250	"WISŁA-GŁĘBCE"	19570901	2.5
249180250	"WISŁA-GŁĘBCE"	19570902	10.2
249180250	"WISŁA-GŁĘBCE"	19570903	5.2
249180250	"WISŁA-GŁĘBCE"	19570904	13.2
249180250	"WISŁA-GŁĘBCE"	19570911	0.5
249180250	"WISŁA-GŁĘBCE"	19570912	1.5
249180250	"WISŁA-GŁĘBCE"	19570913	2
249180250	"WISŁA-GŁĘBCE"	19570914	10.5
249180250	"WISŁA-GŁĘBCE"	19570915	1
249180250	"WISŁA-GŁĘBCE"	19570917	2
249180250	"WISŁA-GŁĘBCE"	19570918	25.5
249180250	"WISŁA-GŁĘBCE"	19570919	3.2
249180250	"WISŁA-GŁĘBCE"	19570920	0.5
249180250	"WISŁA-GŁĘBCE"	19570922	1.5
249180250	"WISŁA-GŁĘBCE"	19570923	2.5
249180250	"WISŁA-GŁĘBCE"	19570924	12.5
249180250	"WISŁA-GŁĘBCE"	19570925	0.5
249180250	"WISŁA-GŁĘBCE"	19570926	2.5
249180250	"WISŁA-GŁĘBCE"	19570927	4
249180250	"WISŁA-GŁĘBCE"	19570928	11.2
249180250	"WISŁA-GŁĘBCE"	19570929	15
249180250	"WISŁA-GŁĘBCE"	19571005	2.5
249180250	"WISŁA-GŁĘBCE"	19571020	5.5
249180250	"WISŁA-GŁĘBCE"	19571021	2.5
249180250	"WISŁA-GŁĘBCE"	19571022	8.1
249180250	"WISŁA-GŁĘBCE"	19571023	1.2
249180250	"WISŁA-GŁĘBCE"	19571110	1.5
249180250	"WISŁA-GŁĘBCE"	19571111	0.5
249180250	"WISŁA-GŁĘBCE"	19571125	5.5
249180250	"WISŁA-GŁĘBCE"	19571127	2.1
249180250	"WISŁA-GŁĘBCE"	19571128	21.5
249180250	"WISŁA-GŁĘBCE"	19571129	5.5
249180250	"WISŁA-GŁĘBCE"	19571130	1
249180250	"WISŁA-GŁĘBCE"	19571201	1.2
249180250	"WISŁA-GŁĘBCE"	19571203	4.5
249180250	"WISŁA-GŁĘBCE"	19571204	9
249180250	"WISŁA-GŁĘBCE"	19571205	2.5
249180250	"WISŁA-GŁĘBCE"	19571207	7.5
249180250	"WISŁA-GŁĘBCE"	19571208	5.5
249180250	"WISŁA-GŁĘBCE"	19571209	6
249180250	"WISŁA-GŁĘBCE"	19571213	4.5
249180250	"WISŁA-GŁĘBCE"	19571214	8
249180250	"WISŁA-GŁĘBCE"	19571215	0
249180250	"WISŁA-GŁĘBCE"	19571228	0.2
249180250	"WISŁA-GŁĘBCE"	19580101	2
249180250	"WISŁA-GŁĘBCE"	19580102	1.5
249180250	"WISŁA-GŁĘBCE"	19580106	6.2
249180250	"WISŁA-GŁĘBCE"	19580107	12.5
249180250	"WISŁA-GŁĘBCE"	19580108	1
249180250	"WISŁA-GŁĘBCE"	19580109	0.5
249180250	"WISŁA-GŁĘBCE"	19580111	1.6
249180250	"WISŁA-GŁĘBCE"	19580115	4
249180250	"WISŁA-GŁĘBCE"	19580118	0.5
249180250	"WISŁA-GŁĘBCE"	19580119	6
249180250	"WISŁA-GŁĘBCE"	19580120	5.5
249180250	"WISŁA-GŁĘBCE"	19580123	4.2
249180250	"WISŁA-GŁĘBCE"	19580204	12
249180250	"WISŁA-GŁĘBCE"	19580205	13.2
249180250	"WISŁA-GŁĘBCE"	19580207	4.2
249180250	"WISŁA-GŁĘBCE"	19580211	1.2
249180250	"WISŁA-GŁĘBCE"	19580214	1.5
249180250	"WISŁA-GŁĘBCE"	19580215	0.5
249180250	"WISŁA-GŁĘBCE"	19580216	10.5
249180250	"WISŁA-GŁĘBCE"	19580218	0.5
249180250	"WISŁA-GŁĘBCE"	19580219	1.2
249180250	"WISŁA-GŁĘBCE"	19580220	8.1
249180250	"WISŁA-GŁĘBCE"	19580221	2
249180250	"WISŁA-GŁĘBCE"	19580222	9.1
249180250	"WISŁA-GŁĘBCE"	19580223	2.1
249180250	"WISŁA-GŁĘBCE"	19580224	0.8
249180250	"WISŁA-GŁĘBCE"	19580227	11
249180250	"WISŁA-GŁĘBCE"	19580228	1.1
249180250	"WISŁA-GŁĘBCE"	19580301	1.5
249180250	"WISŁA-GŁĘBCE"	19580302	10.5
249180250	"WISŁA-GŁĘBCE"	19580303	14.5
249180250	"WISŁA-GŁĘBCE"	19580304	1.5
249180250	"WISŁA-GŁĘBCE"	19580308	1
249180250	"WISŁA-GŁĘBCE"	19580311	14.5
249180250	"WISŁA-GŁĘBCE"	19580312	11
249180250	"WISŁA-GŁĘBCE"	19580313	1
249180250	"WISŁA-GŁĘBCE"	19580314	5.5
249180250	"WISŁA-GŁĘBCE"	19580315	2.5
249180250	"WISŁA-GŁĘBCE"	19580316	6
249180250	"WISŁA-GŁĘBCE"	19580317	7.5
249180250	"WISŁA-GŁĘBCE"	19580318	1
249180250	"WISŁA-GŁĘBCE"	19580320	2.5
249180250	"WISŁA-GŁĘBCE"	19580321	5
249180250	"WISŁA-GŁĘBCE"	19580322	1.2
249180250	"WISŁA-GŁĘBCE"	19580323	4
249180250	"WISŁA-GŁĘBCE"	19580328	1
249180250	"WISŁA-GŁĘBCE"	19580330	4
249180250	"WISŁA-GŁĘBCE"	19580331	0.3
249180250	"WISŁA-GŁĘBCE"	19580406	0.2
249180250	"WISŁA-GŁĘBCE"	19580407	0.2
249180250	"WISŁA-GŁĘBCE"	19580410	3
249180250	"WISŁA-GŁĘBCE"	19580411	1
249180250	"WISŁA-GŁĘBCE"	19580416	1.5
249180250	"WISŁA-GŁĘBCE"	19580417	15.5
249180250	"WISŁA-GŁĘBCE"	19580418	2.5
249180250	"WISŁA-GŁĘBCE"	19580419	12.5
249180250	"WISŁA-GŁĘBCE"	19580420	1
249180250	"WISŁA-GŁĘBCE"	19580421	18
249180250	"WISŁA-GŁĘBCE"	19580422	8.5
249180250	"WISŁA-GŁĘBCE"	19580424	0.5
249180250	"WISŁA-GŁĘBCE"	19580427	3
249180250	"WISŁA-GŁĘBCE"	19580503	7.5
249180250	"WISŁA-GŁĘBCE"	19580504	1.5
249180250	"WISŁA-GŁĘBCE"	19580507	8.9
249180250	"WISŁA-GŁĘBCE"	19580508	10.5
249180250	"WISŁA-GŁĘBCE"	19580509	2
249180250	"WISŁA-GŁĘBCE"	19580510	0.5
249180250	"WISŁA-GŁĘBCE"	19580519	5
249180250	"WISŁA-GŁĘBCE"	19580523	2
249180250	"WISŁA-GŁĘBCE"	19580528	25
249180250	"WISŁA-GŁĘBCE"	19580529	1.5
249180250	"WISŁA-GŁĘBCE"	19580531	2.5
249180250	"WISŁA-GŁĘBCE"	19580603	3
249180250	"WISŁA-GŁĘBCE"	19580605	10
249180250	"WISŁA-GŁĘBCE"	19580606	2.5
249180250	"WISŁA-GŁĘBCE"	19580610	4
249180250	"WISŁA-GŁĘBCE"	19580611	3.5
249180250	"WISŁA-GŁĘBCE"	19580612	2.5
249180250	"WISŁA-GŁĘBCE"	19580613	1.5
249180250	"WISŁA-GŁĘBCE"	19580618	2
249180250	"WISŁA-GŁĘBCE"	19580620	2.5
249180250	"WISŁA-GŁĘBCE"	19580621	3.5
249180250	"WISŁA-GŁĘBCE"	19580623	5.5
249180250	"WISŁA-GŁĘBCE"	19580624	6.5
249180250	"WISŁA-GŁĘBCE"	19580625	1.5
249180250	"WISŁA-GŁĘBCE"	19580627	10.2
249180250	"WISŁA-GŁĘBCE"	19580628	50.3
249180250	"WISŁA-GŁĘBCE"	19580629	85
249180250	"WISŁA-GŁĘBCE"	19580630	2.5
249180250	"WISŁA-GŁĘBCE"	19580702	2
249180250	"WISŁA-GŁĘBCE"	19580703	20
249180250	"WISŁA-GŁĘBCE"	19580704	30
249180250	"WISŁA-GŁĘBCE"	19580705	2
249180250	"WISŁA-GŁĘBCE"	19580706	4.2
249180250	"WISŁA-GŁĘBCE"	19580708	4.2
249180250	"WISŁA-GŁĘBCE"	19580714	2.5
249180250	"WISŁA-GŁĘBCE"	19580718	28
249180250	"WISŁA-GŁĘBCE"	19580723	25
249180250	"WISŁA-GŁĘBCE"	19580725	2.5
249180250	"WISŁA-GŁĘBCE"	19580802	7.3
249180250	"WISŁA-GŁĘBCE"	19580803	4.1
249180250	"WISŁA-GŁĘBCE"	19580807	8
249180250	"WISŁA-GŁĘBCE"	19580808	38.2
249180250	"WISŁA-GŁĘBCE"	19580812	12
249180250	"WISŁA-GŁĘBCE"	19580814	0.5
249180250	"WISŁA-GŁĘBCE"	19580815	0.7
249180250	"WISŁA-GŁĘBCE"	19580816	0.5
249180250	"WISŁA-GŁĘBCE"	19580817	4.1
249180250	"WISŁA-GŁĘBCE"	19580818	0.7
249180250	"WISŁA-GŁĘBCE"	19580819	14
249180250	"WISŁA-GŁĘBCE"	19580820	9.7
249180250	"WISŁA-GŁĘBCE"	19580821	1.2
249180250	"WISŁA-GŁĘBCE"	19580822	15
249180250	"WISŁA-GŁĘBCE"	19580824	3
249180250	"WISŁA-GŁĘBCE"	19580825	2.1
249180250	"WISŁA-GŁĘBCE"	19580826	13
249180250	"WISŁA-GŁĘBCE"	19580827	1
249180250	"WISŁA-GŁĘBCE"	19580830	1.5
249180250	"WISŁA-GŁĘBCE"	19580831	3.5
249180250	"WISŁA-GŁĘBCE"	19580909	0.1
249180250	"WISŁA-GŁĘBCE"	19580911	25
249180250	"WISŁA-GŁĘBCE"	19580912	2.3
249180250	"WISŁA-GŁĘBCE"	19580913	0.4
249180250	"WISŁA-GŁĘBCE"	19580916	1
249180250	"WISŁA-GŁĘBCE"	19580918	0.1
249180250	"WISŁA-GŁĘBCE"	19580921	6
249180250	"WISŁA-GŁĘBCE"	19580922	12
249180250	"WISŁA-GŁĘBCE"	19580924	2
249180250	"WISŁA-GŁĘBCE"	19580925	3.5
249180250	"WISŁA-GŁĘBCE"	19580926	0.3
249180250	"WISŁA-GŁĘBCE"	19580927	2.5
249180250	"WISŁA-GŁĘBCE"	19581001	1
249180250	"WISŁA-GŁĘBCE"	19581002	15
249180250	"WISŁA-GŁĘBCE"	19581003	1.5
249180250	"WISŁA-GŁĘBCE"	19581007	9.7
249180250	"WISŁA-GŁĘBCE"	19581008	1.5
249180250	"WISŁA-GŁĘBCE"	19581012	16
249180250	"WISŁA-GŁĘBCE"	19581013	36
249180250	"WISŁA-GŁĘBCE"	19581014	27.1
249180250	"WISŁA-GŁĘBCE"	19581015	12.1
249180250	"WISŁA-GŁĘBCE"	19581016	22.2
249180250	"WISŁA-GŁĘBCE"	19581017	12
249180250	"WISŁA-GŁĘBCE"	19581018	12.5
249180250	"WISŁA-GŁĘBCE"	19581019	3.5
249180250	"WISŁA-GŁĘBCE"	19581101	1.5
249180250	"WISŁA-GŁĘBCE"	19581103	1.2
249180250	"WISŁA-GŁĘBCE"	19581108	0.5
249180250	"WISŁA-GŁĘBCE"	19581109	5.2
249180250	"WISŁA-GŁĘBCE"	19581110	15.2
249180250	"WISŁA-GŁĘBCE"	19581115	2.1
249180250	"WISŁA-GŁĘBCE"	19581129	0.2
249180250	"WISŁA-GŁĘBCE"	19581130	2.3
249180250	"WISŁA-GŁĘBCE"	19581201	3.2
249180250	"WISŁA-GŁĘBCE"	19581204	1.5
249180250	"WISŁA-GŁĘBCE"	19581205	4.5
249180250	"WISŁA-GŁĘBCE"	19581206	7
249180250	"WISŁA-GŁĘBCE"	19581207	1.5
249180250	"WISŁA-GŁĘBCE"	19581214	17
249180250	"WISŁA-GŁĘBCE"	19581216	1.2
249180250	"WISŁA-GŁĘBCE"	19581225	12.5
249180250	"WISŁA-GŁĘBCE"	19581228	9.2
